train_loss$0$0.971781640625//
train_individual_losses$0$tensor([0.3587, 1.8523, 0.3237, 0.7346, 0.7303, 0.5273, 1.4143, 0.6890, 1.2334,
        1.8542])//
train_examples$0$10000.0//
train_loss$2000$0.02234131591796875//
train_individual_losses$2000$tensor([0.0143, 0.0818, 0.0054, 0.0147, 0.0132, 0.0055, 0.0220, 0.0136, 0.0273,
        0.0257])//
train_examples$2000$10000.0//
train_loss$4000$0.004998201599121094//
train_individual_losses$4000$tensor([0.0032, 0.0119, 0.0023, 0.0055, 0.0052, 0.0024, 0.0051, 0.0043, 0.0050,
        0.0050])//
train_examples$4000$10000.0//
train_loss$6000$0.002337284698486328//
train_individual_losses$6000$tensor([0.0019, 0.0023, 0.0014, 0.0030, 0.0030, 0.0010, 0.0030, 0.0022, 0.0028,
        0.0028])//
train_examples$6000$10000.0//
train_loss$8000$0.0012447220611572266//
train_individual_losses$8000$tensor([0.0013, 0.0009, 0.0009, 0.0014, 0.0015, 0.0004, 0.0019, 0.0013, 0.0014,
        0.0015])//
train_examples$8000$10000.0//
train_loss$10000$0.0007340880584716797//
train_individual_losses$10000$tensor([0.0008, 0.0005, 0.0006, 0.0008, 0.0010, 0.0001, 0.0012, 0.0007, 0.0008,
        0.0008])//
train_examples$10000$10000.0//
train_loss$12000$0.00045207576751708984//
train_individual_losses$12000$tensor([5.2866e-04, 3.1320e-04, 4.0600e-04, 4.6116e-04, 6.2241e-04, 8.5912e-05,
        5.7298e-04, 4.8201e-04, 4.6282e-04, 5.8561e-04])//
train_examples$12000$10000.0//
train_loss$14000$0.0002916641426086426//
train_individual_losses$14000$tensor([2.8244e-04, 2.4067e-04, 2.8724e-04, 2.7138e-04, 4.2608e-04, 6.5797e-05,
        3.1998e-04, 3.5347e-04, 2.7257e-04, 3.9701e-04])//
train_examples$14000$10000.0//
train_loss$16000$0.00021774511337280275//
train_individual_losses$16000$tensor([1.8925e-04, 1.9839e-04, 2.1562e-04, 2.0163e-04, 3.1683e-04, 5.7621e-05,
        2.2987e-04, 3.0289e-04, 1.5537e-04, 3.1000e-04])//
train_examples$16000$10000.0//
train_loss$18000$0.00017889453887939453//
train_individual_losses$18000$tensor([1.5238e-04, 1.7039e-04, 1.7481e-04, 1.6999e-04, 2.5022e-04, 5.0164e-05,
        1.8664e-04, 2.7664e-04, 9.1188e-05, 2.6651e-04])//
train_examples$18000$10000.0//
train_loss$20000$0.00015515392303466796//
train_individual_losses$20000$tensor([1.3112e-04, 1.5095e-04, 1.4871e-04, 1.5632e-04, 2.1502e-04, 4.2953e-05,
        1.5968e-04, 2.5466e-04, 5.8901e-05, 2.3322e-04])//
train_examples$20000$10000.0//
train_loss$22000$0.00013729901313781737//
train_individual_losses$22000$tensor([1.1517e-04, 1.3298e-04, 1.3272e-04, 1.4519e-04, 1.9536e-04, 3.7821e-05,
        1.4472e-04, 2.3248e-04, 3.9032e-05, 1.9752e-04])//
train_examples$22000$10000.0//
train_loss$24000$0.0001234770965576172//
train_individual_losses$24000$tensor([1.0510e-04, 9.7027e-05, 1.2400e-04, 1.3613e-04, 1.8142e-04, 3.6225e-05,
        1.3590e-04, 2.2328e-04, 2.5702e-05, 1.6999e-04])//
train_examples$24000$10000.0//
train_loss$26000$0.00011001924514770508//
train_individual_losses$26000$tensor([9.6987e-05, 5.2269e-05, 1.1933e-04, 1.3024e-04, 1.5916e-04, 2.2580e-05,
        1.2902e-04, 2.1905e-04, 1.8829e-05, 1.5274e-04])//
train_examples$26000$10000.0//
train_loss$28000$9.987277030944824e-05//
train_individual_losses$28000$tensor([8.9133e-05, 3.4502e-05, 1.1540e-04, 1.2575e-04, 1.2505e-04, 1.5625e-05,
        1.2123e-04, 2.1635e-04, 1.3423e-05, 1.4226e-04])//
train_examples$28000$10000.0//
train_loss$30000$9.403651237487792e-05//
train_individual_losses$30000$tensor([8.2942e-05, 2.6868e-05, 1.1304e-04, 1.2104e-04, 1.0756e-04, 1.2210e-05,
        1.1625e-04, 2.1481e-04, 1.0218e-05, 1.3543e-04])//
train_examples$30000$10000.0//
train_loss$32000$8.867668151855469e-05//
train_individual_losses$32000$tensor([7.7484e-05, 2.3290e-05, 1.1104e-04, 1.1777e-04, 8.2589e-05, 1.0488e-05,
        1.1210e-04, 2.1363e-04, 8.8767e-06, 1.2950e-04])//
train_examples$32000$10000.0//
train_loss$34000$8.448281288146973e-05//
train_individual_losses$34000$tensor([7.2982e-05, 2.0906e-05, 1.0868e-04, 1.1411e-04, 6.4420e-05, 9.1481e-06,
        1.0869e-04, 2.1429e-04, 8.1415e-06, 1.2346e-04])//
train_examples$34000$10000.0//
train_loss$36000$8.11739730834961e-05//
train_individual_losses$36000$tensor([6.8042e-05, 1.9630e-05, 1.0746e-04, 1.0945e-04, 5.4310e-05, 8.2779e-06,
        1.0624e-04, 2.1276e-04, 7.6394e-06, 1.1792e-04])//
train_examples$36000$10000.0//
train_loss$38000$7.830254077911377e-05//
train_individual_losses$38000$tensor([6.3426e-05, 1.7945e-05, 1.0542e-04, 1.0516e-04, 4.9060e-05, 7.8392e-06,
        1.0253e-04, 2.1225e-04, 7.1327e-06, 1.1226e-04])//
train_examples$38000$10000.0//
train_loss$40000$7.59073543548584e-05//
train_individual_losses$40000$tensor([5.9423e-05, 1.6595e-05, 1.0388e-04, 1.0157e-04, 4.4408e-05, 7.0836e-06,
        9.9307e-05, 2.1296e-04, 6.9437e-06, 1.0692e-04])//
train_examples$40000$10000.0//
train_loss$42000$7.333677291870117e-05//
train_individual_losses$42000$tensor([5.4777e-05, 1.5052e-05, 1.0373e-04, 9.5824e-05, 4.0825e-05, 6.5940e-06,
        9.6270e-05, 2.1281e-04, 6.4657e-06, 1.0102e-04])//
train_examples$42000$10000.0//
train_loss$44000$7.071088790893555e-05//
train_individual_losses$44000$tensor([5.0042e-05, 1.3292e-05, 1.0104e-04, 9.0962e-05, 3.8264e-05, 6.2739e-06,
        9.3176e-05, 2.1239e-04, 6.1882e-06, 9.5480e-05])//
train_examples$44000$10000.0//
train_loss$46000$6.837834358215332e-05//
train_individual_losses$46000$tensor([4.6442e-05, 1.2190e-05, 9.9225e-05, 8.6330e-05, 3.5115e-05, 6.0674e-06,
        9.0266e-05, 2.1242e-04, 5.9659e-06, 8.9760e-05])//
train_examples$46000$10000.0//
train_loss$48000$6.589512825012208e-05//
train_individual_losses$48000$tensor([4.1703e-05, 1.1129e-05, 9.7763e-05, 8.2365e-05, 3.2612e-05, 5.6050e-06,
        8.7285e-05, 2.1141e-04, 5.7270e-06, 8.3349e-05])//
train_examples$48000$10000.0//
train_loss$50000$6.374720573425293e-05//
train_individual_losses$50000$tensor([3.7862e-05, 1.0523e-05, 9.6529e-05, 7.8169e-05, 3.0500e-05, 5.7366e-06,
        8.4770e-05, 2.1118e-04, 5.5125e-06, 7.6690e-05])//
train_examples$50000$10000.0//
train_loss$52000$6.218194484710693e-05//
train_individual_losses$52000$tensor([3.4752e-05, 1.0067e-05, 9.6307e-05, 7.5359e-05, 2.8612e-05, 5.2100e-06,
        8.2982e-05, 2.1182e-04, 5.2535e-06, 7.1460e-05])//
train_examples$52000$10000.0//
train_loss$54000$5.997927665710449e-05//
train_individual_losses$54000$tensor([3.1066e-05, 9.4471e-06, 9.4706e-05, 7.1502e-05, 2.6360e-05, 5.3062e-06,
        7.9560e-05, 2.1089e-04, 5.0908e-06, 6.5870e-05])//
train_examples$54000$10000.0//
train_loss$56000$5.8165082931518555e-05//
train_individual_losses$56000$tensor([2.8261e-05, 9.1575e-06, 9.3369e-05, 6.7726e-05, 2.3989e-05, 4.9905e-06,
        7.7066e-05, 2.1065e-04, 4.9299e-06, 6.1516e-05])//
train_examples$56000$10000.0//
train_loss$58000$5.668297290802002e-05//
train_individual_losses$58000$tensor([2.5153e-05, 8.5888e-06, 9.3030e-05, 6.5049e-05, 2.2280e-05, 4.8632e-06,
        7.5449e-05, 2.1122e-04, 4.8469e-06, 5.6347e-05])//
train_examples$58000$10000.0//
train_loss$60000$5.508082389831543e-05//
train_individual_losses$60000$tensor([2.3013e-05, 7.9748e-06, 9.2209e-05, 6.2351e-05, 2.0182e-05, 4.7813e-06,
        7.3041e-05, 2.1094e-04, 4.7344e-06, 5.1583e-05])//
train_examples$60000$10000.0//
train_loss$62000$5.3714385032653805e-05//
train_individual_losses$62000$tensor([2.1136e-05, 7.7091e-06, 9.2250e-05, 5.9920e-05, 1.8285e-05, 4.6749e-06,
        7.1547e-05, 2.1034e-04, 4.4946e-06, 4.6791e-05])//
train_examples$62000$10000.0//
train_loss$64000$5.243672370910645e-05//
train_individual_losses$64000$tensor([1.9362e-05, 7.2111e-06, 9.1251e-05, 5.8761e-05, 1.6800e-05, 4.6838e-06,
        6.9250e-05, 2.1019e-04, 4.3929e-06, 4.2462e-05])//
train_examples$64000$10000.0//
train_loss$66000$5.096752166748047e-05//
train_individual_losses$66000$tensor([1.7948e-05, 7.0458e-06, 9.0826e-05, 5.6628e-05, 1.5211e-05, 4.5981e-06,
        6.7479e-05, 2.1019e-04, 4.2858e-06, 3.5459e-05])//
train_examples$66000$10000.0//
train_loss$68000$5.012993335723877e-05//
train_individual_losses$68000$tensor([1.6610e-05, 6.8946e-06, 9.1107e-05, 5.6032e-05, 1.3931e-05, 4.5129e-06,
        6.6994e-05, 2.1234e-04, 4.1481e-06, 2.8728e-05])//
train_examples$68000$10000.0//
train_loss$70000$4.876706123352051e-05//
train_individual_losses$70000$tensor([1.5540e-05, 6.8558e-06, 9.0407e-05, 5.4085e-05, 1.2937e-05, 4.5302e-06,
        6.3534e-05, 2.1049e-04, 4.0295e-06, 2.5261e-05])//
train_examples$70000$10000.0//
train_loss$72000$4.80034351348877e-05//
train_individual_losses$72000$tensor([1.4709e-05, 6.8183e-06, 9.0650e-05, 5.2725e-05, 1.1826e-05, 4.5386e-06,
        6.1640e-05, 2.0973e-04, 3.8521e-06, 2.3548e-05])//
train_examples$72000$10000.0//
train_loss$74000$4.7214603424072265e-05//
train_individual_losses$74000$tensor([1.4127e-05, 6.5863e-06, 9.0094e-05, 5.1021e-05, 1.0815e-05, 4.5500e-06,
        5.9512e-05, 2.0977e-04, 3.8151e-06, 2.1856e-05])//
train_examples$74000$10000.0//
train_loss$76000$4.672674179077149e-05//
train_individual_losses$76000$tensor([1.3517e-05, 6.5069e-06, 8.9811e-05, 5.0246e-05, 1.0257e-05, 4.4956e-06,
        5.7525e-05, 2.1068e-04, 3.6154e-06, 2.0618e-05])//
train_examples$76000$10000.0//
train_loss$78000$4.610194683074951e-05//
train_individual_losses$78000$tensor([1.2914e-05, 6.4296e-06, 9.0203e-05, 4.9080e-05, 9.0903e-06, 4.3067e-06,
        5.5306e-05, 2.1040e-04, 3.5640e-06, 1.9725e-05])//
train_examples$78000$10000.0//
train_loss$80000$4.557727813720703e-05//
train_individual_losses$80000$tensor([1.2347e-05, 6.3333e-06, 8.9250e-05, 4.8139e-05, 8.5286e-06, 4.3834e-06,
        5.3588e-05, 2.1118e-04, 3.3877e-06, 1.8637e-05])//
train_examples$80000$10000.0//
train_loss$82000$4.499600410461426e-05//
train_individual_losses$82000$tensor([1.1848e-05, 6.3513e-06, 8.8767e-05, 4.7272e-05, 7.6989e-06, 4.2678e-06,
        5.2176e-05, 2.1056e-04, 3.2925e-06, 1.7730e-05])//
train_examples$82000$10000.0//
train_loss$84000$4.450362205505371e-05//
train_individual_losses$84000$tensor([1.1692e-05, 6.2545e-06, 8.8818e-05, 4.6726e-05, 7.0024e-06, 4.5954e-06,
        5.0277e-05, 2.0963e-04, 3.1936e-06, 1.6850e-05])//
train_examples$84000$10000.0//
train_loss$86000$4.4036531448364255e-05//
train_individual_losses$86000$tensor([1.1339e-05, 6.1457e-06, 8.9178e-05, 4.5842e-05, 6.4536e-06, 4.2218e-06,
        4.8706e-05, 2.0916e-04, 3.0992e-06, 1.6216e-05])//
train_examples$86000$10000.0//
train_loss$88000$4.362126350402832e-05//
train_individual_losses$88000$tensor([1.1099e-05, 6.1061e-06, 8.9207e-05, 4.4711e-05, 5.8688e-06, 4.1637e-06,
        4.7343e-05, 2.0921e-04, 2.9637e-06, 1.5539e-05])//
train_examples$88000$10000.0//
train_loss$90000$4.3396506309509275e-05//
train_individual_losses$90000$tensor([1.0788e-05, 6.1310e-06, 8.8591e-05, 4.4564e-05, 5.4544e-06, 4.1859e-06,
        4.7071e-05, 2.0929e-04, 2.9074e-06, 1.4983e-05])//
train_examples$90000$10000.0//
train_loss$92000$4.309544563293457e-05//
train_individual_losses$92000$tensor([1.0803e-05, 6.1611e-06, 8.8700e-05, 4.3360e-05, 4.9790e-06, 4.1296e-06,
        4.5368e-05, 2.1006e-04, 2.8429e-06, 1.4551e-05])//
train_examples$92000$10000.0//
train_loss$94000$4.258459568023682e-05//
train_individual_losses$94000$tensor([1.0561e-05, 6.0290e-06, 8.8074e-05, 4.2262e-05, 4.5525e-06, 4.2430e-06,
        4.4220e-05, 2.0914e-04, 2.7928e-06, 1.3971e-05])//
train_examples$94000$10000.0//
train_loss$96000$4.235910892486572e-05//
train_individual_losses$96000$tensor([1.0163e-05, 6.0022e-06, 8.8117e-05, 4.1071e-05, 4.1384e-06, 4.1022e-06,
        4.3412e-05, 2.1050e-04, 2.7514e-06, 1.3332e-05])//
train_examples$96000$10000.0//
train_loss$98000$4.2002315521240234e-05//
train_individual_losses$98000$tensor([1.0057e-05, 6.0030e-06, 8.8289e-05, 4.0384e-05, 3.7248e-06, 4.2872e-06,
        4.2790e-05, 2.0899e-04, 2.5898e-06, 1.2904e-05])//
train_examples$98000$10000.0//
train_loss$100000$4.171802520751953e-05//
train_individual_losses$100000$tensor([9.9692e-06, 5.9195e-06, 8.7761e-05, 3.9654e-05, 3.4187e-06, 4.0345e-06,
        4.2347e-05, 2.0885e-04, 2.6235e-06, 1.2600e-05])//
train_examples$100000$10000.0