train_loss$0$0.558942529296875//
train_individual_losses$0$tensor([0.5546, 0.6701, 0.6214, 0.5598, 0.6140, 0.5251, 0.5342, 0.5311, 0.5747,
        0.3616, 0.6282, 0.6118, 0.5346, 0.5238, 0.5463, 0.5818, 0.4644, 0.6441,
        0.5818, 0.5153])//
train_examples$0$8000.0//
train_loss$1600$0.001914128303527832//
train_individual_losses$1600$tensor([2.0061e-03, 9.7415e-04, 6.9966e-05, 4.0724e-03, 2.6341e-03, 6.8499e-04,
        9.9770e-05, 1.0626e-03, 2.3666e-03, 1.4507e-04, 3.1808e-03, 1.5392e-03,
        1.9920e-03, 5.8489e-03, 6.7750e-05, 1.9566e-03, 6.6869e-04, 7.3459e-04,
        4.2361e-03, 3.9422e-03])//
train_examples$1600$8000.0//
train_loss$3200$0.000250026273727417//
train_individual_losses$3200$tensor([3.5965e-04, 7.0776e-05, 6.5323e-07, 7.0745e-04, 3.3336e-04, 8.9709e-05,
        1.6559e-06, 2.3703e-04, 5.2258e-04, 7.2947e-07, 3.6415e-04, 2.7459e-06,
        3.1029e-04, 8.8467e-04, 1.3542e-06, 2.7863e-04, 3.2954e-05, 5.4792e-06,
        5.3866e-05, 7.4280e-04])//
train_examples$3200$8000.0//
train_loss$4800$0.00010295710563659668//
train_individual_losses$4800$tensor([1.9726e-04, 9.4462e-06, 3.2900e-08, 2.5866e-04, 1.5039e-04, 4.5447e-05,
        2.0662e-07, 1.2673e-04, 2.3813e-04, 4.9761e-08, 1.9462e-04, 4.6298e-07,
        7.9578e-05, 3.6746e-04, 1.9537e-07, 9.5582e-05, 6.0675e-06, 1.9879e-07,
        5.1646e-06, 2.8345e-04])//
train_examples$4800$8000.0//
train_loss$6400$4.523995816707611e-05//
train_individual_losses$6400$tensor([1.0051e-04, 7.6568e-09, 2.9487e-09, 8.4848e-05, 5.5763e-05, 2.2227e-05,
        3.1181e-08, 5.5587e-05, 1.3025e-04, 7.7075e-09, 9.0237e-05, 1.3539e-07,
        2.0260e-05, 1.7278e-04, 3.5594e-08, 2.7772e-05, 5.3160e-07, 1.5898e-08,
        7.3647e-07, 1.4307e-04])//
train_examples$6400$8000.0//
train_loss$8000$2.1844126284122468e-05//
train_individual_losses$8000$tensor([4.3766e-05, 5.0217e-10, 3.1470e-10, 2.9259e-05, 1.8908e-05, 8.4727e-06,
        1.0037e-08, 2.0900e-05, 7.7789e-05, 1.2704e-09, 3.6573e-05, 2.8190e-08,
        5.3146e-06, 1.0239e-04, 5.4885e-09, 7.9385e-06, 1.6514e-08, 2.0959e-09,
        6.5864e-08, 8.5441e-05])//
train_examples$8000$8000.0//
train_loss$9600$1.0396410524845123e-05//
train_individual_losses$9600$tensor([1.7313e-05, 1.2044e-10, 1.5461e-09, 9.6479e-06, 5.7259e-06, 2.5291e-06,
        4.0706e-08, 6.7115e-06, 4.4810e-05, 6.9791e-11, 3.8356e-06, 6.6862e-07,
        1.2466e-06, 6.2962e-05, 1.7006e-09, 1.5775e-06, 4.5575e-08, 4.9635e-09,
        3.1633e-08, 5.0774e-05])//
train_examples$9600$8000.0//
train_loss$11200$4.982438310980797e-06//
train_individual_losses$11200$tensor([5.4749e-06, 2.8804e-08, 3.9415e-08, 2.9136e-06, 1.5328e-06, 1.0058e-06,
        1.2987e-09, 1.6197e-06, 2.3320e-05, 1.9656e-10, 2.1888e-07, 1.8724e-09,
        2.9471e-07, 3.4526e-05, 3.4711e-10, 3.7772e-07, 9.2504e-10, 7.7469e-07,
        2.6635e-08, 2.7490e-05])//
train_examples$11200$8000.0//
train_loss$12800$2.5094488635659217e-06//
train_individual_losses$12800$tensor([1.6741e-06, 5.9495e-09, 6.3063e-08, 7.8627e-07, 5.8566e-07, 5.7724e-07,
        2.9220e-07, 5.1581e-07, 1.1938e-05, 9.1724e-10, 5.7718e-11, 1.4005e-08,
        6.2414e-08, 1.9087e-05, 1.3204e-11, 7.0084e-08, 2.8296e-09, 1.9862e-08,
        2.5968e-08, 1.4467e-05])//
train_examples$12800$8000.0//
train_loss$14400$1.4332359656691552e-06//
train_individual_losses$14400$tensor([4.9561e-07, 1.2668e-09, 4.2198e-06, 3.2979e-07, 1.8724e-07, 1.2073e-07,
        7.8380e-11, 2.7236e-07, 5.9608e-06, 2.8248e-07, 3.0023e-11, 1.2737e-07,
        1.2516e-07, 9.0316e-06, 1.9612e-11, 1.7289e-08, 1.4271e-11, 4.6488e-08,
        8.7821e-11, 7.4465e-06])//
train_examples$14400$8000.0//
train_loss$16000$7.951406762003899e-07//
train_individual_losses$16000$tensor([2.8316e-07, 3.1689e-09, 4.2161e-10, 1.7251e-07, 9.5194e-08, 2.5405e-07,
        5.9233e-11, 2.3889e-07, 3.0745e-06, 1.5613e-06, 9.0563e-12, 1.0379e-08,
        1.1805e-07, 4.5613e-06, 1.1307e-06, 7.6388e-09, 1.0637e-11, 9.7898e-08,
        6.2896e-07, 3.6646e-06])//
train_examples$16000$8000.0//
train_loss$17600$5.457615479826927e-07//
train_individual_losses$17600$tensor([7.0199e-08, 2.0433e-11, 2.8998e-07, 2.6150e-07, 7.2534e-08, 1.7380e-08,
        1.2398e-10, 3.1754e-08, 1.4597e-06, 3.9693e-10, 1.5270e-11, 2.2017e-08,
        9.7165e-09, 2.5150e-06, 3.6263e-09, 1.9733e-06, 1.0869e-11, 1.8568e-09,
        1.2758e-08, 4.1734e-06])//
train_examples$17600$8000.0//
train_loss$19200$1.980183646082878e-07//
train_individual_losses$19200$tensor([6.1215e-07, 2.1159e-10, 3.7928e-08, 2.3996e-08, 3.0337e-08, 3.3284e-08,
        2.6380e-08, 2.2981e-08, 6.8698e-07, 3.1890e-07, 6.9051e-08, 8.0365e-09,
        3.2557e-09, 1.0870e-06, 1.9083e-11, 1.5728e-09, 7.7647e-08, 8.2601e-11,
        4.3890e-09, 9.1619e-07])//
train_examples$19200$8000.0//
train_loss$20800$1.1315756710246206e-07//
train_individual_losses$20800$tensor([1.2761e-08, 2.0793e-10, 1.2128e-11, 2.9329e-07, 2.0274e-08, 2.8686e-07,
        2.1744e-11, 6.4789e-09, 4.7614e-07, 9.9902e-09, 2.0078e-08, 1.2869e-11,
        5.0020e-09, 4.9655e-07, 7.4327e-09, 1.3592e-08, 3.0625e-09, 1.3852e-07,
        1.5499e-08, 4.5736e-07])//
train_examples$20800$8000.0//
train_loss$22400$4.2961761355400087e-07//
train_individual_losses$22400$tensor([7.0726e-09, 7.4068e-07, 4.0129e-10, 1.4144e-08, 7.2879e-09, 2.3187e-06,
        7.3113e-11, 4.0629e-07, 9.3847e-07, 9.7285e-07, 1.9463e-07, 3.8343e-11,
        1.3663e-09, 2.4895e-07, 1.2004e-07, 2.2458e-06, 1.1706e-11, 1.3015e-07,
        1.8117e-08, 2.2722e-07])//
train_examples$22400$8000.0//
train_loss$24000$3.884416073560715e-07//
train_individual_losses$24000$tensor([5.1872e-08, 6.3401e-11, 6.5849e-10, 4.4609e-09, 4.1779e-09, 4.9271e-09,
        3.1447e-08, 1.6523e-06, 4.0413e-06, 1.6055e-09, 3.0774e-07, 2.4726e-08,
        4.6582e-08, 1.3115e-06, 7.5796e-08, 1.7025e-08, 7.5909e-08, 2.3665e-09,
        6.1176e-10, 1.1372e-07])//
train_examples$24000$8000.0//
train_loss$25600$5.436625331640243e-07//
train_individual_losses$25600$tensor([1.4901e-09, 3.6579e-09, 6.4752e-07, 3.0938e-08, 1.5359e-08, 3.5884e-07,
        1.3969e-08, 9.1988e-10, 3.9787e-08, 5.0421e-10, 2.3210e-06, 5.1443e-07,
        6.7968e-10, 2.2366e-07, 4.5852e-06, 1.0110e-06, 1.0469e-06, 1.6841e-10,
        1.3856e-11, 5.7199e-08])//
train_examples$25600$8000.0//
train_loss$27200$1.1686444049701094e-07//
train_individual_losses$27200$tensor([2.3222e-07, 1.5057e-07, 6.4555e-08, 5.0183e-09, 4.2558e-08, 9.3924e-10,
        2.3723e-07, 1.0464e-06, 1.9508e-08, 1.7309e-09, 4.0510e-07, 6.0076e-10,
        3.9496e-10, 2.8550e-08, 3.3694e-08, 3.7737e-08, 1.7053e-09, 1.7618e-11,
        9.5698e-11, 2.8632e-08])//
train_examples$27200$8000.0//
train_loss$28800$7.685121381655335e-08//
train_individual_losses$28800$tensor([1.1737e-09, 2.7271e-07, 9.9037e-09, 2.8751e-07, 9.8888e-10, 6.0976e-10,
        2.2197e-11, 4.8352e-10, 6.2212e-08, 6.8141e-10, 3.4323e-10, 3.0337e-11,
        4.7686e-07, 1.4301e-08, 2.7826e-08, 2.5297e-10, 3.8195e-10, 5.0969e-09,
        3.6062e-07, 1.5014e-08])//
train_examples$28800$8000.0//
train_loss$30400$2.0493045449256896e-07//
train_individual_losses$30400$tensor([1.5891e-06, 1.3744e-08, 9.4417e-12, 1.0365e-09, 8.0578e-10, 5.0813e-08,
        1.5873e-07, 4.8930e-10, 4.7751e-09, 2.5273e-07, 8.7567e-12, 1.2570e-10,
        1.2854e-10, 1.9923e-06, 1.3501e-10, 4.5111e-11, 1.1303e-11, 1.0665e-08,
        1.5561e-08, 7.3325e-09])//
train_examples$30400$8000.0//
train_loss$32000$5.528319743461907e-08//
train_individual_losses$32000$tensor([8.9878e-07, 4.2928e-08, 8.3690e-12, 1.4536e-09, 2.3104e-08, 5.8534e-08,
        6.6187e-10, 3.9586e-10, 3.1211e-09, 1.0044e-09, 9.4706e-10, 1.7269e-11,
        2.0514e-10, 3.8347e-09, 3.0214e-08, 7.9285e-11, 7.3584e-11, 2.7347e-10,
        7.3291e-11, 3.9956e-08])//
train_examples$32000$8000.0//
train_loss$33600$5.57832047343254e-07//
train_individual_losses$33600$tensor([1.0599e-08, 1.6643e-09, 1.3686e-10, 3.9503e-08, 4.4055e-10, 6.4474e-10,
        1.9485e-08, 3.6313e-08, 1.2316e-09, 4.4996e-11, 6.1192e-10, 2.9893e-06,
        7.0678e-07, 5.8820e-06, 5.4136e-09, 1.4508e-06, 2.4038e-11, 8.6913e-09,
        3.2626e-11, 2.9875e-09])//
train_examples$33600$8000.0//
train_loss$35200$1.0851604165509344e-07//
train_individual_losses$35200$tensor([4.9457e-10, 3.3472e-07, 3.6393e-08, 7.3982e-08, 3.7963e-07, 3.4004e-09,
        2.4899e-07, 2.5906e-09, 1.1023e-09, 8.1564e-10, 2.6002e-11, 5.1670e-07,
        9.4940e-11, 5.6507e-07, 4.5174e-09, 3.3575e-11, 7.0572e-10, 3.2109e-11,
        3.2844e-11, 1.0021e-09])//
train_examples$35200$8000.0//
train_loss$36800$4.847014206461608e-08//
train_individual_losses$36800$tensor([7.5037e-09, 1.0458e-09, 3.0796e-09, 5.4322e-09, 1.9231e-09, 3.7683e-09,
        1.2746e-11, 1.3427e-07, 1.7901e-08, 2.7574e-11, 3.1973e-11, 2.2328e-10,
        3.4037e-07, 2.7638e-09, 4.0010e-08, 3.8607e-11, 6.3381e-08, 5.4578e-11,
        3.4703e-07, 5.3975e-10])//
train_examples$36800$8000.0//
train_loss$38400$1.0376635007560254e-06//
train_individual_losses$38400$tensor([1.6905e-10, 7.4927e-09, 7.0157e-09, 2.3593e-08, 2.8237e-07, 1.4955e-05,
        1.4738e-10, 7.6792e-09, 7.6839e-09, 4.8417e-06, 1.1444e-07, 1.2061e-07,
        1.2398e-10, 7.3093e-08, 4.1946e-08, 4.1520e-09, 8.8815e-08, 1.4187e-07,
        3.4831e-08, 2.8644e-10])//
train_examples$38400$8000.0//
train_loss$40000$1.4110266929492354e-07//
train_individual_losses$40000$tensor([1.6411e-10, 3.0118e-09, 5.0632e-09, 2.5810e-10, 1.1664e-07, 2.3184e-10,
        6.5009e-07, 5.8440e-10, 3.4619e-09, 8.9705e-11, 1.0829e-06, 5.0967e-08,
        4.3081e-10, 5.4028e-07, 6.9590e-09, 9.4128e-11, 1.9564e-07, 1.6394e-07,
        1.1022e-09, 1.6716e-10])//
train_examples$40000$8000.0//
train_loss$41600$1.1764237424358726e-07//
train_individual_losses$41600$tensor([2.2981e-07, 3.1445e-08, 4.0350e-08, 8.8502e-07, 1.9129e-07, 1.2773e-09,
        1.1095e-07, 4.3134e-10, 1.0107e-10, 7.4249e-11, 1.1849e-07, 1.1965e-07,
        1.3951e-07, 1.0684e-10, 2.8328e-11, 2.0082e-07, 3.4534e-11, 2.4485e-07,
        7.9505e-11, 3.8523e-08])//
train_examples$41600$8000.0//
train_loss$43200$7.549026049673558e-08//
train_individual_losses$43200$tensor([3.2371e-09, 1.5450e-08, 5.3836e-09, 2.8638e-10, 1.3759e-07, 4.8275e-09,
        4.2296e-09, 5.5870e-09, 6.0794e-08, 1.4388e-07, 2.3603e-10, 3.6299e-08,
        1.7889e-10, 3.9065e-07, 5.2078e-11, 1.5720e-07, 5.1550e-07, 1.7240e-08,
        9.3692e-09, 1.8189e-09])//
train_examples$43200$8000.0//
train_loss$44800$4.145712882746011e-08//
train_individual_losses$44800$tensor([1.6098e-07, 1.5190e-08, 9.8006e-11, 7.8030e-11, 2.2686e-09, 4.2487e-10,
        1.5463e-07, 4.4296e-10, 5.9423e-11, 3.4060e-11, 9.9507e-08, 1.9470e-11,
        7.0844e-11, 9.0932e-08, 3.1301e-11, 1.5604e-09, 2.2522e-11, 1.5525e-10,
        3.0114e-07, 1.4996e-09])//
train_examples$44800$8000.0//
train_loss$46400$1.045831828378141e-07//
train_individual_losses$46400$tensor([1.6219e-09, 6.6627e-11, 5.6687e-07, 5.7814e-08, 1.0009e-07, 4.0285e-10,
        9.0933e-11, 1.1911e-09, 1.7186e-08, 8.7373e-11, 6.5906e-08, 2.6851e-07,
        2.1553e-07, 3.4958e-11, 3.7335e-07, 3.9998e-07, 8.8477e-10, 9.0158e-11,
        2.1932e-08, 2.6382e-11])//
train_examples$46400$8000.0//
train_loss$48000$1.711305812932551e-07//
train_individual_losses$48000$tensor([1.3957e-06, 3.7930e-10, 3.7036e-07, 1.2597e-08, 1.0692e-10, 1.6295e-10,
        1.2198e-08, 2.2561e-10, 1.6105e-06, 5.1579e-11, 5.1915e-12, 3.0231e-11,
        1.9830e-10, 8.2682e-10, 2.4211e-11, 1.2861e-09, 7.3501e-10, 7.2660e-11,
        3.9268e-09, 1.3305e-08])//
train_examples$48000$8000.0//
train_loss$49600$1.0954218450933695e-07//
train_individual_losses$49600$tensor([1.6181e-10, 1.1192e-08, 5.2952e-11, 2.0085e-07, 9.2161e-11, 2.4420e-09,
        1.5837e-09, 1.2594e-09, 1.6959e-06, 5.1331e-11, 1.3300e-10, 5.0501e-10,
        5.2414e-10, 1.1474e-09, 5.0613e-10, 3.9314e-08, 6.4182e-10, 2.3374e-07,
        7.8504e-10, 1.4319e-11])//
train_examples$49600$8000.0//
train_loss$51200$6.045906920917333e-08//
train_individual_losses$51200$tensor([7.9637e-10, 8.5284e-08, 1.4124e-11, 5.3202e-11, 6.2436e-10, 8.0654e-10,
        3.3066e-11, 7.1952e-08, 2.0385e-10, 2.1700e-07, 5.4329e-08, 5.8390e-07,
        4.9199e-11, 1.6882e-09, 6.3129e-08, 3.0126e-11, 1.1428e-07, 1.3057e-08,
        1.0195e-09, 9.2328e-10])//
train_examples$51200$8000.0//
train_loss$52800$6.243913434445858e-07//
train_individual_losses$52800$tensor([2.4943e-09, 2.0331e-08, 4.2868e-10, 1.2449e-07, 2.1771e-10, 1.1280e-09,
        2.5398e-07, 1.8013e-10, 4.7993e-08, 2.5858e-11, 7.7574e-08, 7.1676e-08,
        1.9349e-10, 1.1354e-05, 3.1486e-11, 2.7073e-11, 1.0753e-07, 5.3686e-11,
        1.4578e-10, 4.2539e-07])//
train_examples$52800$8000.0//
train_loss$54400$7.877646130509675e-08//
train_individual_losses$54400$tensor([7.9914e-08, 8.6104e-09, 6.8082e-08, 5.4684e-07, 1.5087e-10, 2.2810e-08,
        2.9591e-07, 4.3658e-07, 2.1700e-08, 1.5339e-08, 4.9509e-11, 2.2575e-11,
        1.4285e-10, 2.5886e-10, 2.8873e-09, 4.0147e-09, 1.7776e-11, 5.4036e-11,
        7.2095e-08, 5.3076e-11])//
train_examples$54400$8000.0//
train_loss$56000$8.717129821889102e-08//
train_individual_losses$56000$tensor([9.6726e-10, 1.1610e-08, 3.5483e-08, 5.3002e-09, 1.6503e-07, 1.6112e-08,
        2.3844e-09, 1.3230e-09, 2.1802e-11, 1.4351e-08, 6.6474e-07, 8.0143e-10,
        6.6494e-07, 1.8640e-08, 8.7326e-11, 2.5830e-09, 1.0535e-09, 3.8248e-08,
        6.6750e-08, 3.3008e-08])//
train_examples$56000$8000.0//
train_loss$57600$3.780964470934123e-08//
train_individual_losses$57600$tensor([2.2225e-09, 1.9404e-11, 1.6346e-09, 5.9059e-11, 6.0861e-11, 6.3298e-09,
        2.9229e-07, 2.7308e-09, 9.8399e-12, 2.4395e-10, 6.9879e-11, 1.9575e-08,
        6.4736e-11, 3.1269e-07, 5.0098e-08, 1.2715e-09, 1.9420e-08, 2.8544e-10,
        2.1013e-08, 2.6102e-08])//
train_examples$57600$8000.0//
train_loss$59200$1.0465020313858986e-07//
train_individual_losses$59200$tensor([1.9267e-06, 5.3764e-11, 1.2542e-09, 3.3259e-10, 2.7462e-08, 2.4038e-09,
        1.8051e-09, 1.4890e-09, 3.8321e-08, 5.6205e-08, 2.7254e-08, 4.4318e-09,
        8.0571e-10, 5.6298e-11, 3.9456e-11, 5.8393e-11, 2.8570e-10, 3.8618e-09,
        3.9878e-11, 1.8557e-10])//
train_examples$59200$8000.0//
train_loss$60800$1.2574763968586922e-07//
train_individual_losses$60800$tensor([5.2160e-08, 5.2616e-11, 1.2535e-08, 9.2252e-07, 1.9382e-07, 1.4071e-10,
        8.6875e-07, 1.1272e-10, 8.0187e-12, 1.7337e-08, 2.0410e-08, 2.2691e-10,
        2.4887e-08, 1.7335e-07, 2.1325e-07, 9.1151e-11, 1.5038e-08, 1.7908e-11,
        1.9290e-10, 5.3868e-11])//
train_examples$60800$8000.0//
train_loss$62400$3.6960674915462735e-07//
train_individual_losses$62400$tensor([2.5972e-10, 3.6431e-10, 3.0030e-06, 1.2011e-06, 8.3120e-11, 1.3350e-08,
        1.0643e-11, 5.2569e-10, 1.0665e-10, 2.0835e-11, 1.2094e-11, 8.8169e-09,
        1.1178e-06, 3.6634e-08, 1.3221e-06, 2.0192e-07, 3.9057e-11, 1.1175e-08,
        1.9870e-09, 4.7289e-07])//
train_examples$62400$8000.0//
train_loss$64000$4.519334528595209e-07//
train_individual_losses$64000$tensor([1.4354e-07, 6.0125e-08, 7.4975e-09, 2.5236e-11, 9.5470e-11, 1.0508e-10,
        1.0874e-09, 5.5830e-08, 1.6311e-10, 1.7875e-10, 3.6000e-11, 1.8742e-10,
        4.2437e-11, 1.9200e-08, 1.2428e-10, 4.8410e-11, 1.5021e-08, 8.5316e-08,
        1.3372e-11, 8.6500e-06])//
train_examples$64000$8000.0//
train_loss$65600$1.5743770636618137e-07//
train_individual_losses$65600$tensor([2.2558e-07, 2.1393e-10, 2.0482e-10, 2.1516e-07, 7.4400e-08, 9.2747e-08,
        7.7884e-09, 5.5572e-10, 9.5222e-07, 1.8665e-10, 6.1668e-07, 2.5876e-10,
        1.9409e-09, 4.9239e-07, 2.0529e-11, 3.9881e-07, 5.5966e-08, 2.5234e-11,
        1.3568e-08, 2.3934e-11])//
train_examples$65600$8000.0//
train_loss$67200$2.6236341800540686e-07//
train_individual_losses$67200$tensor([1.9118e-08, 2.1178e-07, 2.9996e-08, 6.2789e-11, 7.7322e-07, 1.5339e-07,
        1.9338e-08, 6.0782e-08, 1.2500e-06, 7.1417e-07, 7.1237e-08, 3.2367e-11,
        1.2862e-10, 8.3236e-12, 3.8011e-10, 6.8034e-10, 2.2128e-07, 1.0884e-11,
        2.4794e-09, 1.7191e-06])//
train_examples$67200$8000.0//
train_loss$68800$1.4057760126888752e-07//
train_individual_losses$68800$tensor([3.1031e-09, 2.0083e-08, 4.0172e-07, 1.8168e-06, 2.0605e-07, 3.2374e-10,
        2.7349e-08, 9.7330e-08, 7.5439e-09, 7.1017e-11, 6.2260e-11, 2.7370e-10,
        8.4002e-10, 1.4971e-10, 4.5508e-11, 2.7922e-10, 8.2719e-10, 3.0883e-10,
        2.2842e-07, 1.7024e-11])//
train_examples$68800$8000.0//
train_loss$70400$5.263565573841334e-07//
train_individual_losses$70400$tensor([4.6847e-08, 3.5977e-09, 1.9539e-09, 4.2324e-08, 3.3266e-07, 2.5065e-07,
        4.0121e-07, 7.2918e-08, 3.4150e-10, 3.9669e-06, 2.6545e-09, 2.0873e-10,
        6.6905e-10, 6.3788e-10, 1.1393e-09, 1.7172e-08, 6.2172e-08, 1.0035e-06,
        1.1426e-06, 3.1769e-06])//
train_examples$70400$8000.0//
train_loss$72000$5.635610781610012e-07//
train_individual_losses$72000$tensor([1.0393e-07, 2.2920e-08, 3.6626e-10, 6.3779e-08, 1.8449e-06, 1.3387e-06,
        2.0106e-06, 6.2823e-08, 1.1861e-11, 1.0670e-09, 3.3382e-10, 1.4315e-06,
        2.8572e-06, 5.1766e-09, 3.1642e-11, 3.3502e-10, 9.7009e-07, 3.6984e-07,
        1.8565e-07, 1.9351e-09])//
train_examples$72000$8000.0//
train_loss$73600$1.3305230531841516e-07//
train_individual_losses$73600$tensor([8.2923e-11, 5.5040e-07, 6.4072e-09, 9.4017e-08, 1.8801e-10, 4.5384e-07,
        4.6319e-07, 1.2044e-09, 2.1027e-07, 1.4933e-11, 2.3957e-11, 2.4280e-09,
        3.3114e-08, 7.7118e-11, 5.0404e-07, 9.5853e-11, 8.1447e-10, 2.9678e-07,
        4.3143e-08, 9.0762e-10])//
train_examples$73600$8000.0//
train_loss$75200$1.2786086881533264e-07//
train_individual_losses$75200$tensor([2.9850e-08, 4.8020e-09, 7.4506e-09, 1.5488e-10, 2.6323e-09, 1.6882e-10,
        2.7268e-08, 1.4711e-06, 1.6041e-08, 4.4314e-10, 7.0656e-09, 1.6056e-09,
        4.5384e-09, 4.2698e-11, 8.6237e-07, 4.2246e-10, 1.3917e-08, 1.4811e-11,
        1.0737e-07, 6.4480e-12])//
train_examples$75200$8000.0//
train_loss$76800$4.529148805886507e-07//
train_individual_losses$76800$tensor([1.4029e-10, 5.5062e-08, 7.0258e-08, 4.2361e-11, 1.4628e-07, 6.1959e-06,
        2.5059e-08, 1.2690e-06, 1.3771e-08, 8.0544e-11, 7.0982e-11, 8.0105e-08,
        6.9981e-10, 2.6812e-07, 1.4074e-11, 4.6465e-11, 8.4779e-08, 1.0129e-07,
        4.2652e-07, 3.2109e-07])//
train_examples$76800$8000.0//
train_loss$78400$1.6410776879638434e-08//
train_individual_losses$78400$tensor([2.4607e-08, 1.2748e-11, 7.1864e-11, 6.5465e-11, 3.1847e-11, 2.3331e-08,
        1.8592e-08, 1.5835e-10, 9.3642e-12, 1.0436e-08, 8.1311e-09, 1.0477e-10,
        3.4824e-10, 2.9679e-08, 4.9212e-09, 1.7863e-08, 6.1553e-08, 1.6249e-08,
        1.1185e-07, 1.9956e-10])//
train_examples$78400$8000.0//
train_loss$80000$5.901509895920754e-07//
train_individual_losses$80000$tensor([8.7083e-11, 7.0496e-08, 8.0260e-07, 9.7101e-07, 3.8893e-07, 1.4965e-06,
        8.3975e-09, 4.9252e-07, 7.4397e-10, 1.0572e-08, 2.5370e-11, 4.0033e-07,
        1.4314e-06, 8.2636e-11, 3.1860e-09, 5.0499e-06, 5.5542e-07, 6.4650e-10,
        1.1714e-07, 3.0180e-09])//
train_examples$80000$8000.0//
train_loss$81600$1.653744257055223e-07//
train_individual_losses$81600$tensor([1.4560e-10, 2.0756e-10, 9.7837e-12, 1.8192e-06, 4.2850e-11, 3.0811e-07,
        2.2962e-11, 7.5405e-08, 1.0413e-11, 1.1122e-08, 1.1864e-11, 4.7310e-07,
        4.3722e-11, 9.2116e-12, 2.4030e-11, 9.8983e-11, 3.4263e-07, 5.8620e-08,
        2.1841e-07, 2.4760e-10])//
train_examples$81600$8000.0//
train_loss$83200$6.79422460962087e-08//
train_individual_losses$83200$tensor([5.1341e-10, 6.7248e-11, 1.7629e-11, 3.1557e-11, 1.7462e-10, 4.3330e-09,
        1.5882e-08, 9.9765e-11, 9.7691e-12, 1.3880e-10, 7.8723e-11, 5.0653e-11,
        1.9923e-10, 1.2176e-11, 1.1374e-08, 1.9496e-07, 4.6276e-10, 1.4330e-11,
        1.1304e-06, 3.4458e-11])//
train_examples$83200$8000.0//
train_loss$84800$8.419131860136986e-07//
train_individual_losses$84800$tensor([2.5659e-08, 9.2991e-08, 3.3583e-08, 6.0825e-10, 5.5951e-11, 2.1974e-10,
        1.0296e-10, 5.0490e-10, 4.3544e-10, 2.6556e-06, 2.5156e-09, 3.1653e-11,
        1.3933e-05, 7.0320e-12, 1.7603e-11, 7.0847e-08, 1.0101e-08, 3.3048e-11,
        1.5186e-09, 1.0289e-08])//
train_examples$84800$8000.0//
train_loss$86400$6.011825753375887e-08//
train_individual_losses$86400$tensor([1.1153e-09, 2.4252e-08, 5.5625e-10, 3.7052e-08, 1.4150e-10, 1.5525e-10,
        1.4327e-08, 5.9938e-08, 4.7453e-07, 1.6812e-07, 1.8129e-07, 1.2731e-07,
        1.7607e-10, 3.9262e-08, 3.1533e-08, 2.6789e-11, 3.6426e-10, 5.6916e-10,
        4.0277e-10, 4.1245e-08])//
train_examples$86400$8000.0//
train_loss$88000$3.598518669605255e-07//
train_individual_losses$88000$tensor([2.8727e-08, 1.5886e-11, 8.6733e-12, 4.6950e-07, 1.1634e-06, 6.8242e-09,
        6.2418e-09, 6.3022e-10, 2.9990e-11, 2.3581e-07, 6.0223e-08, 3.6735e-11,
        4.8855e-06, 1.4164e-09, 2.8190e-10, 1.2985e-10, 2.1916e-07, 2.5254e-10,
        4.2866e-10, 1.1840e-07])//
train_examples$88000$8000.0//
train_loss$89600$9.157221065834164e-08//
train_individual_losses$89600$tensor([1.6810e-08, 3.5416e-10, 6.5446e-09, 5.6991e-07, 3.0152e-10, 7.2736e-07,
        2.8942e-11, 4.4188e-07, 1.2795e-11, 1.8567e-08, 7.5655e-12, 9.6665e-12,
        8.8863e-10, 2.0129e-09, 4.4639e-08, 2.7489e-10, 1.1139e-10, 1.5211e-10,
        2.9474e-11, 1.5471e-09])//
train_examples$89600$8000.0//
train_loss$91200$3.40186501853168e-07//
train_individual_losses$91200$tensor([1.9315e-10, 1.3965e-10, 3.2452e-11, 1.1061e-10, 5.8864e-11, 2.7410e-07,
        6.4370e-08, 1.5010e-10, 1.3808e-10, 1.0832e-10, 4.7528e-08, 1.4904e-11,
        3.1642e-10, 5.8284e-12, 1.0948e-06, 1.0876e-08, 5.2620e-06, 4.6689e-08,
        1.9225e-11, 2.1363e-09])//
train_examples$91200$8000.0//
train_loss$92800$8.585274335928262e-08//
train_individual_losses$92800$tensor([1.3596e-08, 1.5974e-11, 1.8288e-07, 4.5177e-11, 1.2981e-09, 3.6886e-10,
        2.6868e-07, 2.3301e-10, 5.2453e-07, 5.7728e-08, 4.1139e-12, 2.2709e-07,
        4.0387e-07, 3.2409e-11, 3.1664e-09, 1.3515e-08, 5.7061e-09, 7.3385e-09,
        4.3825e-11, 6.9109e-09])//
train_examples$92800$8000.0//
train_loss$94400$3.786330111324787e-07//
train_individual_losses$94400$tensor([1.7053e-09, 1.0004e-10, 7.3384e-08, 7.9947e-08, 8.0222e-11, 1.1485e-06,
        3.8964e-08, 1.6413e-08, 1.5824e-11, 1.6907e-07, 3.5066e-08, 2.9937e-07,
        1.3478e-06, 2.0113e-08, 2.6247e-06, 5.2463e-10, 2.9089e-07, 2.7401e-08,
        2.3372e-08, 1.3752e-06])//
train_examples$94400$8000.0//
train_loss$96000$5.23118011187762e-08//
train_individual_losses$96000$tensor([1.1803e-09, 2.7961e-07, 2.0960e-09, 5.8688e-11, 6.9574e-10, 6.0513e-10,
        8.8151e-11, 4.2557e-10, 4.6272e-08, 2.3933e-07, 1.9392e-09, 9.6774e-11,
        5.0876e-11, 7.8944e-12, 1.0239e-09, 8.8142e-08, 9.5293e-09, 1.8683e-10,
        3.4282e-07, 3.2085e-08])//
train_examples$96000$8000.0//
train_loss$97600$3.157252911478281e-07//
train_individual_losses$97600$tensor([9.5193e-11, 5.0713e-11, 1.3998e-07, 3.9725e-08, 2.8453e-11, 1.7076e-06,
        6.3149e-07, 2.6968e-07, 1.4678e-08, 5.4373e-09, 1.7450e-09, 6.0549e-09,
        2.5104e-06, 1.4930e-11, 6.7499e-07, 2.3448e-10, 6.2369e-09, 7.2805e-10,
        5.2721e-11, 3.0535e-07])//
train_examples$97600$8000.0//
train_loss$99200$1.762361964210868e-07//
train_individual_losses$99200$tensor([5.3334e-07, 8.6893e-07, 5.4659e-07, 1.9783e-07, 1.3914e-09, 3.0096e-08,
        2.1912e-09, 3.5816e-07, 2.8254e-07, 4.0911e-10, 1.9580e-07, 2.1192e-09,
        5.7292e-11, 1.6264e-07, 3.7653e-09, 8.7903e-11, 3.5741e-11, 7.6447e-09,
        1.7215e-11, 3.3108e-07])//
train_examples$99200$8000.0//
train_loss$100800$5.456235725432634e-07//
train_individual_losses$100800$tensor([9.4506e-07, 1.2231e-08, 2.4687e-10, 4.8199e-06, 1.9420e-06, 1.6963e-06,
        3.1064e-11, 6.7200e-10, 1.2653e-08, 1.0117e-06, 2.4473e-11, 2.2141e-08,
        1.9254e-08, 1.0410e-07, 2.6329e-10, 9.8209e-08, 3.9833e-09, 6.5126e-09,
        2.1560e-07, 1.7322e-09])//
train_examples$100800$8000.0//
train_loss$102400$1.7670285888016224e-07//
train_individual_losses$102400$tensor([2.8158e-08, 1.9723e-10, 3.0902e-07, 3.5218e-11, 2.2110e-08, 7.5416e-08,
        1.7615e-06, 4.1035e-07, 1.8295e-11, 4.1781e-07, 6.8442e-08, 1.0912e-08,
        3.6084e-10, 3.2087e-10, 1.1093e-07, 4.7783e-09, 5.1634e-09, 2.6953e-07,
        1.6290e-08, 2.2737e-08])//
train_examples$102400$8000.0//
train_loss$104000$3.721534041687846e-07//
train_individual_losses$104000$tensor([1.6508e-08, 3.2562e-10, 1.6243e-11, 3.6432e-11, 7.8158e-11, 2.5004e-08,
        1.1945e-06, 2.1034e-07, 5.0147e-11, 8.5363e-09, 2.2022e-09, 1.1322e-06,
        1.3683e-09, 4.4305e-06, 4.7514e-11, 4.1289e-11, 2.0562e-09, 1.8936e-07,
        4.1766e-08, 1.8812e-07])//
train_examples$104000$8000.0//
train_loss$105600$1.2538228183984756e-07//
train_individual_losses$105600$tensor([4.1366e-07, 2.0553e-09, 4.7471e-09, 4.1889e-07, 4.6406e-11, 4.9864e-07,
        4.4116e-08, 3.3242e-10, 1.9250e-11, 7.1474e-09, 6.2899e-12, 1.6218e-11,
        1.0869e-07, 1.4688e-11, 2.0358e-07, 8.0138e-09, 9.6469e-11, 3.2791e-11,
        4.7268e-11, 7.9749e-07])//
train_examples$105600$8000.0//
train_loss$107200$4.799952264875173e-07//
train_individual_losses$107200$tensor([1.1502e-10, 6.2446e-11, 3.0595e-08, 6.8532e-11, 3.3354e-07, 3.9782e-06,
        5.4495e-11, 1.5199e-09, 2.7854e-06, 6.9575e-11, 1.3682e-11, 1.2937e-07,
        4.5192e-11, 6.2906e-12, 1.9206e-08, 1.1584e-07, 2.6124e-07, 4.3505e-10,
        7.2168e-07, 1.2224e-06])//
train_examples$107200$8000.0//
train_loss$108800$2.738772192969918e-07//
train_individual_losses$108800$tensor([1.4276e-10, 3.0455e-07, 4.8418e-12, 4.5148e-07, 9.4682e-07, 3.4424e-08,
        2.9543e-07, 1.2423e-09, 4.3973e-11, 1.8411e-11, 2.5200e-09, 1.2523e-11,
        1.5226e-06, 4.5506e-10, 1.2434e-08, 1.1092e-09, 9.1469e-08, 2.6413e-11,
        1.8108e-06, 1.9626e-09])//
train_examples$108800$8000.0//
train_loss$110400$8.309880271553994e-07//
train_individual_losses$110400$tensor([6.9224e-08, 2.7161e-09, 2.8351e-11, 1.5095e-08, 3.6971e-10, 2.6819e-10,
        2.3345e-06, 1.2988e-06, 2.0420e-06, 5.6029e-07, 2.1625e-09, 1.5948e-10,
        1.9320e-06, 3.1451e-08, 5.6499e-11, 5.7758e-11, 4.2137e-11, 6.6133e-06,
        1.7171e-06, 2.2317e-10])//
train_examples$110400$8000.0//
train_loss$112000$2.6321406476199625e-07//
train_individual_losses$112000$tensor([4.7825e-08, 1.5626e-06, 8.3950e-10, 3.3062e-10, 5.9883e-10, 4.7761e-07,
        4.5104e-08, 8.2254e-07, 5.2177e-10, 1.5283e-10, 1.5099e-11, 3.9894e-09,
        3.3606e-10, 1.1974e-09, 4.1195e-07, 1.1790e-06, 1.5902e-08, 5.1530e-09,
        6.8826e-07, 4.1325e-10])//
train_examples$112000$8000.0//
train_loss$113600$3.6764508113265037e-07//
train_individual_losses$113600$tensor([7.7794e-11, 1.7814e-08, 7.0898e-11, 7.7391e-10, 5.6701e-10, 1.8271e-07,
        6.0187e-11, 2.0992e-09, 1.2007e-11, 4.4056e-09, 7.8823e-12, 5.0641e-07,
        3.9543e-06, 3.5119e-07, 4.8644e-07, 4.7277e-07, 3.8321e-08, 1.2120e-10,
        1.3193e-06, 1.5474e-08])//
train_examples$113600$8000.0//
train_loss$115200$1.27401074860245e-07//
train_individual_losses$115200$tensor([2.2383e-10, 9.1672e-08, 2.9399e-09, 1.6084e-10, 2.6811e-10, 1.8133e-06,
        1.0323e-09, 3.1688e-10, 5.0700e-10, 2.7305e-11, 5.2129e-07, 1.6016e-09,
        5.0819e-11, 1.3023e-10, 2.0893e-11, 1.1353e-07, 7.7254e-12, 4.8943e-11,
        8.3073e-10, 2.0931e-11])//
train_examples$115200$8000.0//
train_loss$116800$6.27378176432103e-08//
train_individual_losses$116800$tensor([6.8783e-10, 7.1348e-11, 4.0465e-10, 9.3064e-09, 3.9656e-08, 1.8568e-07,
        1.2900e-07, 5.1980e-07, 8.7218e-12, 1.3717e-09, 1.3573e-07, 6.2050e-11,
        1.5451e-10, 4.5911e-12, 5.0723e-09, 7.1850e-11, 2.0495e-10, 2.5244e-11,
        3.0909e-09, 2.2436e-07])//
train_examples$116800$8000.0//
train_loss$118400$6.4214370213449e-07//
train_individual_losses$118400$tensor([5.3829e-09, 8.9618e-07, 8.0672e-11, 1.2650e-06, 9.8849e-09, 3.7787e-07,
        6.6139e-12, 3.1858e-08, 8.6024e-06, 9.8609e-07, 1.4499e-09, 7.3523e-08,
        2.6505e-07, 8.3740e-12, 3.5018e-11, 3.2496e-07, 1.8679e-11, 5.8697e-11,
        2.9756e-09, 1.0896e-11])//
train_examples$118400$8000.0//
train_loss$120000$1.0544599499553441e-07//
train_individual_losses$120000$tensor([1.2888e-06, 1.2271e-08, 6.4029e-12, 1.3324e-10, 1.6998e-07, 2.5687e-09,
        2.7509e-09, 5.2520e-10, 1.3936e-11, 1.8283e-08, 1.1323e-11, 5.6817e-10,
        3.6198e-07, 5.5376e-10, 2.8091e-10, 3.2514e-10, 1.4458e-07, 5.1281e-11,
        1.0489e-07, 3.6215e-10])//
train_examples$120000$8000.0//
train_loss$121600$1.7411541193723678e-08//
train_individual_losses$121600$tensor([1.9590e-08, 3.3697e-10, 3.1912e-11, 5.9455e-11, 1.0723e-10, 1.6904e-08,
        3.9672e-10, 2.7428e-10, 4.0843e-10, 2.0141e-10, 9.5695e-09, 1.6812e-11,
        5.6607e-11, 7.0779e-12, 2.8397e-07, 7.4817e-09, 3.2639e-11, 1.5218e-09,
        7.2404e-09, 2.4098e-11])//
train_examples$121600$8000.0//
train_loss$123200$1.0181113611906767e-07//
train_individual_losses$123200$tensor([2.2351e-10, 3.2050e-09, 1.0348e-08, 1.8912e-10, 4.4069e-07, 1.1669e-07,
        8.2079e-09, 1.8647e-09, 1.6198e-10, 1.6324e-10, 3.0367e-11, 2.6742e-11,
        1.3637e-06, 9.5859e-09, 2.4612e-11, 2.4062e-09, 2.3918e-08, 3.1932e-11,
        5.4767e-08, 1.2091e-11])//
train_examples$123200$8000.0//
train_loss$124800$7.803524495102465e-08//
train_individual_losses$124800$tensor([4.9202e-09, 1.1467e-07, 1.6825e-09, 5.5657e-09, 1.6133e-08, 2.7977e-10,
        1.3612e-07, 1.7418e-10, 9.9445e-08, 1.1598e-10, 4.7181e-10, 9.3153e-09,
        2.7186e-10, 8.6505e-07, 1.9276e-09, 7.2712e-09, 1.0018e-11, 1.2955e-07,
        1.6772e-07, 7.7840e-12])//
train_examples$124800$8000.0//
train_loss$126400$2.318166516488418e-08//
train_individual_losses$126400$tensor([2.8810e-10, 3.5758e-11, 2.0789e-07, 3.3628e-11, 5.1297e-11, 8.6798e-08,
        2.6351e-09, 1.3219e-09, 7.1481e-11, 4.0552e-09, 1.9471e-11, 1.1509e-07,
        1.8039e-08, 8.6920e-12, 2.3901e-08, 5.9882e-11, 8.9451e-10, 3.0131e-11,
        2.4057e-09, 4.4862e-12])//
train_examples$126400$8000.0//
train_loss$128000$2.8389992658048866e-07//
train_individual_losses$128000$tensor([2.6788e-10, 8.2748e-08, 3.1615e-08, 3.6649e-08, 1.1803e-09, 3.6997e-06,
        4.0350e-11, 1.1468e-10, 3.4204e-07, 1.5121e-11, 1.6044e-10, 1.0121e-10,
        4.1368e-07, 8.3059e-12, 1.1369e-08, 2.8011e-11, 1.5547e-09, 2.7176e-10,
        1.0565e-06, 6.3270e-12])//
train_examples$128000$8000.0//
train_loss$129600$2.410925691947341e-07//
train_individual_losses$129600$tensor([1.3961e-10, 8.1506e-10, 6.6251e-07, 1.1218e-06, 4.6769e-11, 1.4197e-07,
        3.7670e-07, 2.4922e-06, 2.6689e-09, 6.0920e-10, 2.4216e-12, 6.8618e-12,
        4.5560e-11, 1.0832e-08, 1.4323e-09, 2.1876e-10, 2.5148e-09, 6.7598e-09,
        5.3661e-10, 1.4504e-11])//
train_examples$129600$8000.0//
train_loss$131200$1.0016474407166242e-07//
train_individual_losses$131200$tensor([6.2524e-08, 2.2492e-11, 7.0198e-12, 4.4161e-11, 2.9953e-09, 4.7310e-08,
        4.0940e-11, 2.3384e-08, 2.2935e-11, 8.0148e-07, 7.9659e-11, 6.0730e-09,
        1.4149e-10, 9.7677e-12, 4.6062e-11, 3.2854e-07, 3.7292e-08, 3.3367e-11,
        9.6850e-11, 6.9315e-07])//
train_examples$131200$8000.0//
train_loss$132800$2.4912846274673936e-07//
train_individual_losses$132800$tensor([9.9797e-08, 5.7303e-07, 1.1656e-07, 1.3368e-09, 3.2631e-09, 1.9295e-06,
        3.1905e-07, 2.8920e-10, 7.8537e-12, 1.0507e-06, 9.7436e-12, 7.6041e-12,
        5.2629e-11, 8.7232e-11, 3.5444e-07, 4.7386e-09, 1.6759e-08, 5.6386e-10,
        8.1069e-08, 4.3138e-07])//
train_examples$132800$8000.0//
train_loss$134400$1.6984539106488229e-07//
train_individual_losses$134400$tensor([2.6264e-07, 1.0428e-07, 1.9166e-11, 3.8309e-07, 2.7487e-09, 1.3705e-09,
        3.6136e-07, 1.3172e-10, 4.9376e-09, 9.5592e-07, 5.5566e-07, 8.4070e-12,
        4.2172e-08, 1.2884e-11, 1.1566e-08, 4.1087e-09, 1.0008e-11, 6.6189e-07,
        4.4943e-08, 3.1882e-11])//
train_examples$134400$8000.0//
train_loss$136000$2.3598030675202608e-07//
train_individual_losses$136000$tensor([7.7378e-07, 6.2691e-08, 1.8416e-08, 1.4321e-08, 3.9702e-11, 6.2807e-08,
        7.0419e-07, 1.5396e-10, 1.0748e-06, 1.3538e-07, 1.8454e-09, 3.1319e-11,
        2.7510e-08, 4.3379e-08, 3.1031e-08, 3.1934e-11, 1.7691e-06, 7.5960e-11,
        2.2839e-11, 1.8964e-11])//
train_examples$136000$8000.0//
train_loss$137600$7.203086861409247e-08//
train_individual_losses$137600$tensor([8.6652e-11, 2.0462e-10, 1.6917e-11, 2.5836e-10, 2.9111e-08, 9.6094e-08,
        1.9861e-10, 1.5153e-09, 1.2273e-11, 4.6097e-11, 9.4895e-08, 2.0462e-09,
        2.4176e-07, 1.4335e-11, 2.5757e-07, 1.6468e-08, 1.1930e-11, 2.8711e-09,
        5.5601e-08, 6.4184e-07])//
train_examples$137600$8000.0//
train_loss$139200$1.6906849341467022e-07//
train_individual_losses$139200$tensor([5.2013e-08, 1.8296e-11, 7.6493e-12, 1.1962e-06, 6.3376e-07, 1.0048e-09,
        5.7619e-10, 1.1218e-10, 9.1750e-12, 6.0530e-08, 3.1674e-07, 5.1413e-11,
        8.0581e-10, 5.2289e-12, 8.3727e-11, 2.7173e-08, 3.4024e-09, 1.1904e-09,
        3.9629e-08, 1.0480e-06])//
train_examples$139200$8000.0//
train_loss$140800$3.6801581736654043e-07//
train_individual_losses$140800$tensor([3.0017e-06, 4.1636e-10, 7.5910e-09, 4.6494e-09, 2.0015e-08, 4.6746e-10,
        2.4246e-07, 5.6632e-10, 6.0388e-10, 5.9152e-08, 1.9865e-06, 4.2363e-07,
        5.0003e-08, 3.2177e-10, 1.2470e-07, 1.7704e-07, 9.1632e-09, 8.5168e-07,
        8.8800e-08, 3.1085e-07])//
train_examples$140800$8000.0//
train_loss$142400$2.9257482383400204e-07//
train_individual_losses$142400$tensor([1.4289e-09, 7.0784e-09, 1.1844e-06, 2.7209e-08, 1.0892e-09, 5.7282e-10,
        2.8488e-08, 1.5214e-10, 1.6347e-11, 1.1154e-07, 1.0404e-09, 3.2911e-10,
        1.6450e-09, 1.8396e-11, 2.4424e-06, 4.3049e-11, 4.5160e-11, 1.1555e-08,
        1.1370e-10, 2.0324e-06])//
train_examples$142400$8000.0//
train_loss$144000$1.5022223815321923e-07//
train_individual_losses$144000$tensor([7.6532e-09, 3.0198e-10, 3.2593e-08, 2.8287e-07, 7.7798e-11, 1.2827e-08,
        1.4296e-06, 6.6927e-10, 1.3836e-11, 6.4601e-10, 1.7464e-10, 2.4498e-11,
        6.6884e-11, 9.4185e-11, 2.6898e-08, 6.3599e-07, 2.7435e-08, 5.4634e-07,
        1.6945e-10, 2.2434e-11])//
train_examples$144000$8000.0//
train_loss$145600$8.17573256790638e-07//
train_individual_losses$145600$tensor([7.5456e-10, 2.2653e-07, 1.1336e-11, 4.2520e-09, 2.0332e-06, 2.0644e-08,
        1.2278e-06, 1.3130e-06, 7.7533e-11, 3.0620e-07, 3.5117e-12, 4.2468e-11,
        8.0830e-06, 8.6088e-07, 4.6108e-11, 4.2944e-09, 2.7156e-07, 3.0663e-07,
        1.6898e-06, 2.7536e-09])//
train_examples$145600$8000.0//
train_loss$147200$4.8147785128094255e-08//
train_individual_losses$147200$tensor([3.6734e-08, 3.8139e-11, 1.6685e-11, 9.4573e-10, 1.0269e-10, 7.8425e-10,
        2.3387e-09, 1.0671e-07, 4.4027e-08, 5.0955e-08, 6.5917e-11, 1.1609e-07,
        3.1483e-10, 2.4842e-08, 6.9042e-09, 6.5091e-10, 4.0767e-07, 4.7304e-08,
        2.0887e-11, 1.1645e-07])//
train_examples$147200$8000.0//
train_loss$148800$1.675344188697636e-07//
train_individual_losses$148800$tensor([2.2407e-08, 6.3677e-11, 6.7168e-08, 4.2585e-09, 1.1746e-07, 9.7783e-09,
        2.2243e-10, 1.8056e-06, 1.3717e-11, 4.1219e-09, 6.8209e-12, 5.8417e-08,
        1.1786e-09, 1.7241e-09, 2.4606e-11, 6.9005e-10, 1.3980e-07, 2.3892e-11,
        2.4521e-07, 8.7258e-07])//
train_examples$148800$8000.0//
train_loss$150400$2.671940717846155e-07//
train_individual_losses$150400$tensor([5.3801e-11, 2.8410e-09, 1.9223e-07, 8.3890e-11, 2.8403e-06, 1.0325e-07,
        5.5845e-09, 6.6204e-10, 1.3830e-11, 8.4141e-11, 9.1662e-09, 9.6331e-12,
        2.7694e-10, 8.1628e-08, 1.8256e-07, 8.8685e-08, 3.5047e-07, 1.4859e-06,
        9.8495e-11, 7.9663e-12])//
train_examples$150400$8000.0//
train_loss$152000$5.458059604279697e-08//
train_individual_losses$152000$tensor([2.5889e-07, 2.8252e-09, 6.2445e-08, 4.6213e-11, 8.4057e-08, 1.6566e-09,
        1.5655e-11, 6.0151e-09, 1.3944e-11, 1.9001e-08, 1.7367e-07, 2.0413e-08,
        8.7030e-11, 2.7495e-08, 2.9428e-07, 2.8070e-11, 8.8368e-10, 1.2466e-10,
        1.3966e-07, 6.8104e-12])//
train_examples$152000$8000.0//
train_loss$153600$1.4423599932342766e-07//
train_individual_losses$153600$tensor([1.2708e-10, 5.8243e-10, 1.4199e-08, 4.7799e-08, 3.4764e-11, 2.4599e-08,
        1.0343e-06, 3.9313e-10, 1.5136e-09, 6.7471e-11, 6.8969e-12, 8.1296e-09,
        5.4487e-07, 2.7732e-09, 5.4973e-10, 9.2322e-08, 2.4982e-11, 6.4760e-09,
        1.1059e-06, 2.6190e-11])//
train_examples$153600$8000.0//
train_loss$155200$2.8093697037547826e-07//
train_individual_losses$155200$tensor([1.6466e-08, 1.2046e-08, 1.0917e-09, 3.3349e-11, 2.0788e-08, 1.0532e-08,
        2.0498e-09, 1.2475e-09, 1.6400e-11, 1.6455e-10, 5.6773e-11, 1.2483e-07,
        2.3611e-07, 7.1030e-10, 1.0950e-07, 4.7596e-11, 1.3150e-09, 1.0961e-11,
        3.6983e-10, 5.0814e-06])//
train_examples$155200$8000.0//
train_loss$156800$4.975753370672465e-07//
train_individual_losses$156800$tensor([2.5957e-08, 7.2385e-11, 3.2429e-11, 3.0861e-10, 4.1700e-10, 2.4308e-08,
        6.7095e-09, 2.1809e-08, 8.8625e-06, 1.0563e-08, 9.2700e-07, 2.0710e-08,
        6.8598e-10, 2.3253e-10, 2.1361e-10, 2.1435e-09, 3.6769e-08, 9.8235e-09,
        5.4765e-11, 1.2264e-09])//
train_examples$156800$8000.0//
train_loss$158400$2.977485070005059e-07//
train_individual_losses$158400$tensor([1.3533e-08, 5.6040e-10, 5.4848e-08, 2.3563e-07, 1.1851e-10, 8.7644e-07,
        1.6428e-07, 1.6921e-06, 2.2786e-10, 2.7222e-09, 5.0993e-07, 4.5960e-11,
        2.3437e-06, 6.7987e-09, 1.0262e-10, 3.8656e-10, 5.0322e-08, 3.1885e-09,
        3.6150e-11, 1.6595e-11])//
train_examples$158400$8000.0//
train_loss$160000$8.830495062284172e-08//
train_individual_losses$160000$tensor([1.4228e-10, 1.1387e-08, 8.9427e-09, 9.2789e-10, 7.7709e-08, 1.2757e-10,
        7.6695e-12, 3.0491e-10, 7.9481e-10, 1.1924e-10, 3.1786e-12, 2.6534e-07,
        1.3724e-07, 6.2761e-08, 1.9074e-07, 1.8056e-07, 3.4823e-08, 5.2647e-08,
        1.9135e-07, 5.5017e-07])//
train_examples$160000$8000.0