train_loss$0$2.6223142578125//
train_individual_losses$0$tensor([ 1.2930,  3.0507,  4.6239,  0.0500,  2.4124,  2.0243,  1.8282,  2.8402,
        10.4221,  1.7998,  5.6598,  2.8362,  1.1865,  2.8043,  0.9934,  2.0898,
         1.2331,  2.8668,  2.0863,  0.3455])//
train_examples$0$8000.0//
train_loss$1600$0.0006415384769439698//
train_individual_losses$1600$tensor([0.0006, 0.0006, 0.0007, 0.0007, 0.0007, 0.0007, 0.0007, 0.0006, 0.0007,
        0.0007, 0.0007, 0.0006, 0.0006, 0.0007, 0.0006, 0.0007, 0.0007, 0.0006,
        0.0006, 0.0006])//
train_examples$1600$8000.0//
train_loss$3200$0.0004949642181396485//
train_individual_losses$3200$tensor([0.0004, 0.0005, 0.0006, 0.0003, 0.0005, 0.0006, 0.0005, 0.0005, 0.0007,
        0.0005, 0.0006, 0.0004, 0.0004, 0.0006, 0.0004, 0.0005, 0.0005, 0.0005,
        0.0005, 0.0003])//
train_examples$3200$8000.0//
train_loss$4800$0.00020424277782440185//
train_individual_losses$4800$tensor([1.5364e-04, 2.3360e-04, 3.5379e-04, 5.1590e-05, 1.0205e-04, 3.2874e-04,
        7.2912e-05, 2.3169e-04, 4.5832e-04, 2.6705e-04, 3.0296e-04, 1.1098e-04,
        8.2531e-05, 1.4648e-04, 1.5287e-04, 1.4642e-04, 2.6257e-04, 3.2311e-04,
        1.9762e-04, 1.0593e-04])//
train_examples$4800$8000.0//
train_loss$6400$4.463731050491333e-05//
train_individual_losses$6400$tensor([3.0099e-05, 6.7085e-05, 1.4214e-04, 2.8960e-07, 1.4136e-05, 5.0485e-05,
        1.0530e-05, 5.0953e-05, 6.8589e-05, 3.6216e-05, 1.2249e-04, 2.1151e-05,
        6.1563e-06, 2.4817e-05, 8.1343e-06, 2.0072e-05, 2.7096e-05, 1.4743e-04,
        3.2073e-05, 1.2801e-05])//
train_examples$6400$8000.0//
train_loss$8000$7.938846200704574e-06//
train_individual_losses$8000$tensor([4.2668e-06, 1.0400e-05, 2.4037e-05, 1.9976e-07, 2.8480e-06, 2.5250e-06,
        4.2946e-06, 9.5276e-06, 1.8922e-05, 3.0081e-06, 4.1370e-05, 3.1531e-06,
        1.1758e-06, 3.2236e-06, 1.3632e-06, 3.8161e-06, 2.0554e-06, 1.4693e-05,
        6.0051e-06, 1.8937e-06])//
train_examples$8000$8000.0//
train_loss$9600$2.2149102762341497e-06//
train_individual_losses$9600$tensor([1.4723e-06, 1.6329e-06, 1.5347e-06, 4.4742e-07, 1.9635e-06, 8.5538e-07,
        2.0160e-06, 5.9688e-06, 1.3544e-05, 8.8313e-07, 4.1084e-06, 6.3578e-07,
        4.8273e-07, 1.0898e-06, 6.7144e-07, 1.5093e-06, 8.1230e-07, 1.8372e-06,
        1.9767e-06, 8.5655e-07])//
train_examples$9600$8000.0//
train_loss$11200$1.3676563277840615e-06//
train_individual_losses$11200$tensor([8.6696e-07, 8.3236e-07, 6.7054e-07, 2.0326e-07, 1.4766e-06, 6.3383e-07,
        1.2513e-06, 4.0921e-06, 1.0917e-05, 3.9803e-07, 9.4578e-07, 5.4250e-07,
        2.1786e-07, 6.2934e-07, 3.0522e-07, 7.5438e-07, 3.5034e-07, 1.1619e-06,
        5.2671e-07, 5.7699e-07])//
train_examples$11200$8000.0//
train_loss$12800$8.856288157403469e-07//
train_individual_losses$12800$tensor([5.9174e-07, 3.9453e-07, 5.1553e-07, 1.0731e-07, 6.9291e-07, 4.7510e-07,
        8.6803e-07, 2.2511e-06, 7.9478e-06, 1.7000e-07, 7.2578e-07, 4.9691e-07,
        9.9451e-08, 4.0057e-07, 1.2915e-07, 3.6810e-07, 1.3739e-07, 8.0179e-07,
        1.7633e-07, 3.6305e-07])//
train_examples$12800$8000.0//
train_loss$14400$5.528221372514963e-07//
train_individual_losses$14400$tensor([4.4737e-07, 2.1202e-07, 4.8479e-07, 6.6196e-08, 2.2711e-07, 4.4559e-07,
        6.3536e-07, 7.5763e-07, 4.8911e-06, 1.2634e-07, 4.9379e-07, 5.1893e-07,
        1.5386e-07, 2.7962e-07, 6.2697e-08, 2.0861e-07, 1.0690e-07, 5.3162e-07,
        1.3192e-07, 2.7501e-07])//
train_examples$14400$8000.0//
train_loss$16000$2.982601756229997e-07//
train_individual_losses$16000$tensor([3.2404e-07, 1.2515e-07, 2.8777e-07, 1.4639e-07, 1.6879e-07, 2.9982e-07,
        2.2562e-07, 2.9869e-07, 1.9966e-06, 1.3402e-07, 3.2916e-07, 4.3076e-07,
        4.8713e-08, 2.0319e-07, 7.3259e-08, 1.1481e-07, 6.8507e-08, 2.7567e-07,
        1.2414e-07, 2.9009e-07])//
train_examples$16000$8000.0//
train_loss$17600$1.8649701960384846e-07//
train_individual_losses$17600$tensor([2.3181e-07, 1.6609e-07, 2.6131e-07, 1.2995e-07, 7.2936e-08, 1.8136e-07,
        9.8003e-08, 1.7812e-07, 8.1675e-07, 2.3403e-08, 2.1988e-07, 4.4773e-07,
        5.1350e-08, 1.5205e-07, 5.9982e-08, 1.2605e-07, 8.9911e-08, 1.6721e-07,
        9.0010e-08, 1.6602e-07])//
train_examples$17600$8000.0//
train_loss$19200$1.8240415956825018e-07//
train_individual_losses$19200$tensor([1.8475e-07, 1.1608e-07, 1.7446e-07, 5.6226e-08, 2.3731e-07, 1.6129e-07,
        6.2683e-08, 1.8054e-07, 4.0335e-07, 3.9923e-08, 3.6222e-07, 3.1471e-07,
        4.1459e-08, 2.1494e-07, 8.5356e-08, 3.3299e-07, 1.8272e-07, 7.6898e-08,
        2.1864e-07, 2.0154e-07])//
train_examples$19200$8000.0//
train_loss$20800$1.5549919335171581e-07//
train_individual_losses$20800$tensor([2.1332e-07, 1.1573e-07, 1.7472e-07, 2.3839e-07, 7.8035e-08, 1.2144e-07,
        7.1578e-08, 2.2821e-07, 4.2089e-07, 1.6225e-07, 1.1735e-07, 2.7251e-07,
        5.8386e-08, 2.0092e-07, 1.3149e-07, 1.0503e-07, 3.5445e-08, 5.4028e-08,
        1.2300e-07, 1.8726e-07])//
train_examples$20800$8000.0//
train_loss$22400$1.3863913482055069e-07//
train_individual_losses$22400$tensor([1.0466e-07, 9.7026e-08, 9.1251e-08, 8.2333e-08, 8.7963e-08, 2.0831e-07,
        3.3922e-07, 9.8552e-08, 2.9572e-07, 4.4346e-08, 3.1787e-08, 4.0778e-07,
        8.3661e-08, 2.6068e-07, 3.8366e-08, 6.1901e-08, 9.8110e-08, 1.6022e-07,
        1.0596e-07, 7.4938e-08])//
train_examples$22400$8000.0//
train_loss$24000$1.1281287297606468e-07//
train_individual_losses$24000$tensor([2.5294e-07, 1.5432e-07, 1.6879e-07, 4.9574e-08, 8.0050e-08, 1.1193e-07,
        5.0001e-08, 6.0673e-08, 3.9112e-07, 7.4982e-08, 2.7210e-08, 1.8814e-07,
        2.3170e-08, 1.1672e-07, 2.7225e-08, 6.6989e-08, 2.1429e-08, 1.6585e-07,
        1.7237e-07, 5.2779e-08])//
train_examples$24000$8000.0//
train_loss$25600$9.223835659213364e-08//
train_individual_losses$25600$tensor([4.2461e-08, 5.6549e-08, 8.3406e-08, 5.4794e-08, 6.4800e-08, 2.8049e-07,
        4.6370e-08, 3.9171e-08, 3.0167e-07, 1.7301e-08, 1.0113e-07, 2.9218e-07,
        5.7962e-08, 9.0401e-08, 2.0675e-08, 4.3449e-08, 1.8184e-08, 8.3852e-08,
        1.0811e-07, 4.1814e-08])//
train_examples$25600$8000.0//
train_loss$27200$7.706839824095369e-08//
train_individual_losses$27200$tensor([6.5979e-08, 7.0826e-08, 6.9339e-08, 1.2412e-07, 5.5293e-08, 7.9579e-08,
        1.1610e-07, 3.8679e-08, 2.4671e-07, 1.7814e-08, 3.5900e-08, 1.4441e-07,
        2.5802e-08, 8.1227e-08, 2.5169e-08, 3.7871e-08, 3.8565e-08, 6.4236e-08,
        8.4236e-08, 1.1951e-07])//
train_examples$27200$8000.0//
train_loss$28800$1.0616616345942021e-07//
train_individual_losses$28800$tensor([1.4807e-07, 1.9171e-07, 2.5766e-07, 1.4926e-07, 1.0792e-07, 1.2999e-07,
        3.9371e-08, 3.3188e-08, 1.5178e-07, 1.0893e-08, 1.6805e-08, 8.7433e-08,
        3.9179e-08, 2.9372e-07, 1.0277e-07, 6.2489e-08, 4.6073e-08, 1.0991e-07,
        1.0568e-07, 3.9414e-08])//
train_examples$28800$8000.0//
train_loss$30400$8.204911136999727e-08//
train_individual_losses$30400$tensor([4.8429e-08, 4.1743e-08, 6.1390e-08, 3.4885e-08, 1.0751e-07, 6.6215e-08,
        1.6618e-07, 8.9569e-08, 1.3692e-07, 1.4670e-08, 6.3547e-08, 1.7799e-07,
        1.8695e-08, 1.8941e-07, 1.5858e-08, 4.7456e-08, 1.5736e-08, 1.0371e-07,
        1.8387e-07, 5.7196e-08])//
train_examples$30400$8000.0//
train_loss$32000$6.027139024809003e-08//
train_individual_losses$32000$tensor([7.3750e-08, 3.9982e-08, 1.3229e-07, 3.4786e-08, 5.2324e-08, 7.7574e-08,
        3.0924e-08, 4.1131e-08, 1.0843e-07, 3.2708e-08, 7.1677e-08, 4.1768e-08,
        2.3436e-08, 1.0902e-07, 1.8752e-08, 6.8233e-08, 8.3345e-08, 3.9699e-08,
        9.9177e-08, 2.6412e-08])//
train_examples$32000$8000.0//
train_loss$33600$1.2144726933911442e-07//
train_individual_losses$33600$tensor([8.2210e-08, 1.2520e-07, 8.7554e-08, 5.8597e-08, 5.4796e-08, 1.7811e-07,
        8.0146e-08, 7.4813e-07, 9.8757e-08, 2.0292e-08, 3.5264e-08, 1.1599e-07,
        1.3882e-07, 7.2030e-08, 9.3972e-08, 3.5113e-08, 2.6825e-08, 1.3653e-07,
        1.6931e-07, 7.1299e-08])//
train_examples$33600$8000.0//
train_loss$35200$7.678198744542896e-08//
train_individual_losses$35200$tensor([4.1587e-08, 6.7761e-08, 1.3477e-07, 7.5423e-08, 1.5039e-07, 9.8344e-08,
        3.3645e-08, 2.1849e-08, 1.1132e-07, 2.2550e-07, 7.3625e-08, 6.6470e-08,
        2.2096e-08, 9.2028e-08, 1.7673e-08, 9.6141e-08, 1.8198e-08, 5.8694e-08,
        8.5223e-08, 4.4915e-08])//
train_examples$35200$8000.0//
train_loss$36800$1.035665045492351e-07//
train_individual_losses$36800$tensor([8.6114e-08, 7.1031e-08, 1.0648e-07, 3.3327e-08, 8.4005e-08, 8.3115e-08,
        3.3818e-08, 1.7530e-07, 1.4001e-07, 9.1210e-09, 1.2836e-07, 9.1510e-08,
        1.8362e-07, 2.5585e-07, 1.1058e-07, 4.2225e-08, 1.1929e-07, 1.7163e-07,
        1.1200e-07, 3.3958e-08])//
train_examples$36800$8000.0//
train_loss$38400$5.124509334564209e-08//
train_individual_losses$38400$tensor([1.7963e-08, 5.9085e-08, 5.8159e-08, 5.9905e-08, 4.9193e-08, 5.7182e-08,
        4.4009e-08, 8.7228e-08, 1.9681e-07, 3.8796e-08, 1.7599e-08, 2.9476e-08,
        2.8124e-08, 6.4929e-08, 1.9260e-08, 5.9444e-08, 2.5103e-08, 3.2880e-08,
        5.9184e-08, 2.0572e-08])//
train_examples$38400$8000.0//
train_loss$40000$1.3328928034752608e-07//
train_individual_losses$40000$tensor([5.1424e-07, 2.2886e-07, 1.1763e-07, 6.5818e-08, 7.3065e-08, 2.4144e-07,
        9.3736e-08, 1.5295e-07, 5.1580e-08, 7.5940e-08, 3.1820e-08, 2.9770e-08,
        1.0442e-07, 1.1295e-07, 2.4506e-08, 1.2733e-07, 1.2649e-07, 1.5535e-07,
        1.0279e-07, 2.3509e-07])//
train_examples$40000$8000.0//
train_loss$41600$4.0364201413467524e-08//
train_individual_losses$41600$tensor([1.7789e-08, 3.7879e-08, 5.6491e-08, 3.4724e-08, 5.7412e-08, 5.6401e-08,
        5.1863e-08, 4.7233e-08, 4.7439e-08, 7.2905e-09, 2.5176e-08, 1.2782e-08,
        1.3872e-08, 3.3983e-08, 1.1041e-08, 6.7502e-08, 1.1393e-07, 3.0992e-08,
        5.4289e-08, 2.9201e-08])//
train_examples$41600$8000.0//
train_loss$43200$7.515726028941572e-08//
train_individual_losses$43200$tensor([7.8152e-08, 6.8836e-08, 1.0398e-07, 5.0232e-08, 5.0453e-08, 6.0420e-08,
        1.8829e-07, 2.6574e-08, 6.4676e-08, 8.5208e-08, 3.9376e-08, 2.0004e-08,
        2.1517e-07, 9.5727e-08, 3.1353e-08, 2.3592e-08, 1.3786e-07, 5.3157e-08,
        5.2808e-08, 5.7272e-08])//
train_examples$43200$8000.0//
train_loss$44800$1.407779986038804e-07//
train_individual_losses$44800$tensor([1.9857e-07, 1.1394e-07, 5.8077e-07, 7.0986e-08, 2.7493e-07, 2.0166e-07,
        1.6937e-07, 4.6295e-08, 9.6937e-08, 1.2709e-08, 2.4865e-08, 1.4438e-07,
        1.2110e-07, 2.9765e-08, 1.0302e-08, 3.7136e-07, 2.8374e-08, 4.4351e-08,
        4.7118e-08, 2.2779e-07])//
train_examples$44800$8000.0//
train_loss$46400$9.190934360958636e-08//
train_individual_losses$46400$tensor([5.5452e-08, 2.4385e-07, 4.5778e-08, 6.1557e-08, 5.5009e-08, 3.1890e-08,
        3.5931e-08, 3.2197e-07, 4.0342e-08, 7.3162e-08, 6.9078e-08, 2.1832e-08,
        1.3633e-07, 2.6245e-07, 5.9942e-08, 5.5990e-08, 3.9129e-08, 3.0466e-08,
        4.1827e-08, 1.5621e-07])//
train_examples$46400$8000.0//
train_loss$48000$6.382373976521194e-08//
train_individual_losses$48000$tensor([3.3895e-08, 9.4090e-08, 5.8782e-08, 1.4463e-07, 4.0460e-08, 3.0346e-08,
        3.0126e-08, 2.9643e-08, 1.9080e-07, 2.1903e-08, 1.1409e-08, 4.6791e-08,
        1.8903e-07, 2.2436e-08, 1.0276e-07, 2.4386e-08, 6.3200e-08, 3.5835e-08,
        4.3026e-08, 6.2924e-08])//
train_examples$48000$8000.0//
train_loss$49600$7.995756459422409e-08//
train_individual_losses$49600$tensor([9.1188e-08, 1.0244e-07, 5.5373e-08, 3.0163e-08, 2.7321e-08, 2.6144e-08,
        3.3182e-08, 3.3716e-08, 1.3281e-07, 1.7619e-08, 1.7979e-08, 6.1837e-07,
        3.1129e-08, 3.6413e-08, 5.8341e-08, 2.4050e-08, 6.5156e-08, 8.9668e-08,
        8.8032e-08, 2.0064e-08])//
train_examples$49600$8000.0//
train_loss$51200$3.507872461341322e-08//
train_individual_losses$51200$tensor([2.9251e-08, 1.0650e-07, 4.6224e-08, 3.7697e-08, 2.9567e-08, 3.9461e-08,
        2.0013e-08, 2.4134e-08, 2.8343e-08, 6.8127e-09, 3.4784e-08, 3.4300e-08,
        1.3213e-08, 1.7018e-08, 1.1966e-08, 2.7974e-08, 6.2911e-08, 4.0356e-08,
        6.9192e-08, 2.1857e-08])//
train_examples$51200$8000.0//
train_loss$52800$7.351769600063562e-08//
train_individual_losses$52800$tensor([6.3789e-08, 1.3313e-07, 5.3655e-08, 1.2087e-07, 1.2136e-07, 1.1316e-07,
        6.3245e-08, 1.0816e-07, 2.8199e-08, 1.7920e-08, 1.0350e-08, 1.0471e-07,
        1.2580e-07, 6.4083e-08, 9.2570e-08, 5.3331e-08, 5.6235e-08, 4.1853e-08,
        4.2401e-08, 5.5532e-08])//
train_examples$52800$8000.0//
train_loss$54400$8.338831830769778e-08//
train_individual_losses$54400$tensor([3.5379e-07, 1.3683e-07, 1.2359e-07, 8.1687e-08, 9.8460e-08, 5.0891e-08,
        1.9288e-08, 6.8656e-08, 3.3860e-08, 3.3670e-08, 4.4746e-08, 6.4362e-09,
        1.7117e-07, 1.4891e-08, 2.9338e-08, 1.1324e-07, 1.4639e-08, 3.0271e-08,
        1.0718e-07, 1.3514e-07])//
train_examples$54400$8000.0//
train_loss$56000$5.417846841737628e-08//
train_individual_losses$56000$tensor([2.4106e-08, 3.9690e-08, 1.0078e-07, 8.2762e-08, 3.0540e-08, 2.4161e-08,
        9.2622e-08, 1.2946e-08, 4.8055e-08, 1.2337e-07, 1.7807e-08, 1.5650e-07,
        1.2518e-08, 3.9732e-08, 1.8049e-08, 2.7580e-08, 1.5766e-07, 2.6382e-08,
        3.3477e-08, 1.4833e-08])//
train_examples$56000$8000.0//
train_loss$57600$6.53638388030231e-08//
train_individual_losses$57600$tensor([1.4869e-08, 7.3039e-08, 4.2642e-08, 3.9782e-08, 4.7804e-08, 2.4986e-08,
        1.8211e-08, 2.6197e-08, 8.3824e-08, 9.1225e-08, 3.1088e-08, 1.8648e-08,
        7.0767e-08, 4.4241e-08, 2.2137e-07, 3.8872e-08, 2.6912e-08, 2.2354e-08,
        3.5559e-07, 1.4851e-08])//
train_examples$57600$8000.0//
train_loss$59200$8.774568559601903e-08//
train_individual_losses$59200$tensor([4.7242e-08, 1.2628e-07, 3.9132e-08, 6.3199e-08, 2.7785e-08, 1.7271e-07,
        1.5770e-07, 1.3025e-08, 4.1861e-07, 2.2575e-07, 2.3786e-08, 1.1281e-07,
        6.3184e-08, 1.8224e-08, 7.5502e-09, 2.1848e-08, 1.0069e-07, 2.7947e-08,
        3.9849e-08, 4.7584e-08])//
train_examples$59200$8000.0//
train_loss$60800$5.2422325825318694e-08//
train_individual_losses$60800$tensor([5.0095e-08, 4.4954e-08, 6.7450e-08, 1.4552e-08, 1.8136e-07, 2.9086e-08,
        5.2732e-08, 1.4428e-08, 7.1441e-08, 9.2267e-08, 1.2975e-08, 6.6472e-09,
        6.9556e-08, 4.8998e-08, 4.3320e-08, 5.9231e-08, 5.1770e-08, 3.6339e-08,
        4.7018e-08, 5.4224e-08])//
train_examples$60800$8000.0//
train_loss$62400$6.635335157625377e-08//
train_individual_losses$62400$tensor([8.4624e-08, 3.0781e-08, 5.6450e-08, 1.7723e-08, 5.4116e-08, 2.4062e-08,
        2.2856e-08, 1.1020e-07, 1.3559e-07, 2.8556e-07, 1.6797e-08, 6.2303e-08,
        8.4151e-08, 1.2649e-07, 4.9300e-09, 2.7925e-08, 2.3175e-08, 8.7767e-08,
        4.0430e-08, 3.1141e-08])//
train_examples$62400$8000.0//
train_loss$64000$4.301215521991253e-08//
train_individual_losses$64000$tensor([3.7751e-08, 7.9424e-08, 5.6056e-08, 2.0757e-08, 1.1638e-07, 1.9193e-08,
        2.2719e-08, 1.3275e-08, 7.6347e-08, 2.8902e-08, 1.1096e-08, 4.8557e-08,
        5.8224e-08, 2.6507e-08, 2.9097e-08, 9.4631e-08, 1.7797e-08, 2.9076e-08,
        5.8566e-08, 1.5889e-08])//
train_examples$64000$8000.0//
train_loss$65600$2.70976684987545e-08//
train_individual_losses$65600$tensor([4.5281e-08, 3.0661e-08, 7.3464e-08, 9.2173e-09, 4.4077e-08, 3.1624e-08,
        1.9618e-08, 1.5714e-08, 1.9555e-08, 4.9734e-08, 1.8762e-08, 2.4111e-08,
        9.8827e-09, 1.9989e-08, 8.2154e-09, 1.7117e-08, 3.5318e-08, 1.8544e-08,
        2.6759e-08, 2.4311e-08])//
train_examples$65600$8000.0//
train_loss$67200$4.038735060021281e-08//
train_individual_losses$67200$tensor([8.5336e-08, 3.6018e-08, 5.2319e-08, 2.1868e-08, 5.6530e-08, 2.0997e-08,
        1.9255e-08, 2.3376e-08, 1.9616e-08, 6.8046e-09, 3.9002e-08, 8.8417e-09,
        1.1528e-08, 1.0455e-07, 8.9755e-08, 3.4224e-08, 2.1389e-08, 4.9236e-08,
        4.5246e-08, 6.1852e-08])//
train_examples$67200$8000.0//
train_loss$68800$1.2278433423489332e-07//
train_individual_losses$68800$tensor([1.9298e-07, 3.5178e-08, 4.9119e-08, 2.1375e-08, 4.0604e-08, 2.7782e-07,
        2.2842e-07, 1.7460e-07, 2.2264e-07, 1.0105e-08, 7.6013e-08, 6.7159e-08,
        7.7108e-08, 2.7209e-08, 3.2551e-07, 2.1731e-07, 1.5668e-07, 3.0435e-08,
        1.1417e-07, 1.1126e-07])//
train_examples$68800$8000.0//
train_loss$70400$3.95173003198579e-08//
train_individual_losses$70400$tensor([1.8936e-08, 5.5820e-08, 7.6817e-08, 6.4777e-09, 2.0907e-08, 1.6686e-08,
        1.8344e-08, 3.8895e-08, 2.6869e-08, 3.7969e-08, 8.8206e-08, 1.2329e-08,
        9.3990e-09, 1.9052e-08, 5.7403e-09, 5.0710e-08, 3.7870e-08, 1.6773e-07,
        6.7587e-08, 1.4005e-08])//
train_examples$70400$8000.0//
train_loss$72000$3.857601550407708e-08//
train_individual_losses$72000$tensor([7.6245e-08, 4.9632e-08, 3.9595e-08, 6.8751e-08, 5.5917e-08, 2.3363e-08,
        3.5218e-08, 3.0466e-08, 2.7514e-08, 6.9469e-08, 2.7073e-08, 1.0408e-08,
        1.3819e-08, 5.1429e-08, 1.1640e-08, 4.1587e-08, 4.6977e-08, 5.7198e-08,
        2.2489e-08, 1.2730e-08])//
train_examples$72000$8000.0//
train_loss$73600$5.112153012305498e-08//
train_individual_losses$73600$tensor([1.9192e-08, 1.4621e-07, 9.3837e-08, 2.0034e-07, 5.0179e-08, 1.0374e-07,
        3.9198e-08, 2.4350e-08, 4.8421e-08, 2.4245e-08, 1.1342e-08, 2.9612e-08,
        2.2264e-08, 5.2585e-08, 2.9844e-08, 5.3195e-08, 1.3575e-08, 1.8369e-08,
        3.0677e-08, 1.1258e-08])//
train_examples$73600$8000.0//
train_loss$75200$6.043778266757727e-08//
train_individual_losses$75200$tensor([1.2566e-07, 1.7671e-07, 7.1140e-08, 2.5608e-08, 6.5756e-08, 4.3988e-08,
        1.6933e-08, 1.6027e-08, 1.1500e-07, 5.2457e-09, 9.5493e-09, 4.3719e-09,
        8.3929e-09, 1.1002e-07, 1.3471e-08, 2.8861e-08, 2.3975e-07, 4.1032e-08,
        3.5366e-08, 5.5873e-08])//
train_examples$75200$8000.0//
train_loss$76800$7.825128268450499e-08//
train_individual_losses$76800$tensor([1.5853e-08, 6.6730e-08, 1.7530e-07, 2.4733e-07, 2.8130e-07, 3.9940e-08,
        5.2777e-08, 1.1618e-07, 1.5088e-08, 7.7202e-08, 3.9327e-08, 8.1172e-09,
        1.3965e-08, 9.6777e-09, 1.9599e-07, 5.4076e-08, 1.2624e-08, 1.4062e-08,
        1.8070e-08, 1.1142e-07])//
train_examples$76800$8000.0//
train_loss$78400$3.146564995404333e-08//
train_individual_losses$78400$tensor([3.1466e-08, 1.9392e-08, 4.2798e-08, 3.9472e-08, 6.1967e-08, 3.4070e-08,
        8.8973e-08, 2.1186e-08, 6.8690e-08, 5.2576e-09, 3.1557e-08, 4.3321e-09,
        1.7520e-08, 9.2370e-09, 1.2464e-08, 1.4832e-08, 1.3556e-08, 1.5077e-08,
        1.9689e-08, 7.7777e-08])//
train_examples$78400$8000.0//
train_loss$80000$8.15891835372895e-08//
train_individual_losses$80000$tensor([1.8640e-08, 6.9555e-08, 1.0786e-07, 3.9533e-09, 1.8147e-07, 2.0851e-07,
        3.3934e-08, 1.3248e-07, 2.6209e-08, 6.1890e-09, 8.0852e-09, 7.4315e-08,
        1.3403e-08, 2.6426e-08, 3.7605e-09, 2.3598e-07, 1.7005e-07, 2.3131e-08,
        2.6033e-07, 2.7508e-08])//
train_examples$80000$8000.0//
train_loss$81600$5.4474122589454054e-08//
train_individual_losses$81600$tensor([2.7708e-08, 1.8726e-08, 4.7890e-08, 4.6123e-08, 2.8265e-08, 4.2170e-08,
        1.7270e-08, 1.9787e-08, 7.8257e-08, 4.3665e-08, 2.1789e-07, 5.7340e-08,
        1.0255e-08, 6.5499e-08, 4.3870e-08, 2.5355e-08, 2.2936e-07, 1.3654e-08,
        2.3296e-08, 3.3100e-08])//
train_examples$81600$8000.0//
train_loss$83200$6.694824551232159e-08//
train_individual_losses$83200$tensor([7.3614e-08, 2.1158e-08, 3.3690e-08, 1.1259e-08, 3.5855e-08, 3.9205e-07,
        9.7952e-08, 4.7877e-08, 4.3921e-08, 9.9175e-09, 3.0864e-08, 4.6152e-09,
        1.0989e-08, 6.0837e-08, 7.8071e-09, 2.1502e-08, 1.4738e-08, 3.6472e-07,
        3.0092e-08, 2.5508e-08])//
train_examples$83200$8000.0//
train_loss$84800$8.840590598993003e-08//
train_individual_losses$84800$tensor([7.6370e-08, 2.1292e-08, 1.5766e-07, 3.9589e-07, 8.4234e-08, 2.4869e-07,
        5.9317e-08, 3.8849e-08, 5.5265e-08, 5.3676e-08, 9.9099e-08, 9.4332e-08,
        1.3849e-08, 3.5009e-08, 4.6217e-09, 5.6238e-08, 6.5199e-09, 1.6657e-07,
        5.8420e-08, 4.2210e-08])//
train_examples$84800$8000.0//
train_loss$86400$5.386526463553309e-08//
train_individual_losses$86400$tensor([3.4293e-08, 9.4029e-08, 2.6342e-08, 3.0648e-09, 2.3139e-08, 4.1955e-08,
        7.3337e-08, 4.4084e-08, 1.2083e-07, 4.5378e-08, 1.0096e-07, 5.0919e-08,
        9.5463e-09, 4.5032e-08, 1.6033e-07, 1.1633e-08, 7.0354e-08, 1.0894e-08,
        2.0425e-08, 9.0759e-08])//
train_examples$86400$8000.0//
train_loss$88000$4.756980924867094e-08//
train_individual_losses$88000$tensor([2.4443e-07, 2.8486e-08, 3.4901e-08, 1.9603e-07, 2.2775e-08, 8.2335e-08,
        2.8924e-08, 1.6305e-08, 2.2893e-08, 6.2491e-09, 1.0246e-08, 9.6893e-09,
        1.2126e-08, 9.3349e-09, 4.2954e-09, 1.1052e-08, 6.4672e-09, 2.6497e-08,
        1.6302e-07, 1.5336e-08])//
train_examples$88000$8000.0//
train_loss$89600$1.3269167393445968e-07//
train_individual_losses$89600$tensor([1.0211e-08, 4.2518e-08, 7.0289e-08, 1.2284e-07, 2.8076e-08, 7.1531e-08,
        2.4183e-07, 2.1885e-07, 2.1709e-08, 1.0768e-07, 1.3391e-08, 6.9843e-07,
        1.6647e-08, 1.0125e-08, 3.2336e-09, 1.6409e-08, 2.8154e-08, 8.4674e-07,
        7.0681e-08, 1.4499e-08])//
train_examples$89600$8000.0//
train_loss$91200$4.582079127430916e-08//
train_individual_losses$91200$tensor([2.0921e-08, 3.2868e-08, 3.2824e-08, 3.4969e-07, 4.5038e-08, 1.3207e-08,
        1.6209e-08, 1.8497e-08, 2.4291e-08, 4.6184e-09, 1.6445e-07, 1.1337e-08,
        9.4183e-09, 1.2929e-08, 2.7557e-08, 4.0320e-08, 5.0934e-08, 9.3941e-09,
        1.4828e-08, 1.7088e-08])//
train_examples$91200$8000.0//
train_loss$92800$4.612590128090233e-08//
train_individual_losses$92800$tensor([8.9612e-09, 1.7492e-07, 3.3973e-08, 3.3251e-09, 1.3434e-08, 4.2842e-08,
        1.2182e-07, 3.4233e-08, 6.9630e-08, 3.1637e-08, 8.1174e-09, 3.0922e-08,
        3.2984e-08, 1.1024e-08, 5.3761e-08, 4.0933e-08, 6.3151e-08, 3.5752e-08,
        4.0603e-08, 7.0496e-08])//
train_examples$92800$8000.0//
train_loss$94400$2.7208667597733438e-08//
train_individual_losses$94400$tensor([3.7178e-08, 3.5165e-08, 4.2502e-08, 8.0750e-09, 1.6543e-08, 1.7554e-08,
        2.0124e-08, 7.4311e-08, 1.5272e-08, 2.3927e-08, 1.3294e-08, 4.0472e-09,
        3.3620e-08, 8.2170e-08, 2.1676e-08, 4.8250e-08, 5.9314e-09, 8.3847e-09,
        1.6994e-08, 1.9157e-08])//
train_examples$94400$8000.0//
train_loss$96000$8.121721330098807e-08//
train_individual_losses$96000$tensor([8.8759e-09, 2.3380e-08, 3.4960e-08, 1.4230e-07, 1.5576e-08, 6.5449e-08,
        2.9517e-08, 4.3521e-08, 2.8433e-08, 3.7808e-08, 5.5656e-08, 3.5493e-09,
        7.5525e-09, 7.3653e-09, 9.8387e-07, 3.7398e-08, 6.1475e-09, 5.2771e-08,
        2.9839e-08, 1.0377e-08])//
train_examples$96000$8000.0//
train_loss$97600$3.150416014250368e-08//
train_individual_losses$97600$tensor([8.7123e-08, 8.4088e-08, 4.1628e-08, 1.4367e-08, 5.5909e-08, 2.5747e-08,
        1.5317e-08, 5.2303e-08, 8.7374e-08, 1.1073e-08, 1.6063e-08, 2.1266e-08,
        2.0480e-08, 1.9953e-08, 2.9207e-09, 1.5903e-08, 1.3442e-08, 1.0318e-08,
        2.4351e-08, 1.0458e-08])//
train_examples$97600$8000.0//
train_loss$99200$3.674746549222618e-08//
train_individual_losses$99200$tensor([2.0652e-08, 2.0624e-08, 4.2284e-08, 4.9611e-09, 2.8083e-08, 4.2013e-08,
        6.8900e-08, 1.4033e-08, 1.3669e-08, 6.7990e-09, 4.7751e-08, 3.3145e-09,
        4.5394e-08, 7.7194e-09, 2.5370e-07, 9.8266e-09, 6.2332e-09, 1.2546e-08,
        6.4386e-08, 2.2064e-08])//
train_examples$99200$8000.0//
train_loss$100800$5.3705490427091715e-08//
train_individual_losses$100800$tensor([1.8143e-08, 8.7911e-08, 5.4784e-08, 4.7129e-09, 1.7779e-07, 9.8261e-08,
        5.3117e-08, 3.1513e-08, 5.7640e-08, 9.1148e-09, 3.2964e-08, 3.7921e-08,
        4.1882e-08, 8.2354e-09, 3.1439e-09, 2.7702e-07, 2.1964e-08, 5.3577e-09,
        3.7470e-08, 1.5164e-08])//
train_examples$100800$8000.0//
train_loss$102400$2.514740626793355e-08//
train_individual_losses$102400$tensor([2.5165e-08, 5.7922e-08, 7.5197e-08, 8.3439e-09, 2.1015e-08, 4.5773e-08,
        2.6176e-08, 2.0206e-08, 4.6437e-08, 5.0467e-09, 1.2011e-08, 5.7957e-09,
        1.0625e-08, 6.7346e-09, 6.3881e-09, 1.3932e-08, 1.8985e-08, 3.3724e-08,
        5.4680e-08, 8.7906e-09])//
train_examples$102400$8000.0//
train_loss$104000$4.304808971937746e-08//
train_individual_losses$104000$tensor([2.3232e-08, 5.5488e-08, 2.1022e-08, 6.5430e-09, 2.5185e-08, 4.9649e-08,
        4.9896e-08, 1.3482e-08, 1.8033e-08, 7.7250e-09, 5.9099e-08, 1.5422e-07,
        6.1592e-08, 1.4436e-08, 3.1039e-08, 1.4904e-08, 1.3431e-07, 5.8311e-08,
        8.0625e-09, 5.4738e-08])//
train_examples$104000$8000.0//
train_loss$105600$3.060646413359791e-08//
train_individual_losses$105600$tensor([2.6174e-08, 3.4614e-08, 2.4501e-08, 7.6934e-09, 1.0435e-08, 8.2695e-09,
        5.3641e-08, 1.7762e-08, 1.7409e-08, 1.5225e-08, 3.7699e-08, 1.2138e-08,
        3.1726e-08, 9.2053e-09, 6.5159e-09, 1.2335e-07, 7.0832e-08, 6.1240e-08,
        9.1912e-09, 3.4507e-08])//
train_examples$105600$8000.0//
train_loss$107200$3.544943174347282e-08//
train_individual_losses$107200$tensor([4.4424e-08, 1.6421e-08, 1.4450e-07, 1.7647e-08, 3.0144e-08, 1.8033e-08,
        3.4734e-08, 6.2942e-08, 3.7616e-08, 1.5797e-08, 1.1319e-08, 1.3730e-08,
        2.5847e-08, 1.0642e-08, 3.6724e-08, 1.2423e-08, 2.4021e-08, 7.4424e-08,
        4.0181e-08, 3.7421e-08])//
train_examples$107200$8000.0//
train_loss$108800$3.7108431570231916e-08//
train_individual_losses$108800$tensor([1.3024e-08, 1.3714e-08, 2.5730e-07, 3.9400e-08, 9.0941e-09, 7.0216e-08,
        2.4936e-08, 1.1767e-08, 5.1926e-08, 4.1210e-09, 9.0172e-09, 6.8185e-09,
        7.2016e-09, 2.6019e-08, 3.4088e-09, 1.3344e-08, 1.2065e-08, 3.5769e-08,
        6.2842e-08, 7.0180e-08])//
train_examples$108800$8000.0//
train_loss$110400$4.988518194295466e-08//
train_individual_losses$110400$tensor([3.0061e-08, 1.9832e-08, 1.5947e-07, 5.2857e-08, 3.8707e-08, 2.7108e-08,
        1.6265e-08, 1.0685e-07, 6.4862e-08, 5.6062e-09, 2.0299e-08, 2.5264e-09,
        4.3232e-08, 7.1785e-08, 1.3507e-08, 1.5525e-07, 2.3206e-08, 2.4249e-08,
        1.0370e-07, 1.8339e-08])//
train_examples$110400$8000.0//
train_loss$112000$6.274125189520419e-08//
train_individual_losses$112000$tensor([4.3469e-08, 4.0068e-08, 2.1982e-07, 1.9854e-08, 8.1285e-08, 1.0484e-08,
        2.7557e-08, 1.1260e-08, 4.8663e-08, 9.6177e-08, 1.0092e-07, 1.6755e-08,
        4.5095e-08, 7.9591e-08, 4.9188e-08, 8.4949e-08, 1.2735e-08, 2.1331e-07,
        1.1107e-08, 4.2543e-08])//
train_examples$112000$8000.0//
train_loss$113600$2.3413688177242875e-08//
train_individual_losses$113600$tensor([7.8800e-09, 2.5969e-08, 3.8943e-08, 7.8137e-09, 9.6147e-09, 2.9125e-08,
        2.1345e-08, 3.9324e-08, 3.8987e-08, 4.0145e-08, 2.0672e-08, 5.4992e-09,
        1.9532e-08, 1.3491e-08, 6.5681e-08, 1.0391e-08, 1.1101e-08, 1.8908e-08,
        1.9094e-08, 2.4758e-08])//
train_examples$113600$8000.0//
train_loss$115200$6.973737035878003e-08//
train_individual_losses$115200$tensor([1.0597e-07, 5.1581e-08, 8.9722e-08, 4.0742e-08, 1.8058e-08, 6.4568e-08,
        4.6310e-08, 5.8745e-08, 1.5626e-07, 3.0626e-08, 4.8936e-08, 7.3042e-08,
        2.6345e-08, 9.0002e-08, 3.2612e-07, 1.3499e-08, 4.5203e-08, 9.4530e-09,
        7.9099e-08, 2.0473e-08])//
train_examples$115200$8000.0//
train_loss$116800$9.221798391081392e-08//
train_individual_losses$116800$tensor([7.4139e-08, 3.9190e-08, 1.8033e-07, 3.1628e-08, 1.5738e-07, 2.0234e-07,
        4.7924e-08, 1.1021e-08, 4.1426e-08, 4.5541e-07, 7.4390e-09, 3.0730e-08,
        1.7257e-08, 1.2974e-07, 2.7746e-09, 1.2335e-08, 1.5350e-07, 2.2683e-08,
        1.1004e-08, 2.1611e-07])//
train_examples$116800$8000.0//
train_loss$118400$1.055906992405653e-07//
train_individual_losses$118400$tensor([7.8891e-08, 8.3121e-08, 1.9518e-08, 5.8515e-09, 1.1669e-08, 3.7244e-08,
        1.3631e-07, 3.6334e-08, 2.8933e-08, 2.7698e-08, 1.3583e-08, 3.0734e-09,
        1.5472e-07, 5.4886e-07, 3.5617e-07, 5.2466e-08, 6.2306e-09, 1.2324e-08,
        4.8788e-07, 1.0935e-08])//
train_examples$118400$8000.0//
train_loss$120000$5.3005240624770523e-08//
train_individual_losses$120000$tensor([1.9577e-07, 8.1363e-08, 2.6185e-08, 1.9449e-08, 4.0309e-08, 1.8144e-07,
        7.2149e-08, 2.6527e-08, 2.6877e-08, 5.2703e-09, 1.7933e-08, 1.6434e-07,
        3.4657e-08, 3.4757e-08, 3.5830e-09, 6.1890e-08, 6.2082e-09, 1.3701e-08,
        4.0643e-08, 7.0546e-09])//
train_examples$120000$8000.0//
train_loss$121600$2.8646047576330603e-08//
train_individual_losses$121600$tensor([1.6741e-08, 1.8327e-08, 1.9984e-08, 1.7872e-09, 9.3437e-09, 4.6671e-08,
        2.7941e-08, 7.1759e-08, 1.8433e-07, 5.8655e-09, 1.0464e-08, 5.6013e-09,
        2.8575e-08, 4.8674e-08, 5.1007e-09, 8.2382e-09, 4.1946e-09, 2.5814e-08,
        6.2152e-09, 2.7291e-08])//
train_examples$121600$8000.0//
train_loss$123200$3.609122068155557e-08//
train_individual_losses$123200$tensor([1.6620e-08, 5.1936e-08, 1.2110e-07, 2.0282e-08, 2.1233e-08, 1.4201e-08,
        2.4430e-07, 9.1473e-09, 1.3883e-08, 8.4024e-09, 3.9121e-08, 9.5503e-09,
        5.4011e-08, 1.4308e-08, 1.0320e-08, 1.1808e-08, 1.6240e-08, 3.2853e-09,
        2.8890e-08, 1.3183e-08])//
train_examples$123200$8000.0//
train_loss$124800$4.7166546573862435e-08//
train_individual_losses$124800$tensor([7.9082e-08, 6.5865e-08, 2.8733e-08, 5.7186e-08, 4.0555e-08, 1.1588e-08,
        3.0047e-08, 8.3894e-09, 4.1532e-08, 9.7689e-08, 6.2961e-08, 8.4144e-09,
        2.7972e-08, 2.4743e-07, 9.2917e-09, 4.2464e-08, 5.9382e-09, 7.9536e-09,
        6.2249e-08, 7.9933e-09])//
train_examples$124800$8000.0//
train_loss$126400$5.1980267744511364e-08//
train_individual_losses$126400$tensor([1.2890e-08, 1.0043e-08, 5.4076e-08, 1.8291e-09, 9.1856e-08, 1.7464e-07,
        9.3965e-08, 8.9733e-08, 1.5509e-08, 3.3436e-07, 3.5161e-08, 3.2759e-08,
        8.3604e-09, 5.3821e-09, 2.3999e-08, 8.3735e-09, 1.0006e-08, 1.6030e-08,
        1.3139e-08, 7.4929e-09])//
train_examples$126400$8000.0//
train_loss$128000$4.509121645241976e-08//
train_individual_losses$128000$tensor([9.1546e-08, 1.0226e-08, 3.1319e-08, 1.0971e-08, 9.7412e-09, 6.1260e-09,
        7.3298e-08, 3.5988e-08, 1.2538e-07, 2.2461e-08, 1.6972e-07, 3.0857e-08,
        1.8198e-08, 3.7744e-08, 1.3832e-08, 7.1644e-08, 4.9050e-09, 7.3443e-08,
        5.1423e-08, 1.3006e-08])//
train_examples$128000$8000.0//
train_loss$129600$8.130014757625758e-08//
train_individual_losses$129600$tensor([9.3374e-09, 4.5588e-08, 1.5727e-07, 1.9559e-07, 7.2043e-09, 7.6778e-09,
        1.3649e-08, 2.2140e-08, 1.8486e-08, 3.1640e-08, 3.9945e-08, 3.0973e-08,
        4.1239e-08, 1.6885e-08, 1.9365e-08, 1.5399e-08, 3.4539e-07, 5.2894e-07,
        7.1918e-08, 7.3676e-09])//
train_examples$129600$8000.0//
train_loss$131200$3.6667456151917576e-08//
train_individual_losses$131200$tensor([2.4944e-08, 2.8356e-08, 1.5407e-08, 1.5157e-08, 8.8468e-09, 1.0332e-08,
        1.2156e-08, 1.2059e-08, 7.1401e-08, 8.5710e-08, 9.1307e-09, 9.1742e-09,
        6.0001e-08, 2.4874e-08, 1.8984e-09, 7.3826e-09, 1.9150e-08, 2.3264e-07,
        3.0980e-08, 5.3748e-08])//
train_examples$131200$8000.0//
train_loss$132800$2.0193253294564782e-08//
train_individual_losses$132800$tensor([1.1884e-08, 1.3575e-08, 2.8075e-08, 1.0258e-08, 7.3536e-08, 1.8732e-08,
        2.1801e-08, 8.9273e-09, 2.2017e-08, 5.6784e-08, 6.5111e-09, 1.5364e-09,
        1.0517e-08, 5.9229e-09, 2.1912e-08, 1.2161e-08, 1.9666e-08, 3.1261e-08,
        2.3245e-08, 5.5443e-09])//
train_examples$132800$8000.0//
train_loss$134400$5.793238524347544e-08//
train_individual_losses$134400$tensor([3.0172e-08, 4.5625e-08, 3.8329e-08, 2.5525e-08, 3.5735e-08, 8.3215e-08,
        2.4157e-08, 3.8425e-08, 7.4423e-08, 4.3568e-09, 2.4701e-08, 1.1654e-07,
        9.5691e-08, 2.2570e-08, 6.4103e-08, 2.6429e-08, 2.7643e-08, 6.7772e-08,
        2.1515e-07, 9.8086e-08])//
train_examples$134400$8000.0//
train_loss$136000$2.9660252039320768e-08//
train_individual_losses$136000$tensor([1.1174e-08, 6.7503e-08, 3.9921e-08, 7.3104e-09, 1.4340e-08, 5.2123e-09,
        3.1624e-08, 7.2754e-09, 1.4248e-08, 4.7073e-09, 2.3222e-08, 1.7783e-08,
        1.1529e-07, 7.3310e-08, 4.0658e-09, 3.6808e-08, 1.2514e-08, 3.5394e-08,
        3.7346e-08, 3.4154e-08])//
train_examples$136000$8000.0//
train_loss$137600$6.37453340459615e-08//
train_individual_losses$137600$tensor([1.2720e-08, 1.8537e-08, 1.9479e-08, 6.8316e-08, 2.7095e-08, 2.3153e-08,
        1.2184e-07, 4.9752e-07, 1.3947e-07, 2.0532e-08, 9.1672e-08, 1.7203e-08,
        2.1490e-08, 1.4225e-08, 7.0146e-09, 3.7305e-08, 6.4640e-08, 3.1753e-08,
        3.5993e-08, 4.9503e-09])//
train_examples$137600$8000.0//
train_loss$139200$8.877914515323936e-08//
train_individual_losses$139200$tensor([9.5101e-09, 1.3167e-07, 5.5235e-07, 7.7810e-09, 7.2382e-08, 1.8219e-07,
        2.3214e-07, 9.9919e-09, 2.4181e-08, 1.6200e-08, 7.6631e-08, 1.2006e-07,
        3.3542e-08, 2.7172e-08, 1.3349e-08, 1.5749e-07, 2.7574e-08, 4.6379e-09,
        1.1109e-08, 6.5627e-08])//
train_examples$139200$8000.0//
train_loss$140800$4.010576230939478e-08//
train_individual_losses$140800$tensor([9.5302e-09, 4.9918e-08, 2.7357e-08, 1.6441e-08, 8.3911e-09, 1.0402e-08,
        9.5233e-08, 2.5898e-08, 6.8747e-08, 1.8777e-07, 5.9273e-09, 5.8625e-09,
        3.6824e-08, 5.0982e-09, 6.7251e-08, 5.7290e-08, 6.7602e-08, 2.1414e-08,
        2.0360e-08, 1.4793e-08])//
train_examples$140800$8000.0//
train_loss$142400$4.063445085193962e-08//
train_individual_losses$142400$tensor([7.2028e-08, 9.7324e-08, 4.2674e-08, 3.8575e-09, 1.0023e-07, 2.3321e-08,
        1.0737e-07, 3.2252e-08, 2.6595e-08, 3.3428e-08, 9.9175e-09, 7.0161e-08,
        6.3237e-09, 1.6627e-08, 1.2714e-08, 1.5569e-08, 2.6889e-08, 2.1941e-08,
        1.5292e-08, 7.8179e-08])//
train_examples$142400$8000.0//
train_loss$144000$2.4231645511463283e-08//
train_individual_losses$144000$tensor([2.3406e-08, 2.7754e-08, 1.6274e-08, 8.9406e-08, 7.1034e-09, 4.6780e-09,
        1.3482e-08, 7.9007e-08, 1.4516e-08, 5.1881e-09, 1.0429e-08, 3.1822e-09,
        3.9728e-08, 3.8086e-08, 5.9520e-09, 5.2632e-08, 1.1181e-08, 1.5751e-08,
        6.5537e-09, 2.0323e-08])//
train_examples$144000$8000.0//
train_loss$145600$2.7346680872142316e-08//
train_individual_losses$145600$tensor([2.4337e-08, 1.7311e-08, 2.8376e-08, 3.6495e-08, 1.3462e-08, 1.8157e-08,
        7.4686e-08, 2.6066e-08, 4.3857e-08, 4.8415e-09, 1.7551e-08, 1.0909e-08,
        5.8389e-09, 3.2023e-08, 2.6861e-08, 4.2794e-08, 6.5628e-08, 1.1187e-08,
        1.2917e-08, 3.3636e-08])//
train_examples$145600$8000.0//
train_loss$147200$2.954798983410001e-08//
train_individual_losses$147200$tensor([8.9189e-09, 6.1032e-08, 7.8063e-08, 3.9486e-08, 1.0638e-08, 4.8525e-09,
        9.0443e-09, 9.7683e-09, 2.5772e-08, 9.2567e-08, 6.6715e-09, 4.6235e-09,
        6.4977e-09, 2.0504e-08, 7.4483e-09, 1.5200e-08, 7.1998e-09, 1.3285e-07,
        4.3315e-08, 6.5093e-09])//
train_examples$147200$8000.0//
train_loss$148800$2.9127378365956245e-08//
train_individual_losses$148800$tensor([2.9481e-08, 3.1557e-08, 1.4454e-08, 1.8047e-08, 5.1635e-08, 2.2869e-08,
        7.3090e-08, 1.1485e-08, 2.2935e-08, 4.3478e-09, 1.1804e-08, 2.2753e-08,
        2.8294e-08, 4.6175e-08, 1.2464e-07, 8.9968e-09, 7.4578e-09, 3.9770e-08,
        6.5634e-09, 6.1903e-09])//
train_examples$148800$8000.0//
train_loss$150400$3.6513159284368156e-08//
train_individual_losses$150400$tensor([1.4977e-08, 5.0664e-08, 5.1808e-08, 2.3705e-08, 5.1133e-08, 1.3922e-08,
        3.8129e-08, 8.4711e-08, 4.6586e-08, 4.7965e-08, 1.1489e-08, 8.2868e-09,
        1.4481e-08, 9.8380e-09, 7.4991e-08, 1.1882e-08, 7.1839e-09, 1.4333e-07,
        4.5874e-09, 2.0599e-08])//
train_examples$150400$8000.0//
train_loss$152000$4.2298962944187224e-08//
train_individual_losses$152000$tensor([7.6706e-09, 1.5691e-08, 2.0326e-08, 6.9574e-09, 7.6308e-09, 6.7420e-09,
        1.0500e-08, 1.2390e-08, 1.5452e-08, 4.3921e-09, 3.4470e-08, 1.5403e-09,
        5.8907e-07, 1.7324e-08, 2.8445e-09, 7.9870e-09, 6.8993e-08, 1.7430e-09,
        4.2250e-09, 1.0027e-08])//
train_examples$152000$8000.0//
train_loss$153600$6.911130622029305e-08//
train_individual_losses$153600$tensor([2.2064e-08, 1.4275e-08, 1.9967e-07, 1.3663e-08, 4.9105e-08, 6.6898e-08,
        1.2532e-08, 5.5015e-08, 4.2419e-08, 3.7099e-08, 1.0207e-08, 2.3341e-07,
        7.8890e-09, 1.0454e-07, 2.3804e-07, 1.2226e-07, 1.0554e-08, 1.4120e-08,
        5.6557e-09, 1.2281e-07])//
train_examples$153600$8000.0//
train_loss$155200$1.021425356157124e-07//
train_individual_losses$155200$tensor([2.4489e-08, 2.1380e-08, 1.6472e-08, 8.2827e-08, 1.1117e-07, 1.2689e-08,
        5.0712e-07, 1.0766e-08, 1.2698e-08, 8.6736e-08, 8.4598e-09, 2.9216e-08,
        1.1108e-07, 5.8333e-09, 6.5197e-09, 5.8172e-08, 8.2641e-07, 1.7450e-09,
        8.2698e-08, 2.6378e-08])//
train_examples$155200$8000.0//
train_loss$156800$3.8917243364267053e-08//
train_individual_losses$156800$tensor([1.0144e-07, 2.4479e-07, 6.1391e-08, 1.9241e-08, 7.2921e-09, 1.6345e-08,
        2.7650e-08, 2.5088e-08, 1.7612e-08, 4.6938e-09, 1.3492e-08, 2.6830e-09,
        1.5259e-07, 2.8112e-08, 6.8860e-09, 8.0660e-09, 2.4641e-08, 4.4426e-09,
        5.9154e-09, 5.9786e-09])//
train_examples$156800$8000.0//
train_loss$158400$3.3670049742795526e-08//
train_individual_losses$158400$tensor([4.1863e-08, 1.1271e-08, 1.1129e-07, 9.4092e-09, 1.9847e-08, 3.1923e-08,
        4.6175e-08, 6.6487e-09, 6.2100e-08, 3.5680e-08, 1.9518e-08, 7.8802e-08,
        9.6360e-09, 9.0118e-09, 9.3246e-09, 2.8593e-08, 1.1234e-08, 1.6189e-08,
        1.0894e-07, 5.9391e-09])//
train_examples$158400$8000.0//
train_loss$160000$7.277428521774709e-08//
train_individual_losses$160000$tensor([9.2396e-09, 3.6709e-08, 4.7934e-07, 2.3031e-08, 5.6170e-08, 4.4956e-08,
        7.6855e-08, 4.5036e-07, 3.3154e-08, 2.8736e-09, 1.2300e-07, 7.3083e-09,
        1.0013e-08, 1.2689e-08, 2.9967e-08, 1.8862e-08, 1.0404e-08, 4.8317e-09,
        1.1407e-08, 1.4316e-08])//
train_examples$160000$8000.0