train_loss$0$0.4035737060546875//
train_individual_losses$0$tensor([0.0397, 0.3457, 0.1468, 0.0623, 0.0760, 1.6971, 0.6748, 0.4838, 0.4288,
        0.6251, 0.0143, 0.0822, 0.0431, 0.9180, 0.4282, 0.5378, 0.0575, 0.7788,
        0.5936, 0.0380])//
train_examples$0$8000.0//
train_loss$1600$0.0071020866394042965//
train_individual_losses$1600$tensor([3.0731e-03, 1.0815e-02, 6.0045e-03, 1.4835e-03, 2.9065e-03, 2.5755e-02,
        2.6213e-03, 8.7796e-03, 7.8507e-03, 2.1498e-02, 9.6649e-05, 2.3582e-03,
        6.2763e-03, 3.9649e-03, 4.1992e-03, 1.1906e-02, 3.1128e-03, 9.1283e-03,
        9.7416e-03, 4.6937e-04])//
train_examples$1600$8000.0//
train_loss$3200$0.0024260753631591796//
train_individual_losses$3200$tensor([4.4665e-05, 5.9007e-03, 3.3764e-04, 2.6503e-05, 6.3689e-05, 6.0906e-03,
        7.9544e-04, 3.3755e-03, 1.4303e-03, 1.5204e-02, 1.8858e-05, 5.1070e-05,
        8.5034e-05, 9.7102e-04, 8.4474e-04, 5.3539e-03, 6.4152e-05, 4.0843e-03,
        3.7642e-03, 1.4979e-05])//
train_examples$3200$8000.0//
train_loss$4800$0.0009111242294311524//
train_individual_losses$4800$tensor([2.0630e-05, 1.0651e-03, 3.4632e-05, 1.9948e-05, 3.7832e-05, 2.9433e-03,
        1.2680e-04, 4.7634e-04, 1.3433e-04, 1.0791e-02, 1.3268e-05, 3.4326e-05,
        2.8187e-05, 1.8115e-04, 6.6188e-05, 1.0689e-03, 3.7683e-05, 6.9567e-04,
        4.3384e-04, 1.3156e-05])//
train_examples$4800$8000.0//
train_loss$6400$0.0002934137582778931//
train_individual_losses$6400$tensor([1.5117e-05, 1.1112e-04, 2.5899e-05, 1.5837e-05, 2.9418e-05, 7.3683e-04,
        8.1724e-05, 1.3780e-04, 1.0311e-04, 3.9693e-03, 8.9529e-06, 2.4885e-05,
        1.7948e-05, 1.1876e-04, 3.0834e-05, 1.7199e-04, 2.4281e-05, 1.2506e-04,
        1.0899e-04, 1.0454e-05])//
train_examples$6400$8000.0//
train_loss$8000$5.8564108610153196e-05//
train_individual_losses$8000$tensor([1.1040e-05, 8.6192e-05, 1.8877e-05, 1.0089e-05, 1.8605e-05, 2.0913e-04,
        6.0035e-05, 1.0457e-04, 8.1498e-05, 9.0076e-05, 5.2913e-06, 1.4319e-05,
        1.0882e-05, 9.7496e-05, 2.6813e-05, 1.3456e-04, 1.3963e-05, 9.2100e-05,
        7.8795e-05, 6.9470e-06])//
train_examples$8000$8000.0//
train_loss$9600$3.65153968334198e-05//
train_individual_losses$9600$tensor([7.2679e-06, 5.7213e-05, 1.2946e-05, 4.7122e-06, 8.7854e-06, 1.5806e-04,
        3.7575e-05, 6.1340e-05, 5.6661e-05, 1.8418e-05, 2.4930e-06, 5.8666e-06,
        6.3209e-06, 6.3170e-05, 2.0675e-05, 9.5667e-05, 6.8516e-06, 5.7518e-05,
        4.5280e-05, 3.4855e-06])//
train_examples$9600$8000.0//
train_loss$11200$1.94700688123703e-05//
train_individual_losses$11200$tensor([3.7806e-06, 2.9703e-05, 7.1820e-06, 1.7209e-06, 3.3249e-06, 1.0431e-04,
        1.9112e-05, 2.7275e-05, 2.9742e-05, 1.0458e-05, 8.7809e-07, 2.3551e-06,
        2.9976e-06, 2.7767e-05, 1.3601e-05, 4.9507e-05, 3.1493e-06, 2.8776e-05,
        2.2516e-05, 1.2479e-06])//
train_examples$11200$8000.0//
train_loss$12800$8.27201083302498e-06//
train_individual_losses$12800$tensor([1.5254e-06, 1.2318e-05, 2.9290e-06, 6.3561e-07, 1.1536e-06, 5.3796e-05,
        7.2065e-06, 1.0888e-05, 9.4393e-06, 4.9012e-06, 3.2317e-07, 1.1191e-06,
        1.3159e-06, 9.1853e-06, 7.6775e-06, 1.6595e-05, 1.4732e-06, 1.2944e-05,
        9.5028e-06, 5.1125e-07])//
train_examples$12800$8000.0//
train_loss$14400$3.0445922166109087e-06//
train_individual_losses$14400$tensor([7.9479e-07, 4.6055e-06, 1.0985e-06, 3.8936e-07, 5.8021e-07, 2.2098e-05,
        1.9368e-06, 4.1145e-06, 2.1994e-06, 1.6310e-06, 2.4022e-07, 6.3430e-07,
        7.2135e-07, 2.2291e-06, 3.5726e-06, 4.6191e-06, 9.4326e-07, 4.9827e-06,
        3.1013e-06, 3.9984e-07])//
train_examples$14400$8000.0//
train_loss$16000$1.2161982245743275e-06//
train_individual_losses$16000$tensor([6.3544e-07, 1.9727e-06, 7.4053e-07, 2.4854e-07, 4.2502e-07, 7.8500e-06,
        4.2428e-07, 1.9862e-06, 7.8307e-07, 8.2484e-07, 1.9921e-07, 4.1694e-07,
        5.7914e-07, 6.5532e-07, 1.4831e-06, 1.5103e-06, 7.2163e-07, 1.6553e-06,
        9.2377e-07, 2.8858e-07])//
train_examples$16000$8000.0//
train_loss$17600$6.161267403513193e-07//
train_individual_losses$17600$tensor([5.7837e-07, 9.9249e-07, 5.6843e-07, 2.1371e-07, 3.6866e-07, 2.4983e-06,
        1.6862e-07, 1.2590e-06, 4.4289e-07, 5.6899e-07, 1.7736e-07, 3.4603e-07,
        4.4498e-07, 2.8874e-07, 7.9270e-07, 7.8044e-07, 5.7462e-07, 6.4670e-07,
        3.7770e-07, 2.3379e-07])//
train_examples$17600$8000.0//
train_loss$19200$4.136642906814814e-07//
train_individual_losses$19200$tensor([4.8289e-07, 6.4656e-07, 4.5602e-07, 1.7298e-07, 3.1565e-07, 7.7279e-07,
        1.3899e-07, 1.0116e-06, 3.5278e-07, 4.2671e-07, 1.5190e-07, 2.7797e-07,
        3.6453e-07, 1.6416e-07, 6.0528e-07, 6.0311e-07, 4.8841e-07, 4.2010e-07,
        2.3726e-07, 1.8361e-07])//
train_examples$19200$8000.0//
train_loss$20800$3.260121215134859e-07//
train_individual_losses$20800$tensor([4.3007e-07, 4.1600e-07, 3.7175e-07, 1.4993e-07, 2.8400e-07, 3.9233e-07,
        1.1043e-07, 7.2701e-07, 2.8967e-07, 3.3294e-07, 1.3308e-07, 2.4202e-07,
        3.1443e-07, 1.4170e-07, 5.5655e-07, 5.0199e-07, 4.3083e-07, 3.6150e-07,
        1.8093e-07, 1.5309e-07])//
train_examples$20800$8000.0//
train_loss$22400$2.690106397494674e-07//
train_individual_losses$22400$tensor([3.8150e-07, 2.9501e-07, 3.0896e-07, 1.4287e-07, 2.5338e-07, 3.0514e-07,
        1.0654e-07, 5.7548e-07, 2.3651e-07, 2.8726e-07, 1.2668e-07, 2.1268e-07,
        2.7853e-07, 1.0087e-07, 4.0117e-07, 4.0442e-07, 3.6076e-07, 3.2189e-07,
        1.4465e-07, 1.3592e-07])//
train_examples$22400$8000.0//
train_loss$24000$2.3703090846538543e-07//
train_individual_losses$24000$tensor([4.0092e-07, 2.2242e-07, 2.7804e-07, 1.1503e-07, 2.4621e-07, 2.6882e-07,
        8.8932e-08, 4.8444e-07, 2.0502e-07, 2.4147e-07, 1.0336e-07, 1.7877e-07,
        2.5056e-07, 8.0262e-08, 3.5030e-07, 3.5552e-07, 3.7010e-07, 2.8796e-07,
        1.0858e-07, 1.0390e-07])//
train_examples$24000$8000.0//
train_loss$25600$1.8898939015343786e-07//
train_individual_losses$25600$tensor([3.0677e-07, 1.4631e-07, 2.1214e-07, 1.0163e-07, 2.1307e-07, 2.3677e-07,
        8.0182e-08, 3.5128e-07, 1.7401e-07, 1.8981e-07, 9.1686e-08, 1.5935e-07,
        2.0446e-07, 6.0795e-08, 2.7628e-07, 2.7323e-07, 2.7509e-07, 2.5315e-07,
        8.3395e-08, 9.0379e-08])//
train_examples$25600$8000.0//
train_loss$27200$1.6170418821275233e-07//
train_individual_losses$27200$tensor([2.8000e-07, 1.0937e-07, 1.8038e-07, 9.3999e-08, 1.9599e-07, 1.9981e-07,
        7.5060e-08, 2.7073e-07, 1.4245e-07, 1.5568e-07, 8.5517e-08, 1.3566e-07,
        1.7905e-07, 5.2150e-08, 2.3749e-07, 2.2776e-07, 2.4593e-07, 2.2541e-07,
        6.0533e-08, 8.1111e-08])//
train_examples$27200$8000.0//
train_loss$28800$1.4241518219932913e-07//
train_individual_losses$28800$tensor([2.6564e-07, 8.8064e-08, 1.6145e-07, 8.2948e-08, 1.8721e-07, 1.7621e-07,
        7.0790e-08, 2.1511e-07, 1.2779e-07, 1.3315e-07, 7.4021e-08, 1.2029e-07,
        1.6091e-07, 4.4153e-08, 2.0210e-07, 1.9109e-07, 2.2705e-07, 2.0209e-07,
        4.5098e-08, 7.3142e-08])//
train_examples$28800$8000.0//
train_loss$30400$1.2424526503309609e-07//
train_individual_losses$30400$tensor([2.4099e-07, 7.8628e-08, 1.4171e-07, 7.6053e-08, 1.7116e-07, 1.5136e-07,
        6.3490e-08, 1.6505e-07, 1.0812e-07, 1.2263e-07, 6.5679e-08, 1.0016e-07,
        1.4708e-07, 3.8242e-08, 1.7798e-07, 1.5231e-07, 2.0611e-07, 1.8007e-07,
        3.3621e-08, 6.4452e-08])//
train_examples$30400$8000.0//
train_loss$32000$1.1091830674558877e-07//
train_individual_losses$32000$tensor([2.2649e-07, 8.3417e-08, 1.2762e-07, 7.3434e-08, 1.6089e-07, 1.3157e-07,
        5.8075e-08, 1.3454e-07, 9.2601e-08, 8.3926e-08, 6.1826e-08, 9.0178e-08,
        1.2925e-07, 3.5264e-08, 1.5756e-07, 1.2539e-07, 1.9130e-07, 1.5868e-07,
        3.2346e-08, 6.4007e-08])//
train_examples$32000$8000.0//
train_loss$33600$1.010185806080699e-07//
train_individual_losses$33600$tensor([2.2276e-07, 6.4285e-08, 1.2246e-07, 6.4893e-08, 1.5202e-07, 1.1261e-07,
        5.4711e-08, 1.1737e-07, 9.1660e-08, 6.9291e-08, 5.8531e-08, 8.3164e-08,
        1.1771e-07, 3.2647e-08, 1.4186e-07, 1.0627e-07, 1.8376e-07, 1.3793e-07,
        3.0346e-08, 5.6077e-08])//
train_examples$33600$8000.0//
train_loss$35200$8.93790100235492e-08//
train_individual_losses$35200$tensor([2.0276e-07, 5.7894e-08, 1.0598e-07, 6.3800e-08, 1.4105e-07, 9.4328e-08,
        5.6161e-08, 9.3516e-08, 7.6864e-08, 5.7097e-08, 4.8013e-08, 6.6707e-08,
        1.0917e-07, 4.0242e-08, 1.2906e-07, 8.3868e-08, 1.6808e-07, 1.2197e-07,
        1.8529e-08, 5.2498e-08])//
train_examples$35200$8000.0//
train_loss$36800$8.220078307203948e-08//
train_individual_losses$36800$tensor([1.9341e-07, 5.4781e-08, 9.8258e-08, 5.4671e-08, 1.3421e-07, 8.0218e-08,
        4.8135e-08, 8.4707e-08, 7.0733e-08, 5.0688e-08, 4.5848e-08, 6.1372e-08,
        1.0412e-07, 2.7548e-08, 1.1821e-07, 7.4171e-08, 1.5856e-07, 1.0948e-07,
        1.9590e-08, 5.5292e-08])//
train_examples$36800$8000.0//
train_loss$38400$7.788740331307053e-08//
train_individual_losses$38400$tensor([1.8425e-07, 6.0280e-08, 9.1882e-08, 5.2524e-08, 1.2911e-07, 7.1718e-08,
        4.6357e-08, 7.4812e-08, 6.9762e-08, 4.3826e-08, 4.3452e-08, 6.0868e-08,
        9.9599e-08, 3.5490e-08, 1.0903e-07, 6.1939e-08, 1.5340e-07, 9.8294e-08,
        2.1853e-08, 4.9307e-08])//
train_examples$38400$8000.0//
train_loss$40000$6.926798960193992e-08//
train_individual_losses$40000$tensor([1.7692e-07, 5.0481e-08, 8.4833e-08, 4.3887e-08, 1.2042e-07, 6.2986e-08,
        4.4102e-08, 5.7557e-08, 6.6735e-08, 4.2214e-08, 3.8268e-08, 4.9536e-08,
        9.2069e-08, 2.4272e-08, 9.5957e-08, 4.5713e-08, 1.4553e-07, 8.6634e-08,
        1.1609e-08, 4.5642e-08])//
train_examples$40000$8000.0//
train_loss$41600$6.523499614559113e-08//
train_individual_losses$41600$tensor([1.7017e-07, 5.4525e-08, 7.9955e-08, 4.1052e-08, 1.1620e-07, 5.7996e-08,
        3.9226e-08, 5.0151e-08, 6.3401e-08, 3.9239e-08, 3.6099e-08, 4.5223e-08,
        8.8149e-08, 2.3348e-08, 8.8942e-08, 3.7136e-08, 1.3573e-07, 7.9210e-08,
        1.2397e-08, 4.6541e-08])//
train_examples$41600$8000.0//
train_loss$43200$5.990120116621256e-08//
train_individual_losses$43200$tensor([1.6334e-07, 4.6541e-08, 7.0378e-08, 3.7817e-08, 1.0843e-07, 4.5604e-08,
        3.7873e-08, 4.4888e-08, 5.8647e-08, 3.7526e-08, 3.2117e-08, 4.0472e-08,
        8.4319e-08, 2.3435e-08, 7.9679e-08, 3.3028e-08, 1.3183e-07, 7.1412e-08,
        8.3407e-09, 4.2347e-08])//
train_examples$43200$8000.0//
train_loss$44800$5.97662408836186e-08//
train_individual_losses$44800$tensor([1.6874e-07, 4.4886e-08, 7.0584e-08, 3.4802e-08, 1.0331e-07, 4.4485e-08,
        3.5789e-08, 3.8869e-08, 5.9382e-08, 3.5838e-08, 3.0012e-08, 3.7638e-08,
        8.1821e-08, 2.3491e-08, 8.2268e-08, 2.9040e-08, 1.2412e-07, 7.9691e-08,
        2.7919e-08, 4.2645e-08])//
train_examples$44800$8000.0//
train_loss$46400$5.617458955384791e-08//
train_individual_losses$46400$tensor([1.6627e-07, 4.3084e-08, 7.3880e-08, 3.2942e-08, 9.8170e-08, 3.6226e-08,
        3.5623e-08, 3.7678e-08, 5.4259e-08, 3.6871e-08, 2.8209e-08, 3.5531e-08,
        8.1040e-08, 2.1154e-08, 7.7777e-08, 2.3915e-08, 1.2080e-07, 6.3192e-08,
        1.7930e-08, 3.8939e-08])//
train_examples$46400$8000.0//
train_loss$48000$5.0441204803064467e-08//
train_individual_losses$48000$tensor([1.4649e-07, 4.1224e-08, 5.3611e-08, 3.1136e-08, 9.5454e-08, 3.3059e-08,
        3.5387e-08, 3.3997e-08, 5.4899e-08, 3.5103e-08, 2.7441e-08, 3.3354e-08,
        7.5664e-08, 1.8636e-08, 5.9129e-08, 1.9041e-08, 1.1530e-07, 5.4993e-08,
        7.2399e-09, 3.7669e-08])//
train_examples$48000$8000.0//
train_loss$49600$4.813831765204668e-08//
train_individual_losses$49600$tensor([1.4866e-07, 3.9819e-08, 4.9616e-08, 2.8545e-08, 8.9751e-08, 2.7992e-08,
        3.1425e-08, 3.0986e-08, 5.1366e-08, 3.2191e-08, 2.5308e-08, 3.3713e-08,
        7.9301e-08, 2.0315e-08, 5.5039e-08, 1.6896e-08, 1.0992e-07, 5.0993e-08,
        5.3731e-09, 3.5564e-08])//
train_examples$49600$8000.0//
train_loss$51200$4.946719272993505e-08//
train_individual_losses$51200$tensor([1.5430e-07, 3.8604e-08, 4.6300e-08, 3.8624e-08, 9.2544e-08, 3.0865e-08,
        3.0199e-08, 3.0762e-08, 5.8118e-08, 3.5635e-08, 2.9373e-08, 3.6282e-08,
        7.3843e-08, 1.9376e-08, 4.9554e-08, 1.5679e-08, 1.1671e-07, 4.9165e-08,
        6.3678e-09, 3.7042e-08])//
train_examples$51200$8000.0//
train_loss$52800$4.7093399916775524e-08//
train_individual_losses$52800$tensor([1.5591e-07, 3.6506e-08, 4.0472e-08, 2.5674e-08, 8.7990e-08, 2.4844e-08,
        2.9897e-08, 3.5101e-08, 5.1668e-08, 3.0460e-08, 2.3644e-08, 2.8001e-08,
        7.3450e-08, 2.3156e-08, 4.3918e-08, 3.9982e-08, 1.0495e-07, 4.4497e-08,
        4.9625e-09, 3.6782e-08])//
train_examples$52800$8000.0//
train_loss$54400$4.1567496373318135e-08//
train_individual_losses$54400$tensor([1.3144e-07, 3.6111e-08, 3.6260e-08, 2.4146e-08, 7.6588e-08, 2.3512e-08,
        2.9742e-08, 2.3027e-08, 4.8116e-08, 3.0159e-08, 2.3868e-08, 2.8110e-08,
        6.9305e-08, 1.7924e-08, 3.8910e-08, 1.4007e-08, 1.0041e-07, 4.1574e-08,
        4.6267e-09, 3.3515e-08])//
train_examples$54400$8000.0//
train_loss$56000$4.27229591878131e-08//
train_individual_losses$56000$tensor([1.3063e-07, 3.5058e-08, 3.9510e-08, 2.9718e-08, 7.6965e-08, 1.8824e-08,
        3.3756e-08, 2.6046e-08, 4.5315e-08, 2.8470e-08, 2.9016e-08, 3.5888e-08,
        6.7362e-08, 1.8697e-08, 3.5150e-08, 1.0085e-08, 1.0492e-07, 4.0342e-08,
        4.5587e-09, 4.4139e-08])//
train_examples$56000$8000.0//
train_loss$57600$3.813799703493714e-08//
train_individual_losses$57600$tensor([1.2155e-07, 3.2572e-08, 3.1641e-08, 2.2147e-08, 7.7896e-08, 1.7700e-08,
        2.7627e-08, 2.0315e-08, 4.6528e-08, 2.7421e-08, 2.0275e-08, 2.4485e-08,
        6.5063e-08, 1.6406e-08, 3.2653e-08, 9.2088e-09, 9.1548e-08, 3.9239e-08,
        8.8255e-09, 2.9664e-08])//
train_examples$57600$8000.0//
train_loss$59200$3.685044648591429e-08//
train_individual_losses$59200$tensor([1.1509e-07, 3.7641e-08, 2.8123e-08, 2.0854e-08, 7.1154e-08, 1.6082e-08,
        2.6732e-08, 2.1864e-08, 4.2573e-08, 2.7125e-08, 1.9222e-08, 2.4195e-08,
        6.2739e-08, 2.0123e-08, 2.9321e-08, 1.0732e-08, 8.9451e-08, 3.6725e-08,
        6.3381e-09, 3.0924e-08])//
train_examples$59200$8000.0//
train_loss$60800$3.549057291820645e-08//
train_individual_losses$60800$tensor([1.1177e-07, 3.0387e-08, 2.6202e-08, 2.0645e-08, 7.5355e-08, 1.5346e-08,
        2.8049e-08, 2.2139e-08, 4.2999e-08, 2.9737e-08, 1.8481e-08, 2.2701e-08,
        6.3702e-08, 1.5206e-08, 2.7366e-08, 7.5237e-09, 8.4332e-08, 3.4624e-08,
        4.6803e-09, 2.8567e-08])//
train_examples$60800$8000.0//
train_loss$62400$3.4902800689451395e-08//
train_individual_losses$62400$tensor([1.1259e-07, 2.8616e-08, 3.1954e-08, 2.0373e-08, 6.2585e-08, 1.4131e-08,
        3.2307e-08, 1.7519e-08, 4.1656e-08, 3.0770e-08, 2.1023e-08, 2.6208e-08,
        5.6262e-08, 1.8501e-08, 2.9376e-08, 6.8345e-09, 8.1767e-08, 3.2769e-08,
        5.5729e-09, 2.7245e-08])//
train_examples$62400$8000.0//
train_loss$64000$3.38062469381839e-08//
train_individual_losses$64000$tensor([1.2126e-07, 3.0584e-08, 2.5316e-08, 1.8339e-08, 5.7735e-08, 1.7099e-08,
        2.9879e-08, 1.7151e-08, 4.6653e-08, 2.7186e-08, 1.8945e-08, 2.1058e-08,
        5.4215e-08, 1.5368e-08, 2.4408e-08, 6.3870e-09, 8.0194e-08, 3.1247e-08,
        6.4691e-09, 2.6635e-08])//
train_examples$64000$8000.0//
train_loss$65600$3.3841791446320714e-08//
train_individual_losses$65600$tensor([1.0716e-07, 3.0213e-08, 2.8412e-08, 1.7885e-08, 5.4486e-08, 1.3122e-08,
        3.0717e-08, 1.9790e-08, 4.6538e-08, 2.5889e-08, 2.5380e-08, 2.2523e-08,
        5.3642e-08, 2.3460e-08, 2.9072e-08, 6.3955e-09, 8.0742e-08, 3.1452e-08,
        3.9073e-09, 2.6050e-08])//
train_examples$65600$8000.0//
train_loss$67200$3.1319676782004535e-08//
train_individual_losses$67200$tensor([9.9287e-08, 2.5182e-08, 2.1487e-08, 1.7203e-08, 6.1014e-08, 1.1683e-08,
        2.4560e-08, 1.6361e-08, 3.8800e-08, 2.3231e-08, 1.6390e-08, 2.0144e-08,
        6.6916e-08, 1.5342e-08, 2.0819e-08, 5.7845e-09, 8.2537e-08, 2.9353e-08,
        5.7607e-09, 2.4537e-08])//
train_examples$67200$8000.0//
train_loss$68800$2.9675231780856847e-08//
train_individual_losses$68800$tensor([9.4788e-08, 2.4384e-08, 2.1221e-08, 1.6587e-08, 5.1807e-08, 1.2547e-08,
        2.4762e-08, 2.1793e-08, 3.6728e-08, 2.2980e-08, 1.7720e-08, 2.0466e-08,
        4.9667e-08, 1.4737e-08, 2.0455e-08, 5.3464e-09, 7.2177e-08, 2.8549e-08,
        1.2636e-08, 2.4155e-08])//
train_examples$68800$8000.0//
train_loss$70400$2.8163951355963946e-08//
train_individual_losses$70400$tensor([8.9350e-08, 2.3034e-08, 2.0530e-08, 1.6998e-08, 4.8279e-08, 1.2801e-08,
        2.3976e-08, 1.7613e-08, 3.5631e-08, 2.2466e-08, 1.6115e-08, 1.9082e-08,
        4.8540e-08, 1.4349e-08, 1.9992e-08, 7.4195e-09, 6.7357e-08, 3.0252e-08,
        5.2136e-09, 2.4282e-08])//
train_examples$70400$8000.0//
train_loss$72000$2.817821514327079e-08//
train_individual_losses$72000$tensor([8.5599e-08, 2.3420e-08, 2.6551e-08, 1.5718e-08, 4.5376e-08, 1.0046e-08,
        2.8507e-08, 1.4964e-08, 3.5104e-08, 2.8812e-08, 1.6127e-08, 2.1070e-08,
        5.0065e-08, 1.3718e-08, 2.1194e-08, 4.1647e-09, 6.6576e-08, 2.9272e-08,
        4.2929e-09, 2.2985e-08])//
train_examples$72000$8000.0//
train_loss$73600$2.650597889441997e-08//
train_individual_losses$73600$tensor([8.1405e-08, 2.3115e-08, 1.9546e-08, 1.5184e-08, 4.2887e-08, 9.9061e-09,
        2.3657e-08, 1.3972e-08, 4.1495e-08, 2.1490e-08, 1.5151e-08, 1.8277e-08,
        4.5169e-08, 1.3229e-08, 1.8004e-08, 4.0938e-09, 6.2297e-08, 2.6316e-08,
        1.2804e-08, 2.2122e-08])//
train_examples$73600$8000.0//
train_loss$75200$2.5430406094528735e-08//
train_individual_losses$75200$tensor([7.8605e-08, 2.1753e-08, 1.9580e-08, 1.4723e-08, 4.0780e-08, 1.0875e-08,
        2.5517e-08, 1.3315e-08, 3.3061e-08, 2.3488e-08, 1.4567e-08, 1.9050e-08,
        4.4097e-08, 1.2970e-08, 1.8064e-08, 5.7005e-09, 6.0526e-08, 2.6746e-08,
        3.6091e-09, 2.1582e-08])//
train_examples$75200$8000.0//
train_loss$76800$2.6088865706697107e-08//
train_individual_losses$76800$tensor([7.6291e-08, 2.0759e-08, 1.8433e-08, 1.4429e-08, 3.9008e-08, 9.1578e-09,
        2.8813e-08, 1.2834e-08, 3.2396e-08, 2.4570e-08, 1.7530e-08, 1.8309e-08,
        4.9883e-08, 1.6537e-08, 1.7308e-08, 1.1798e-08, 6.1529e-08, 2.5289e-08,
        4.7148e-09, 2.2188e-08])//
train_examples$76800$8000.0//
train_loss$78400$2.7052138466387988e-08//
train_individual_losses$78400$tensor([7.4299e-08, 2.6958e-08, 2.8398e-08, 1.6120e-08, 3.7638e-08, 8.8723e-09,
        3.5419e-08, 1.2575e-08, 3.7613e-08, 2.5179e-08, 1.5035e-08, 1.8241e-08,
        4.2049e-08, 1.3007e-08, 1.8430e-08, 5.8311e-09, 5.7750e-08, 3.8847e-08,
        3.5957e-09, 2.5186e-08])//
train_examples$78400$8000.0//
train_loss$80000$2.449165331199765e-08//
train_individual_losses$80000$tensor([6.8988e-08, 1.9505e-08, 3.0775e-08, 1.3771e-08, 3.5916e-08, 9.5159e-09,
        2.3571e-08, 1.2136e-08, 3.0659e-08, 2.1282e-08, 1.4218e-08, 1.7807e-08,
        4.1304e-08, 1.2917e-08, 3.0011e-08, 5.1345e-09, 5.3197e-08, 2.4131e-08,
        4.3474e-09, 2.0647e-08])//
train_examples$80000$8000.0