train_loss$0$3.56476796875//
train_individual_losses$0$tensor([2.8763, 2.8710, 2.6421, 2.0224, 4.5682, 2.8830, 2.5487, 2.4120, 3.1469,
        8.1002, 3.6588, 1.1111, 8.6327, 2.9044, 1.9466, 4.3865, 6.1771, 2.9482,
        3.1238, 2.3354])//
train_examples$0$8000.0//
train_loss$1600$0.07189784545898438//
train_individual_losses$1600$tensor([0.0719, 0.0726, 0.0710, 0.0741, 0.0714, 0.0723, 0.0728, 0.0726, 0.0723,
        0.0666, 0.0708, 0.0736, 0.0682, 0.0725, 0.0743, 0.0715, 0.0679, 0.0734,
        0.0732, 0.0750])//
train_examples$1600$8000.0//
train_loss$3200$0.04714762573242187//
train_individual_losses$3200$tensor([0.0448, 0.0440, 0.0425, 0.0429, 0.0547, 0.0477, 0.0419, 0.0442, 0.0456,
        0.0493, 0.0466, 0.0266, 0.0545, 0.0434, 0.0453, 0.0523, 0.0493, 0.0559,
        0.0526, 0.0589])//
train_examples$3200$8000.0//
train_loss$4800$0.014035386657714843//
train_individual_losses$4800$tensor([0.0118, 0.0108, 0.0104, 0.0072, 0.0207, 0.0126, 0.0087, 0.0103, 0.0122,
        0.0238, 0.0138, 0.0071, 0.0288, 0.0111, 0.0073, 0.0178, 0.0208, 0.0170,
        0.0148, 0.0139])//
train_examples$4800$8000.0//
train_loss$6400$0.006035356521606445//
train_individual_losses$6400$tensor([0.0056, 0.0054, 0.0050, 0.0043, 0.0069, 0.0058, 0.0042, 0.0047, 0.0056,
        0.0080, 0.0063, 0.0048, 0.0125, 0.0071, 0.0039, 0.0057, 0.0076, 0.0062,
        0.0059, 0.0052])//
train_examples$6400$8000.0//
train_loss$8000$0.003281705093383789//
train_individual_losses$8000$tensor([0.0037, 0.0029, 0.0022, 0.0026, 0.0034, 0.0029, 0.0023, 0.0026, 0.0033,
        0.0043, 0.0035, 0.0023, 0.0056, 0.0037, 0.0028, 0.0042, 0.0043, 0.0040,
        0.0030, 0.0020])//
train_examples$8000$8000.0//
train_loss$9600$0.0015916081428527832//
train_individual_losses$9600$tensor([0.0014, 0.0013, 0.0011, 0.0011, 0.0013, 0.0017, 0.0010, 0.0011, 0.0017,
        0.0023, 0.0010, 0.0013, 0.0035, 0.0016, 0.0018, 0.0024, 0.0018, 0.0016,
        0.0015, 0.0011])//
train_examples$9600$8000.0//
train_loss$11200$0.0008159745216369629//
train_individual_losses$11200$tensor([0.0006, 0.0008, 0.0006, 0.0006, 0.0007, 0.0009, 0.0006, 0.0007, 0.0007,
        0.0009, 0.0006, 0.0007, 0.0021, 0.0009, 0.0008, 0.0010, 0.0007, 0.0008,
        0.0008, 0.0008])//
train_examples$11200$8000.0//
train_loss$12800$0.0005880353450775146//
train_individual_losses$12800$tensor([0.0004, 0.0006, 0.0004, 0.0004, 0.0006, 0.0007, 0.0004, 0.0005, 0.0005,
        0.0007, 0.0004, 0.0006, 0.0015, 0.0006, 0.0006, 0.0006, 0.0006, 0.0005,
        0.0006, 0.0006])//
train_examples$12800$8000.0//
train_loss$14400$0.00044284310340881347//
train_individual_losses$14400$tensor([0.0003, 0.0004, 0.0003, 0.0003, 0.0005, 0.0005, 0.0003, 0.0004, 0.0004,
        0.0006, 0.0003, 0.0005, 0.0007, 0.0005, 0.0005, 0.0005, 0.0004, 0.0003,
        0.0005, 0.0005])//
train_examples$14400$8000.0//
train_loss$16000$0.0003499346971511841//
train_individual_losses$16000$tensor([0.0003, 0.0003, 0.0003, 0.0003, 0.0003, 0.0004, 0.0003, 0.0003, 0.0004,
        0.0005, 0.0003, 0.0004, 0.0005, 0.0004, 0.0004, 0.0004, 0.0003, 0.0003,
        0.0004, 0.0004])//
train_examples$16000$8000.0//
train_loss$17600$0.00028845298290252686//
train_individual_losses$17600$tensor([0.0002, 0.0002, 0.0002, 0.0003, 0.0002, 0.0003, 0.0002, 0.0002, 0.0003,
        0.0004, 0.0002, 0.0004, 0.0005, 0.0003, 0.0003, 0.0003, 0.0002, 0.0002,
        0.0003, 0.0003])//
train_examples$17600$8000.0//
train_loss$19200$0.00024711694717407227//
train_individual_losses$19200$tensor([0.0002, 0.0002, 0.0002, 0.0002, 0.0002, 0.0003, 0.0002, 0.0002, 0.0003,
        0.0003, 0.0002, 0.0003, 0.0004, 0.0003, 0.0003, 0.0002, 0.0002, 0.0002,
        0.0003, 0.0003])//
train_examples$19200$8000.0//
train_loss$20800$0.0002205580711364746//
train_individual_losses$20800$tensor([0.0002, 0.0002, 0.0002, 0.0002, 0.0002, 0.0002, 0.0002, 0.0002, 0.0002,
        0.0002, 0.0002, 0.0003, 0.0004, 0.0002, 0.0003, 0.0002, 0.0002, 0.0002,
        0.0002, 0.0002])//
train_examples$20800$8000.0//
train_loss$22400$0.00019948266744613648//
train_individual_losses$22400$tensor([0.0002, 0.0001, 0.0002, 0.0002, 0.0002, 0.0002, 0.0002, 0.0002, 0.0002,
        0.0002, 0.0002, 0.0002, 0.0004, 0.0002, 0.0003, 0.0002, 0.0002, 0.0002,
        0.0002, 0.0002])//
train_examples$22400$8000.0//
train_loss$24000$0.0001857640027999878//
train_individual_losses$24000$tensor([0.0002, 0.0001, 0.0002, 0.0002, 0.0002, 0.0002, 0.0002, 0.0002, 0.0002,
        0.0002, 0.0002, 0.0002, 0.0004, 0.0002, 0.0002, 0.0001, 0.0001, 0.0002,
        0.0002, 0.0002])//
train_examples$24000$8000.0//
train_loss$25600$0.0001691266417503357//
train_individual_losses$25600$tensor([0.0001, 0.0001, 0.0002, 0.0002, 0.0001, 0.0002, 0.0002, 0.0002, 0.0002,
        0.0002, 0.0002, 0.0002, 0.0003, 0.0002, 0.0002, 0.0001, 0.0001, 0.0002,
        0.0002, 0.0002])//
train_examples$25600$8000.0//
train_loss$27200$0.00015210083723068236//
train_individual_losses$27200$tensor([0.0001, 0.0001, 0.0001, 0.0002, 0.0001, 0.0001, 0.0002, 0.0002, 0.0002,
        0.0002, 0.0001, 0.0001, 0.0003, 0.0002, 0.0002, 0.0001, 0.0001, 0.0001,
        0.0002, 0.0001])//
train_examples$27200$8000.0//
train_loss$28800$0.000139630126953125//
train_individual_losses$28800$tensor([1.2593e-04, 9.2947e-05, 1.3635e-04, 1.4086e-04, 1.2384e-04, 1.2492e-04,
        1.4276e-04, 1.4907e-04, 1.3795e-04, 1.5554e-04, 1.2711e-04, 1.2858e-04,
        2.8292e-04, 1.4691e-04, 1.5911e-04, 1.0547e-04, 1.2204e-04, 1.2584e-04,
        1.4682e-04, 1.1764e-04])//
train_examples$28800$8000.0//
train_loss$30400$0.00012922725677490235//
train_individual_losses$30400$tensor([1.1627e-04, 8.6932e-05, 1.3293e-04, 1.3012e-04, 1.1804e-04, 1.1668e-04,
        1.3428e-04, 1.4434e-04, 1.2689e-04, 1.4451e-04, 1.1651e-04, 1.1137e-04,
        2.6263e-04, 1.2864e-04, 1.4130e-04, 9.8267e-05, 1.1660e-04, 1.1254e-04,
        1.3725e-04, 1.0844e-04])//
train_examples$30400$8000.0//
train_loss$32000$0.00012202184200286865//
train_individual_losses$32000$tensor([1.0861e-04, 8.1217e-05, 1.3000e-04, 1.2243e-04, 1.1720e-04, 1.1170e-04,
        1.3389e-04, 1.4353e-04, 1.1555e-04, 1.3825e-04, 1.0904e-04, 9.8077e-05,
        2.4542e-04, 1.1609e-04, 1.3162e-04, 9.4593e-05, 1.1397e-04, 1.0062e-04,
        1.2709e-04, 1.0155e-04])//
train_examples$32000$8000.0//
train_loss$33600$0.00011441221237182617//
train_individual_losses$33600$tensor([1.0070e-04, 7.6616e-05, 1.2990e-04, 1.1315e-04, 1.1226e-04, 1.0417e-04,
        1.2440e-04, 1.3939e-04, 1.0830e-04, 1.2939e-04, 9.9984e-05, 8.6896e-05,
        2.3425e-04, 1.0681e-04, 1.2005e-04, 8.9055e-05, 1.0924e-04, 9.0511e-05,
        1.1790e-04, 9.5268e-05])//
train_examples$33600$8000.0//
train_loss$35200$0.00010741124153137207//
train_individual_losses$35200$tensor([9.3838e-05, 7.2952e-05, 1.2076e-04, 1.1048e-04, 1.0577e-04, 1.0377e-04,
        1.2234e-04, 1.3111e-04, 9.8559e-05, 1.2075e-04, 9.6351e-05, 7.7144e-05,
        2.1773e-04, 9.7307e-05, 1.1378e-04, 8.5213e-05, 1.0336e-04, 8.2295e-05,
        1.0582e-04, 8.8885e-05])//
train_examples$35200$8000.0//
train_loss$36800$0.00010129618644714356//
train_individual_losses$36800$tensor([8.7756e-05, 6.7879e-05, 1.1750e-04, 1.0298e-04, 1.0314e-04, 9.7073e-05,
        1.1862e-04, 1.2735e-04, 9.2918e-05, 1.1618e-04, 8.8720e-05, 6.9045e-05,
        2.0368e-04, 8.7813e-05, 1.0553e-04, 8.0928e-05, 1.0029e-04, 7.4378e-05,
        9.9234e-05, 8.4909e-05])//
train_examples$36800$8000.0//
train_loss$38400$9.745308756828309e-05//
train_individual_losses$38400$tensor([8.4356e-05, 6.4561e-05, 1.1496e-04, 1.0231e-04, 1.0075e-04, 9.9076e-05,
        1.1537e-04, 1.2403e-04, 8.8538e-05, 1.1254e-04, 8.4987e-05, 6.6835e-05,
        1.9133e-04, 8.0226e-05, 1.0102e-04, 7.8312e-05, 9.8075e-05, 6.9600e-05,
        9.0825e-05, 8.1361e-05])//
train_examples$38400$8000.0//
train_loss$40000$9.205302000045776e-05//
train_individual_losses$40000$tensor([7.8172e-05, 5.9627e-05, 1.1137e-04, 9.5758e-05, 9.8390e-05, 9.1130e-05,
        1.1269e-04, 1.2077e-04, 8.4503e-05, 1.0884e-04, 7.4918e-05, 6.1004e-05,
        1.7731e-04, 7.4880e-05, 9.4620e-05, 7.4752e-05, 9.5230e-05, 6.4838e-05,
        8.4290e-05, 7.7968e-05])//
train_examples$40000$8000.0//
train_loss$41600$8.850688338279725e-05//
train_individual_losses$41600$tensor([7.4781e-05, 5.9691e-05, 1.0593e-04, 9.4093e-05, 9.5530e-05, 9.0638e-05,
        1.0999e-04, 1.1745e-04, 8.1665e-05, 1.0536e-04, 7.0570e-05, 6.0105e-05,
        1.6398e-04, 7.0270e-05, 9.0293e-05, 7.2869e-05, 9.3403e-05, 6.3193e-05,
        7.6070e-05, 7.4263e-05])//
train_examples$41600$8000.0//
train_loss$43200$8.53234350681305e-05//
train_individual_losses$43200$tensor([7.2622e-05, 5.3882e-05, 1.0273e-04, 9.1173e-05, 9.3471e-05, 8.7149e-05,
        1.0906e-04, 1.1515e-04, 8.0135e-05, 1.0241e-04, 6.4813e-05, 5.8587e-05,
        1.5167e-04, 6.7615e-05, 8.8413e-05, 7.1712e-05, 9.2440e-05, 6.0571e-05,
        7.2799e-05, 7.0075e-05])//
train_examples$43200$8000.0//
train_loss$44800$8.185846805572509e-05//
train_individual_losses$44800$tensor([6.6492e-05, 5.2036e-05, 1.0032e-04, 9.3391e-05, 9.2003e-05, 8.9629e-05,
        1.0561e-04, 1.1326e-04, 7.6012e-05, 9.9819e-05, 6.1338e-05, 5.4449e-05,
        1.3954e-04, 6.3517e-05, 8.6737e-05, 6.6525e-05, 9.0602e-05, 5.6559e-05,
        6.3301e-05, 6.6026e-05])//
train_examples$44800$8000.0//
train_loss$46400$7.837011814117432e-05//
train_individual_losses$46400$tensor([6.1997e-05, 4.9934e-05, 9.6934e-05, 8.5544e-05, 9.3729e-05, 8.2000e-05,
        1.0312e-04, 1.1442e-04, 7.3107e-05, 9.7843e-05, 5.8302e-05, 5.2433e-05,
        1.2943e-04, 6.1207e-05, 8.0629e-05, 6.2970e-05, 8.8559e-05, 5.3952e-05,
        5.8692e-05, 6.2601e-05])//
train_examples$46400$8000.0//
train_loss$48000$7.573744654655457e-05//
train_individual_losses$48000$tensor([5.9527e-05, 4.9331e-05, 9.3199e-05, 8.4572e-05, 8.7159e-05, 8.1275e-05,
        9.9045e-05, 1.0972e-04, 7.1784e-05, 9.3600e-05, 5.8526e-05, 5.1414e-05,
        1.2113e-04, 5.9316e-05, 8.0363e-05, 6.0411e-05, 8.5572e-05, 5.2930e-05,
        5.5283e-05, 6.0598e-05])//
train_examples$48000$8000.0//
train_loss$49600$7.41324007511139e-05//
train_individual_losses$49600$tensor([5.8162e-05, 4.8498e-05, 9.1299e-05, 8.1702e-05, 8.7220e-05, 7.8682e-05,
        9.8295e-05, 1.0886e-04, 6.8576e-05, 9.2554e-05, 5.8430e-05, 5.1498e-05,
        1.1588e-04, 5.8235e-05, 7.7501e-05, 5.7386e-05, 8.6409e-05, 5.1551e-05,
        5.3370e-05, 5.8539e-05])//
train_examples$49600$8000.0//
train_loss$51200$7.110828161239624e-05//
train_individual_losses$51200$tensor([5.5229e-05, 4.7293e-05, 8.5301e-05, 8.0400e-05, 8.4796e-05, 7.6730e-05,
        9.4468e-05, 1.0700e-04, 6.6469e-05, 9.0149e-05, 5.3094e-05, 4.9608e-05,
        1.0671e-04, 5.6883e-05, 7.5747e-05, 5.3555e-05, 8.3504e-05, 4.9280e-05,
        5.0703e-05, 5.5239e-05])//
train_examples$51200$8000.0//
train_loss$52800$6.920210719108582e-05//
train_individual_losses$52800$tensor([5.3563e-05, 4.6525e-05, 7.9473e-05, 7.8111e-05, 8.3132e-05, 7.5807e-05,
        9.3812e-05, 1.0678e-04, 6.3713e-05, 8.6867e-05, 5.2501e-05, 4.8808e-05,
        9.9906e-05, 5.5707e-05, 7.4131e-05, 5.2289e-05, 8.1793e-05, 4.8103e-05,
        4.8847e-05, 5.4178e-05])//
train_examples$52800$8000.0//
train_loss$54400$6.752067804336548e-05//
train_individual_losses$54400$tensor([5.3075e-05, 4.4918e-05, 7.3456e-05, 7.6735e-05, 8.1812e-05, 7.4381e-05,
        9.3964e-05, 1.0554e-04, 6.2336e-05, 8.4732e-05, 5.0891e-05, 4.7948e-05,
        9.5812e-05, 5.4617e-05, 7.3296e-05, 4.9477e-05, 8.0128e-05, 4.6991e-05,
        4.7953e-05, 5.2351e-05])//
train_examples$54400$8000.0//
train_loss$56000$6.658708453178406e-05//
train_individual_losses$56000$tensor([5.2320e-05, 4.4642e-05, 7.1851e-05, 7.2271e-05, 8.1370e-05, 7.1907e-05,
        9.3007e-05, 1.0524e-04, 6.2257e-05, 8.4496e-05, 4.9167e-05, 4.6574e-05,
        9.6733e-05, 5.4557e-05, 7.2024e-05, 4.9350e-05, 8.1162e-05, 4.5393e-05,
        4.5659e-05, 5.1763e-05])//
train_examples$56000$8000.0//
train_loss$57600$6.51262879371643e-05//
train_individual_losses$57600$tensor([5.5377e-05, 4.4856e-05, 6.7792e-05, 7.0128e-05, 7.9541e-05, 7.0113e-05,
        8.9257e-05, 1.0245e-04, 6.1240e-05, 7.8495e-05, 4.7730e-05, 4.9048e-05,
        8.5665e-05, 5.5752e-05, 7.1067e-05, 4.8447e-05, 7.7951e-05, 4.7277e-05,
        4.7025e-05, 5.3315e-05])//
train_examples$57600$8000.0//
train_loss$59200$6.292340159416199e-05//
train_individual_losses$59200$tensor([5.0597e-05, 4.3887e-05, 6.4838e-05, 6.8056e-05, 7.9444e-05, 6.9215e-05,
        8.8864e-05, 1.0343e-04, 5.5876e-05, 7.7014e-05, 4.7194e-05, 4.5717e-05,
        8.2223e-05, 5.2398e-05, 6.9143e-05, 4.6306e-05, 7.8661e-05, 4.3557e-05,
        4.3448e-05, 4.8601e-05])//
train_examples$59200$8000.0//
train_loss$60800$6.105251908302308e-05//
train_individual_losses$60800$tensor([5.0142e-05, 4.2378e-05, 6.1936e-05, 6.6546e-05, 7.6989e-05, 6.7054e-05,
        8.7856e-05, 9.9998e-05, 5.4064e-05, 7.2934e-05, 4.5179e-05, 4.4529e-05,
        7.7799e-05, 5.2903e-05, 6.8136e-05, 4.5033e-05, 7.4771e-05, 4.2536e-05,
        4.2391e-05, 4.7877e-05])//
train_examples$60800$8000.0//
train_loss$62400$6.045597791671753e-05//
train_individual_losses$62400$tensor([5.0285e-05, 4.2514e-05, 6.0692e-05, 6.4207e-05, 7.5987e-05, 6.7160e-05,
        8.8348e-05, 9.9472e-05, 5.3384e-05, 7.1050e-05, 4.5192e-05, 4.4668e-05,
        7.3631e-05, 5.1624e-05, 6.8195e-05, 4.5737e-05, 7.4177e-05, 4.2854e-05,
        4.2482e-05, 4.7461e-05])//
train_examples$62400$8000.0//
train_loss$64000$5.986391305923462e-05//
train_individual_losses$64000$tensor([5.1075e-05, 4.1917e-05, 6.1496e-05, 6.1065e-05, 7.7421e-05, 6.3210e-05,
        8.8366e-05, 1.0062e-04, 5.1739e-05, 7.0235e-05, 4.3268e-05, 4.4931e-05,
        7.2244e-05, 5.1338e-05, 6.6394e-05, 4.4221e-05, 7.5791e-05, 4.1751e-05,
        4.1438e-05, 4.8760e-05])//
train_examples$64000$8000.0//
train_loss$65600$5.875833034515381e-05//
train_individual_losses$65600$tensor([5.1449e-05, 4.1522e-05, 6.0048e-05, 6.0067e-05, 7.7572e-05, 6.1627e-05,
        8.7065e-05, 9.9023e-05, 5.1875e-05, 6.6506e-05, 4.2614e-05, 4.3388e-05,
        6.9788e-05, 5.0251e-05, 6.5562e-05, 4.3112e-05, 7.2334e-05, 4.0743e-05,
        4.0457e-05, 5.0164e-05])//
train_examples$65600$8000.0//
train_loss$67200$5.684773325920105e-05//
train_individual_losses$67200$tensor([4.9179e-05, 4.1891e-05, 5.6830e-05, 5.7744e-05, 7.3820e-05, 5.9761e-05,
        8.6182e-05, 9.7190e-05, 4.5879e-05, 6.2602e-05, 4.0987e-05, 4.5390e-05,
        6.6417e-05, 4.9350e-05, 6.4529e-05, 4.3523e-05, 6.9490e-05, 4.0391e-05,
        4.0167e-05, 4.5633e-05])//
train_examples$67200$8000.0//
train_loss$68800$5.541759729385376e-05//
train_individual_losses$68800$tensor([4.9184e-05, 4.0296e-05, 5.4844e-05, 5.6964e-05, 7.1690e-05, 5.8182e-05,
        8.5514e-05, 9.6282e-05, 4.3853e-05, 5.9512e-05, 4.0353e-05, 4.2591e-05,
        6.3132e-05, 4.8855e-05, 6.3991e-05, 4.1811e-05, 6.7529e-05, 3.9449e-05,
        3.9296e-05, 4.5024e-05])//
train_examples$68800$8000.0//
train_loss$70400$5.560540556907654e-05//
train_individual_losses$70400$tensor([4.8739e-05, 4.1713e-05, 5.3528e-05, 5.6513e-05, 7.3402e-05, 5.7039e-05,
        8.6589e-05, 9.7114e-05, 4.2453e-05, 5.8473e-05, 4.3437e-05, 4.3128e-05,
        6.2098e-05, 4.8683e-05, 6.4842e-05, 4.3896e-05, 6.7530e-05, 3.9256e-05,
        3.8687e-05, 4.4990e-05])//
train_examples$70400$8000.0//
train_loss$72000$5.367238521575928e-05//
train_individual_losses$72000$tensor([4.8155e-05, 3.9710e-05, 5.2526e-05, 5.4942e-05, 6.9281e-05, 5.5459e-05,
        8.5387e-05, 9.4714e-05, 4.0704e-05, 5.4429e-05, 4.0408e-05, 4.2751e-05,
        6.0467e-05, 4.8702e-05, 6.2555e-05, 4.1516e-05, 6.1877e-05, 3.8288e-05,
        3.7601e-05, 4.3974e-05])//
train_examples$72000$8000.0//
train_loss$73600$5.3221780061721805e-05//
train_individual_losses$73600$tensor([4.8775e-05, 3.9905e-05, 5.2556e-05, 5.4264e-05, 6.8412e-05, 5.4408e-05,
        8.4841e-05, 9.4804e-05, 3.9985e-05, 5.3459e-05, 3.7689e-05, 4.1803e-05,
        6.0078e-05, 4.7737e-05, 6.4885e-05, 4.1011e-05, 5.9693e-05, 3.8118e-05,
        3.7503e-05, 4.4510e-05])//
train_examples$73600$8000.0//
train_loss$75200$5.22269606590271e-05//
train_individual_losses$75200$tensor([4.7449e-05, 3.9126e-05, 5.0217e-05, 5.3913e-05, 6.8275e-05, 5.4636e-05,
        8.5493e-05, 9.5616e-05, 3.8766e-05, 5.1047e-05, 3.7213e-05, 4.1394e-05,
        5.7334e-05, 4.7534e-05, 6.2102e-05, 4.0567e-05, 5.6771e-05, 3.7238e-05,
        3.6652e-05, 4.3198e-05])//
train_examples$75200$8000.0//
train_loss$76800$5.221478939056397e-05//
train_individual_losses$76800$tensor([4.8405e-05, 4.0695e-05, 5.1319e-05, 5.4635e-05, 6.5711e-05, 5.2836e-05,
        8.3928e-05, 9.4048e-05, 3.8018e-05, 5.1349e-05, 3.6567e-05, 4.1498e-05,
        5.8204e-05, 4.6593e-05, 6.2697e-05, 4.2564e-05, 5.5867e-05, 3.8090e-05,
        3.6372e-05, 4.4901e-05])//
train_examples$76800$8000.0//
train_loss$78400$5.1986509561538696e-05//
train_individual_losses$78400$tensor([4.8668e-05, 4.0848e-05, 4.9502e-05, 5.2354e-05, 6.2019e-05, 5.2248e-05,
        8.3800e-05, 9.1732e-05, 4.0671e-05, 5.0440e-05, 3.7771e-05, 4.3703e-05,
        5.7383e-05, 4.7039e-05, 6.3208e-05, 4.5053e-05, 5.3064e-05, 3.9033e-05,
        3.7629e-05, 4.3566e-05])//
train_examples$78400$8000.0//
train_loss$80000$5.162636637687683e-05//
train_individual_losses$80000$tensor([4.7147e-05, 4.0678e-05, 4.8144e-05, 5.6136e-05, 6.0437e-05, 5.4719e-05,
        8.3922e-05, 9.1619e-05, 3.8055e-05, 4.9107e-05, 3.6321e-05, 4.3648e-05,
        5.4831e-05, 4.9200e-05, 6.5881e-05, 4.2554e-05, 5.2726e-05, 3.8505e-05,
        3.6298e-05, 4.2600e-05])//
train_examples$80000$8000.0//
train_loss$81600$4.940788149833679e-05//
train_individual_losses$81600$tensor([4.6520e-05, 3.8410e-05, 4.7670e-05, 5.2285e-05, 5.7911e-05, 5.0537e-05,
        8.3330e-05, 9.0797e-05, 3.6274e-05, 4.7850e-05, 3.4560e-05, 4.0537e-05,
        5.2140e-05, 4.4875e-05, 6.0335e-05, 3.9328e-05, 5.1347e-05, 3.5861e-05,
        3.4913e-05, 4.2677e-05])//
train_examples$81600$8000.0//
train_loss$83200$4.893125295639038e-05//
train_individual_losses$83200$tensor([4.6270e-05, 3.7847e-05, 4.6880e-05, 5.2027e-05, 5.4954e-05, 5.0754e-05,
        8.3263e-05, 8.9854e-05, 3.6159e-05, 4.7010e-05, 3.3914e-05, 4.0461e-05,
        5.0958e-05, 4.4413e-05, 6.2953e-05, 3.8729e-05, 5.0477e-05, 3.5146e-05,
        3.4726e-05, 4.1829e-05])//
train_examples$83200$8000.0//
train_loss$84800$4.845516383647919e-05//
train_individual_losses$84800$tensor([4.6473e-05, 3.8096e-05, 4.6532e-05, 5.1802e-05, 5.3552e-05, 5.0222e-05,
        8.3124e-05, 8.8939e-05, 3.5804e-05, 4.6642e-05, 3.3755e-05, 4.0354e-05,
        5.0052e-05, 4.3627e-05, 5.9558e-05, 3.8844e-05, 5.0221e-05, 3.5091e-05,
        3.4391e-05, 4.2025e-05])//
train_examples$84800$8000.0//
train_loss$86400$4.801492393016815e-05//
train_individual_losses$86400$tensor([4.6028e-05, 3.7934e-05, 4.6165e-05, 5.0921e-05, 5.1941e-05, 4.8900e-05,
        8.5189e-05, 8.8853e-05, 3.5209e-05, 4.5817e-05, 3.3664e-05, 4.0060e-05,
        4.8811e-05, 4.2567e-05, 5.9233e-05, 3.9317e-05, 4.9612e-05, 3.4725e-05,
        3.3799e-05, 4.1553e-05])//
train_examples$86400$8000.0//
train_loss$88000$4.866105020046234e-05//
train_individual_losses$88000$tensor([4.7888e-05, 3.8710e-05, 4.7279e-05, 5.0964e-05, 5.4168e-05, 4.9173e-05,
        8.3652e-05, 8.7339e-05, 3.6534e-05, 4.8318e-05, 3.3110e-05, 4.1367e-05,
        4.9004e-05, 4.2102e-05, 5.9181e-05, 3.8140e-05, 5.1041e-05, 3.6263e-05,
        3.5296e-05, 4.3692e-05])//
train_examples$88000$8000.0//
train_loss$89600$4.721227288246155e-05//
train_individual_losses$89600$tensor([4.5213e-05, 3.7250e-05, 4.5179e-05, 5.0690e-05, 4.9910e-05, 4.8389e-05,
        8.2950e-05, 9.0449e-05, 3.4837e-05, 4.4763e-05, 3.5086e-05, 3.9763e-05,
        4.6820e-05, 3.9810e-05, 5.8395e-05, 3.7532e-05, 4.8606e-05, 3.4168e-05,
        3.3394e-05, 4.1041e-05])//
train_examples$89600$8000.0//
train_loss$91200$4.726055562496185e-05//
train_individual_losses$91200$tensor([4.5549e-05, 3.7903e-05, 4.5652e-05, 5.1702e-05, 4.9389e-05, 4.8540e-05,
        8.2378e-05, 8.6580e-05, 3.4583e-05, 4.5321e-05, 3.3111e-05, 4.0435e-05,
        4.8117e-05, 3.8934e-05, 5.9828e-05, 3.8704e-05, 4.8996e-05, 3.4368e-05,
        3.3364e-05, 4.1759e-05])//
train_examples$91200$8000.0//
train_loss$92800$4.6297118067741396e-05//
train_individual_losses$92800$tensor([4.4873e-05, 3.6722e-05, 4.3867e-05, 5.0836e-05, 4.9846e-05, 4.7840e-05,
        8.2904e-05, 8.8276e-05, 3.4446e-05, 4.3647e-05, 3.1957e-05, 3.9379e-05,
        4.5061e-05, 3.6238e-05, 5.8126e-05, 3.7239e-05, 4.7665e-05, 3.3551e-05,
        3.2854e-05, 4.0615e-05])//
train_examples$92800$8000.0//
train_loss$94400$4.615955948829651e-05//
train_individual_losses$94400$tensor([4.4833e-05, 3.7094e-05, 4.4073e-05, 5.1137e-05, 4.8504e-05, 4.8042e-05,
        8.1773e-05, 8.4107e-05, 3.5044e-05, 4.3671e-05, 3.3425e-05, 4.0583e-05,
        4.5236e-05, 3.4824e-05, 5.7594e-05, 3.7467e-05, 4.7615e-05, 3.3845e-05,
        3.3223e-05, 4.1102e-05])//
train_examples$94400$8000.0//
train_loss$96000$4.632053077220917e-05//
train_individual_losses$96000$tensor([4.5058e-05, 3.7920e-05, 4.4905e-05, 5.0157e-05, 4.7906e-05, 4.7413e-05,
        8.1887e-05, 8.3873e-05, 3.4146e-05, 4.5216e-05, 3.2520e-05, 4.0978e-05,
        4.7173e-05, 3.3348e-05, 6.0507e-05, 3.7179e-05, 4.6741e-05, 3.5134e-05,
        3.3405e-05, 4.0945e-05])//
train_examples$96000$8000.0//
train_loss$97600$4.537556767463684e-05//
train_individual_losses$97600$tensor([4.4589e-05, 3.6710e-05, 4.3101e-05, 5.0332e-05, 4.7822e-05, 4.8016e-05,
        8.2057e-05, 8.2692e-05, 3.3497e-05, 4.2978e-05, 3.1636e-05, 3.9702e-05,
        4.4356e-05, 3.2959e-05, 5.7486e-05, 3.6749e-05, 4.6428e-05, 3.3827e-05,
        3.2406e-05, 4.0169e-05])//
train_examples$97600$8000.0//
train_loss$99200$4.482172131538391e-05//
train_individual_losses$99200$tensor([4.3886e-05, 3.6087e-05, 4.2654e-05, 4.9698e-05, 4.7584e-05, 4.6774e-05,
        8.1418e-05, 8.3146e-05, 3.3777e-05, 4.2063e-05, 3.0968e-05, 3.9362e-05,
        4.2695e-05, 3.1671e-05, 5.7297e-05, 3.6164e-05, 4.5669e-05, 3.3044e-05,
        3.2255e-05, 4.0223e-05])//
train_examples$99200$8000.0//
train_loss$100800$4.515548348426819e-05//
train_individual_losses$100800$tensor([4.4549e-05, 3.7034e-05, 4.4133e-05, 4.9636e-05, 4.7008e-05, 4.6540e-05,
        8.3959e-05, 8.1091e-05, 3.4567e-05, 4.2545e-05, 3.1308e-05, 3.9623e-05,
        4.2980e-05, 3.0940e-05, 5.7227e-05, 3.6526e-05, 4.5402e-05, 3.3776e-05,
        3.3320e-05, 4.0945e-05])//
train_examples$100800$8000.0//
train_loss$102400$4.487195611000061e-05//
train_individual_losses$102400$tensor([4.4839e-05, 3.5690e-05, 4.2433e-05, 4.9594e-05, 4.7929e-05, 4.6900e-05,
        8.2231e-05, 8.0363e-05, 3.2986e-05, 4.2591e-05, 3.3747e-05, 4.0111e-05,
        4.1599e-05, 3.2894e-05, 5.6234e-05, 3.5863e-05, 4.6523e-05, 3.2322e-05,
        3.1869e-05, 4.0718e-05])//
train_examples$102400$8000.0//
train_loss$104000$4.445421099662781e-05//
train_individual_losses$104000$tensor([4.3284e-05, 3.7143e-05, 4.1924e-05, 4.9280e-05, 4.6429e-05, 4.7656e-05,
        8.1577e-05, 7.9485e-05, 3.3428e-05, 4.2171e-05, 3.0892e-05, 3.9495e-05,
        4.1560e-05, 3.1732e-05, 5.6762e-05, 3.6324e-05, 4.4553e-05, 3.3496e-05,
        3.2464e-05, 3.9430e-05])//
train_examples$104000$8000.0//
train_loss$105600$4.5085555315017704e-05//
train_individual_losses$105600$tensor([4.5464e-05, 3.5582e-05, 4.1661e-05, 4.9279e-05, 4.9458e-05, 4.6504e-05,
        8.2895e-05, 8.2922e-05, 3.3224e-05, 4.3041e-05, 3.2143e-05, 4.1022e-05,
        4.1878e-05, 2.9965e-05, 5.8533e-05, 3.6846e-05, 4.7558e-05, 3.2085e-05,
        3.1816e-05, 3.9834e-05])//
train_examples$105600$8000.0//
train_loss$107200$4.3878856301307675e-05//
train_individual_losses$107200$tensor([4.3989e-05, 3.5304e-05, 4.1192e-05, 4.9432e-05, 4.6158e-05, 4.6904e-05,
        8.0171e-05, 7.9301e-05, 3.3311e-05, 4.0526e-05, 3.0825e-05, 3.9005e-05,
        4.1543e-05, 2.9802e-05, 5.6734e-05, 3.6262e-05, 4.4058e-05, 3.1959e-05,
        3.1738e-05, 3.9361e-05])//
train_examples$107200$8000.0//
train_loss$108800$4.338650405406952e-05//
train_individual_losses$108800$tensor([4.2461e-05, 3.5071e-05, 4.1021e-05, 4.9575e-05, 4.5647e-05, 4.6106e-05,
        8.2667e-05, 7.7662e-05, 3.3023e-05, 3.9483e-05, 3.0039e-05, 3.9141e-05,
        3.9519e-05, 2.9044e-05, 5.5929e-05, 3.5060e-05, 4.3552e-05, 3.1543e-05,
        3.2257e-05, 3.8930e-05])//
train_examples$108800$8000.0//
train_loss$110400$4.306209683418274e-05//
train_individual_losses$110400$tensor([4.2155e-05, 3.4991e-05, 4.1187e-05, 4.9024e-05, 4.5456e-05, 4.6663e-05,
        8.0119e-05, 7.7155e-05, 3.2349e-05, 3.9646e-05, 2.9865e-05, 3.8631e-05,
        4.0217e-05, 2.8528e-05, 5.5271e-05, 3.4633e-05, 4.3600e-05, 3.1266e-05,
        3.1262e-05, 3.9222e-05])//
train_examples$110400$8000.0//
train_loss$112000$4.2646524310112e-05//
train_individual_losses$112000$tensor([4.1879e-05, 3.4769e-05, 4.0566e-05, 4.8887e-05, 4.4734e-05, 4.5627e-05,
        7.9242e-05, 7.6484e-05, 3.2260e-05, 3.8974e-05, 3.0488e-05, 3.8421e-05,
        3.8816e-05, 2.8232e-05, 5.5197e-05, 3.4676e-05, 4.2659e-05, 3.1097e-05,
        3.1164e-05, 3.8758e-05])//
train_examples$112000$8000.0//
train_loss$113600$4.248702526092529e-05//
train_individual_losses$113600$tensor([4.1644e-05, 3.4547e-05, 4.0221e-05, 4.8922e-05, 4.4299e-05, 4.6037e-05,
        8.0559e-05, 7.5510e-05, 3.2348e-05, 3.8668e-05, 2.9916e-05, 3.9030e-05,
        3.8145e-05, 2.8060e-05, 5.5029e-05, 3.3763e-05, 4.2526e-05, 3.0731e-05,
        3.1296e-05, 3.8490e-05])//
train_examples$113600$8000.0//
train_loss$115200$4.329807758331299e-05//
train_individual_losses$115200$tensor([4.3648e-05, 3.5275e-05, 4.2129e-05, 4.9552e-05, 4.3970e-05, 4.7137e-05,
        8.1045e-05, 7.5003e-05, 3.4872e-05, 3.8700e-05, 2.9599e-05, 3.9450e-05,
        3.9135e-05, 2.9093e-05, 5.5351e-05, 3.3680e-05, 4.2615e-05, 3.2821e-05,
        3.3504e-05, 3.9384e-05])//
train_examples$115200$8000.0//
train_loss$116800$4.222813546657562e-05//
train_individual_losses$116800$tensor([4.1022e-05, 3.4186e-05, 3.9919e-05, 4.9474e-05, 4.3183e-05, 4.5985e-05,
        7.8866e-05, 7.4611e-05, 3.2155e-05, 3.8139e-05, 2.9363e-05, 3.8504e-05,
        3.7475e-05, 2.8075e-05, 5.8816e-05, 3.3176e-05, 4.1745e-05, 3.0404e-05,
        3.1154e-05, 3.8311e-05])//
train_examples$116800$8000.0//
train_loss$118400$4.212561249732971e-05//
train_individual_losses$118400$tensor([4.1281e-05, 3.4654e-05, 4.0180e-05, 4.8603e-05, 4.4378e-05, 4.5278e-05,
        7.9319e-05, 7.3775e-05, 3.2015e-05, 3.8803e-05, 2.9171e-05, 3.9162e-05,
        3.7413e-05, 2.7756e-05, 5.4222e-05, 3.2801e-05, 4.2707e-05, 3.0687e-05,
        3.1101e-05, 3.9207e-05])//
train_examples$118400$8000.0//
train_loss$120000$4.165363609790802e-05//
train_individual_losses$120000$tensor([4.0485e-05, 3.3930e-05, 3.9557e-05, 4.8412e-05, 4.2374e-05, 4.5262e-05,
        7.7672e-05, 7.4950e-05, 3.1756e-05, 3.7501e-05, 2.9376e-05, 3.8356e-05,
        3.6955e-05, 2.8661e-05, 5.4271e-05, 3.2640e-05, 4.1462e-05, 3.0365e-05,
        3.0977e-05, 3.8111e-05])//
train_examples$120000$8000.0//
train_loss$121600$4.1975656151771545e-05//
train_individual_losses$121600$tensor([4.1307e-05, 3.4542e-05, 4.0920e-05, 4.8363e-05, 4.2958e-05, 4.5418e-05,
        7.8323e-05, 7.2228e-05, 3.2537e-05, 3.8056e-05, 2.8899e-05, 3.9058e-05,
        3.7032e-05, 2.7732e-05, 5.4295e-05, 3.2742e-05, 4.2207e-05, 3.1037e-05,
        3.1695e-05, 4.0162e-05])//
train_examples$121600$8000.0//
train_loss$123200$4.1735714673995974e-05//
train_individual_losses$123200$tensor([3.9690e-05, 3.4405e-05, 3.9932e-05, 5.0542e-05, 4.2187e-05, 4.6580e-05,
        7.7822e-05, 7.4185e-05, 3.2261e-05, 3.7739e-05, 2.9028e-05, 3.9136e-05,
        3.6274e-05, 2.7781e-05, 5.3575e-05, 3.2036e-05, 4.1910e-05, 3.0175e-05,
        3.1549e-05, 3.7909e-05])//
train_examples$123200$8000.0//
train_loss$124800$4.1583219170570376e-05//
train_individual_losses$124800$tensor([4.1147e-05, 3.3810e-05, 3.9717e-05, 4.8534e-05, 4.1689e-05, 4.6571e-05,
        7.6634e-05, 7.2338e-05, 3.3259e-05, 3.6970e-05, 2.8790e-05, 3.9469e-05,
        3.6359e-05, 2.7227e-05, 5.4458e-05, 3.1727e-05, 4.2452e-05, 2.9964e-05,
        3.1949e-05, 3.8598e-05])//
train_examples$124800$8000.0//
train_loss$126400$4.122116267681122e-05//
train_individual_losses$126400$tensor([3.9973e-05, 3.3821e-05, 4.0438e-05, 4.8404e-05, 4.1345e-05, 4.4837e-05,
        7.6087e-05, 7.0468e-05, 3.2652e-05, 3.7743e-05, 2.8591e-05, 3.8899e-05,
        3.6553e-05, 2.7630e-05, 5.3380e-05, 3.0997e-05, 4.1311e-05, 3.0082e-05,
        3.1957e-05, 3.9255e-05])//
train_examples$126400$8000.0//
train_loss$128000$4.0394803881645204e-05//
train_individual_losses$128000$tensor([3.8639e-05, 3.2711e-05, 3.8599e-05, 4.9174e-05, 4.0475e-05, 4.5795e-05,
        7.5309e-05, 6.9546e-05, 3.1341e-05, 3.6433e-05, 2.8418e-05, 3.8110e-05,
        3.5048e-05, 2.7036e-05, 5.3051e-05, 3.0625e-05, 4.0801e-05, 2.9012e-05,
        3.0638e-05, 3.7134e-05])//
train_examples$128000$8000.0//
train_loss$129600$4.1230988502502444e-05//
train_individual_losses$129600$tensor([3.9304e-05, 3.4961e-05, 3.9841e-05, 4.8111e-05, 4.0277e-05, 4.4700e-05,
        7.5170e-05, 7.0660e-05, 3.1281e-05, 3.6931e-05, 2.9038e-05, 3.8235e-05,
        3.8088e-05, 2.8908e-05, 5.3497e-05, 3.3635e-05, 4.0659e-05, 3.2742e-05,
        3.0663e-05, 3.7922e-05])//
train_examples$129600$8000.0//
train_loss$131200$3.9980104565620424e-05//
train_individual_losses$131200$tensor([3.7591e-05, 3.2569e-05, 3.8503e-05, 4.7963e-05, 3.9044e-05, 4.4583e-05,
        7.4404e-05, 6.8483e-05, 3.1143e-05, 3.6025e-05, 2.8979e-05, 3.8291e-05,
        3.5145e-05, 2.6762e-05, 5.2890e-05, 2.9984e-05, 4.0444e-05, 2.8861e-05,
        3.0540e-05, 3.7400e-05])//
train_examples$131200$8000.0//
train_loss$132800$4.0219587087631225e-05//
train_individual_losses$132800$tensor([3.7528e-05, 3.3416e-05, 3.8463e-05, 4.9322e-05, 3.8841e-05, 4.6494e-05,
        7.3791e-05, 6.8253e-05, 3.1216e-05, 3.6318e-05, 2.8375e-05, 3.8603e-05,
        3.4605e-05, 2.7221e-05, 5.3801e-05, 3.0035e-05, 4.0555e-05, 2.9384e-05,
        3.0734e-05, 3.7436e-05])//
train_examples$132800$8000.0//
train_loss$134400$3.999381959438324e-05//
train_individual_losses$134400$tensor([3.7302e-05, 3.2549e-05, 3.9312e-05, 4.8074e-05, 3.8169e-05, 4.5181e-05,
        7.4222e-05, 6.8739e-05, 3.1114e-05, 3.5585e-05, 2.8849e-05, 3.8075e-05,
        3.5428e-05, 2.6711e-05, 5.3897e-05, 2.9987e-05, 4.0068e-05, 2.8498e-05,
        3.0360e-05, 3.7756e-05])//
train_examples$134400$8000.0//
train_loss$136000$3.961575329303742e-05//
train_individual_losses$136000$tensor([3.6706e-05, 3.2065e-05, 3.8380e-05, 4.8267e-05, 3.7883e-05, 4.4890e-05,
        7.4846e-05, 6.6306e-05, 3.1483e-05, 3.5595e-05, 2.8062e-05, 3.8327e-05,
        3.4077e-05, 2.7303e-05, 5.3001e-05, 2.9442e-05, 4.0053e-05, 2.8140e-05,
        3.0784e-05, 3.6706e-05])//
train_examples$136000$8000.0//
train_loss$137600$3.923893868923187e-05//
train_individual_losses$137600$tensor([3.6028e-05, 3.1578e-05, 3.7602e-05, 4.8153e-05, 3.7226e-05, 4.4338e-05,
        7.4422e-05, 6.6325e-05, 3.0947e-05, 3.5234e-05, 2.8862e-05, 3.7704e-05,
        3.4329e-05, 2.6441e-05, 5.2404e-05, 2.9157e-05, 3.9807e-05, 2.7722e-05,
        3.0130e-05, 3.6367e-05])//
train_examples$137600$8000.0//
train_loss$139200$3.950996994972229e-05//
train_individual_losses$139200$tensor([3.6742e-05, 3.2589e-05, 3.8532e-05, 4.8372e-05, 3.7498e-05, 4.4754e-05,
        7.2385e-05, 6.5252e-05, 3.1302e-05, 3.5774e-05, 2.8438e-05, 3.9022e-05,
        3.3354e-05, 2.6644e-05, 5.2370e-05, 2.9228e-05, 4.1151e-05, 2.7823e-05,
        3.0702e-05, 3.8268e-05])//
train_examples$139200$8000.0//
train_loss$140800$3.866539597511292e-05//
train_individual_losses$140800$tensor([3.4969e-05, 3.1328e-05, 3.7466e-05, 4.8557e-05, 3.6399e-05, 4.5914e-05,
        7.0111e-05, 6.3354e-05, 3.0872e-05, 3.5062e-05, 2.8078e-05, 3.7761e-05,
        3.3684e-05, 2.6471e-05, 5.1611e-05, 2.8572e-05, 3.9490e-05, 2.7331e-05,
        3.0201e-05, 3.6076e-05])//
train_examples$140800$8000.0//
train_loss$142400$3.9278680086135864e-05//
train_individual_losses$142400$tensor([3.5852e-05, 3.2508e-05, 3.7804e-05, 4.9142e-05, 3.6916e-05, 4.4808e-05,
        6.9870e-05, 6.3286e-05, 3.1771e-05, 3.6964e-05, 2.7892e-05, 3.9501e-05,
        3.3743e-05, 2.6695e-05, 5.3001e-05, 2.8289e-05, 4.0635e-05, 2.8460e-05,
        3.1116e-05, 3.7321e-05])//
train_examples$142400$8000.0//
train_loss$144000$3.843511939048767e-05//
train_individual_losses$144000$tensor([3.4753e-05, 3.1705e-05, 3.8228e-05, 4.7729e-05, 3.5562e-05, 4.4078e-05,
        6.8531e-05, 6.1614e-05, 3.0902e-05, 3.5420e-05, 2.7842e-05, 3.8357e-05,
        3.3287e-05, 2.6425e-05, 5.1382e-05, 2.8127e-05, 4.0261e-05, 2.8077e-05,
        3.0433e-05, 3.5987e-05])//
train_examples$144000$8000.0//
train_loss$145600$3.855556547641754e-05//
train_individual_losses$145600$tensor([3.4308e-05, 3.1566e-05, 3.7653e-05, 4.7772e-05, 3.5831e-05, 4.4218e-05,
        6.8762e-05, 6.1862e-05, 3.1225e-05, 3.5299e-05, 2.8184e-05, 3.8890e-05,
        3.3446e-05, 2.7063e-05, 5.2018e-05, 2.8779e-05, 4.0201e-05, 2.7425e-05,
        3.0563e-05, 3.6045e-05])//
train_examples$145600$8000.0//
train_loss$147200$3.854798078536987e-05//
train_individual_losses$147200$tensor([3.3816e-05, 3.1933e-05, 3.7129e-05, 4.9475e-05, 3.5738e-05, 4.6840e-05,
        6.6983e-05, 6.1161e-05, 3.0694e-05, 3.6963e-05, 2.8287e-05, 3.9229e-05,
        3.2670e-05, 2.6442e-05, 5.2314e-05, 2.8330e-05, 3.9909e-05, 2.7252e-05,
        3.0168e-05, 3.5627e-05])//
train_examples$147200$8000.0//
train_loss$148800$3.902587890625e-05//
train_individual_losses$148800$tensor([3.5516e-05, 3.1831e-05, 3.7862e-05, 4.8599e-05, 3.7719e-05, 4.4367e-05,
        6.6190e-05, 5.9729e-05, 3.1922e-05, 3.7562e-05, 3.0434e-05, 3.9764e-05,
        3.4797e-05, 2.6844e-05, 5.2632e-05, 2.9980e-05, 4.0687e-05, 2.6981e-05,
        3.1024e-05, 3.6076e-05])//
train_examples$148800$8000.0//
train_loss$150400$3.776500523090362e-05//
train_individual_losses$150400$tensor([3.3211e-05, 3.1065e-05, 3.6946e-05, 4.7571e-05, 3.4864e-05, 4.3859e-05,
        6.6584e-05, 5.8877e-05, 3.1064e-05, 3.4821e-05, 2.7505e-05, 3.8912e-05,
        3.2150e-05, 2.5960e-05, 5.1380e-05, 2.7933e-05, 4.0191e-05, 2.6290e-05,
        3.0384e-05, 3.5733e-05])//
train_examples$150400$8000.0//
train_loss$152000$3.8091394305229186e-05//
train_individual_losses$152000$tensor([3.2818e-05, 3.1921e-05, 3.7479e-05, 4.7716e-05, 3.5390e-05, 4.3802e-05,
        6.5248e-05, 5.8861e-05, 3.0940e-05, 3.5829e-05, 3.0321e-05, 3.8345e-05,
        3.3326e-05, 2.6889e-05, 5.1837e-05, 2.8042e-05, 3.9438e-05, 2.7498e-05,
        3.0474e-05, 3.5654e-05])//
train_examples$152000$8000.0//
train_loss$153600$3.752598762512207e-05//
train_individual_losses$153600$tensor([3.3463e-05, 3.2052e-05, 3.6907e-05, 4.7775e-05, 3.4182e-05, 4.4857e-05,
        6.4280e-05, 5.7943e-05, 3.1132e-05, 3.5134e-05, 2.7314e-05, 3.7839e-05,
        3.1682e-05, 2.6081e-05, 5.0865e-05, 2.7259e-05, 3.8843e-05, 2.6707e-05,
        3.0363e-05, 3.5844e-05])//
train_examples$153600$8000.0//
train_loss$155200$3.7309539318084717e-05//
train_individual_losses$155200$tensor([3.2338e-05, 3.1434e-05, 3.6738e-05, 4.8376e-05, 3.4510e-05, 4.4046e-05,
        6.3116e-05, 5.7831e-05, 3.0558e-05, 3.5021e-05, 2.7320e-05, 3.7932e-05,
        3.2193e-05, 2.6269e-05, 5.0960e-05, 2.7550e-05, 3.8838e-05, 2.6186e-05,
        2.9863e-05, 3.5112e-05])//
train_examples$155200$8000.0//
train_loss$156800$3.717772662639618e-05//
train_individual_losses$156800$tensor([3.2207e-05, 3.0718e-05, 3.7032e-05, 4.7401e-05, 3.4316e-05, 4.3668e-05,
        6.4879e-05, 5.7155e-05, 3.0638e-05, 3.4229e-05, 2.7592e-05, 3.7907e-05,
        3.2352e-05, 2.6151e-05, 5.0784e-05, 2.7200e-05, 3.8760e-05, 2.5903e-05,
        2.9939e-05, 3.4723e-05])//
train_examples$156800$8000.0//
train_loss$158400$3.735164701938629e-05//
train_individual_losses$158400$tensor([3.1897e-05, 3.0779e-05, 3.6250e-05, 4.7475e-05, 3.5585e-05, 4.4367e-05,
        6.4636e-05, 5.8080e-05, 3.0610e-05, 3.5693e-05, 2.7317e-05, 3.9338e-05,
        3.1388e-05, 2.5863e-05, 5.0800e-05, 2.7020e-05, 3.9680e-05, 2.5908e-05,
        2.9957e-05, 3.4391e-05])//
train_examples$158400$8000.0//
train_loss$160000$3.7162882089614866e-05//
train_individual_losses$160000$tensor([3.2439e-05, 3.1747e-05, 3.6858e-05, 4.7784e-05, 3.3916e-05, 4.3629e-05,
        6.0857e-05, 5.6645e-05, 3.0476e-05, 3.5254e-05, 2.7225e-05, 3.8971e-05,
        3.1895e-05, 2.6070e-05, 5.2180e-05, 2.6929e-05, 3.9353e-05, 2.6027e-05,
        2.9812e-05, 3.5191e-05])//
train_examples$160000$8000.0