train_loss$0$130.76718933333333//
train_individual_losses$0$tensor([130.5814, 157.7662, 132.9299, 117.4815, 119.3891, 138.4570, 120.9337,
        116.6577, 149.6128, 120.1360, 151.2257, 132.6436, 141.4547, 120.4579,
        143.8057, 110.6118, 128.0620, 137.2453, 146.3116, 118.2171, 142.5289,
        113.4455, 137.2452, 138.4014, 119.3318, 117.3024, 129.0553, 144.5574,
        138.1253, 132.0641, 143.6183, 113.3209, 141.1606, 141.9914, 119.3269,
        119.0592, 129.9007, 123.2676, 131.1922, 143.0656, 137.0580, 127.4885,
        120.5647, 133.6285, 132.7345, 120.2081, 128.3030, 137.2713, 125.5817,
        123.5790])//
train_examples$0$60000.0//
train_loss$9400$7.986679333333333//
train_individual_losses$9400$tensor([9.3416, 8.8302, 8.1334, 8.1825, 7.4413, 8.5675, 8.6297, 9.1615, 7.3792,
        7.2429, 7.2727, 7.9477, 7.4015, 8.0522, 8.5121, 8.0629, 6.3923, 9.3290,
        8.1309, 8.6372, 8.4675, 8.3563, 7.7300, 8.5277, 8.0398, 8.2329, 7.2461,
        8.0606, 7.3949, 9.4454, 7.5398, 7.6361, 7.7739, 7.6298, 7.3134, 8.7364,
        7.6589, 8.3518, 8.4849, 8.1211, 7.8371, 7.5209, 7.4120, 8.0450, 8.6205,
        7.4480, 7.9157, 7.1130, 6.4315, 7.5944])//
train_examples$9400$60000.0//
train_loss$18800$6.498534//
train_individual_losses$18800$tensor([7.6075, 6.8689, 6.7305, 7.0821, 6.0821, 6.7647, 6.8188, 7.2407, 5.9724,
        6.0848, 5.6741, 6.3031, 6.1239, 6.7423, 7.0730, 6.6230, 5.4032, 7.5872,
        6.7508, 7.4651, 7.0642, 7.0002, 6.1935, 6.6871, 6.4867, 6.6956, 5.9738,
        6.8037, 5.9622, 7.4567, 6.3600, 6.2873, 6.3633, 6.4669, 5.9710, 7.0805,
        6.2843, 6.7881, 7.4326, 6.0921, 6.3060, 6.3216, 5.9595, 6.2959, 6.5386,
        5.9006, 6.5477, 5.6487, 4.9942, 5.9659])//
train_examples$18800$60000.0//
train_loss$28200$5.816760666666666//
train_individual_losses$28200$tensor([6.2869, 6.0464, 5.8733, 6.5833, 5.5484, 6.2378, 6.1999, 6.2689, 5.4725,
        5.5436, 5.1104, 5.7205, 5.5929, 5.9003, 6.4222, 5.9356, 4.9111, 6.6848,
        6.0877, 6.8453, 6.4823, 6.1549, 5.4396, 5.7973, 5.4737, 6.0369, 5.4224,
        6.1226, 5.3086, 6.5578, 5.9371, 5.8752, 5.5287, 5.7381, 5.4919, 6.5233,
        5.6607, 5.9222, 6.7707, 5.1657, 5.7353, 5.7962, 5.2899, 5.8156, 5.5958,
        5.1575, 5.8645, 5.1264, 4.4219, 5.3533])//
train_examples$28200$60000.0//
train_loss$37600$5.399459666666667//
train_individual_losses$37600$tensor([5.7533, 5.4442, 5.3137, 6.1870, 5.1451, 5.8803, 5.8422, 5.7309, 5.0171,
        5.1511, 4.7710, 5.3329, 5.1646, 5.4130, 5.9805, 5.5594, 4.5105, 6.1636,
        5.6490, 6.4496, 6.1207, 5.6892, 5.0833, 5.3842, 4.9544, 5.5794, 5.1064,
        5.4955, 4.9273, 6.0671, 5.7134, 5.6243, 5.1738, 5.3386, 5.1704, 6.1834,
        5.3350, 5.4389, 6.1156, 4.6766, 5.4167, 5.4547, 4.9156, 5.5054, 5.1391,
        4.5776, 5.3976, 4.8364, 4.0954, 4.9979])//
train_examples$37600$60000.0//
train_loss$47000$5.1021//
train_individual_losses$47000$tensor([5.3405, 5.1374, 4.9509, 5.8738, 4.9043, 5.6578, 5.5908, 5.3244, 4.6183,
        4.8492, 4.4785, 5.0398, 4.8671, 5.0920, 5.6465, 5.2821, 4.2105, 5.7367,
        5.3405, 6.0939, 5.8439, 5.3794, 4.8752, 5.1135, 4.6722, 5.2082, 4.8771,
        4.8978, 4.7071, 5.6997, 5.5461, 5.4327, 4.9553, 5.0888, 4.9855, 5.9348,
        5.1274, 5.1265, 5.7304, 4.2709, 5.2130, 5.1924, 4.6316, 5.2606, 4.7783,
        4.2325, 5.0511, 4.6260, 3.8867, 4.7254])//
train_examples$47000$60000.0//
train_loss$56400$4.873679//
train_individual_losses$56400$tensor([5.0742, 4.9166, 4.7238, 5.6675, 4.7349, 5.5118, 5.3990, 4.9564, 4.3440,
        4.6311, 4.2451, 4.8069, 4.6970, 4.8552, 5.3395, 5.0708, 4.0045, 5.3701,
        5.0854, 5.8890, 5.6315, 5.1188, 4.7025, 4.8884, 4.4453, 4.8593, 4.6620,
        4.5556, 4.5455, 5.4797, 5.3949, 5.2484, 4.7860, 4.8835, 4.8185, 5.6981,
        4.9890, 4.9059, 5.4411, 3.9893, 5.0494, 5.0064, 4.3901, 5.0857, 4.4045,
        4.0021, 4.7531, 4.4092, 3.7264, 4.4909])//
train_examples$56400$60000.0//
train_loss$65800$4.693525666666667//
train_individual_losses$65800$tensor([4.8914, 4.7638, 4.5395, 5.5190, 4.5905, 5.3983, 5.2650, 4.6896, 4.1865,
        4.4771, 4.0812, 4.6105, 4.5784, 4.6394, 5.1000, 4.9085, 3.8377, 5.1034,
        4.8939, 5.7567, 5.4196, 4.8498, 4.5647, 4.7481, 4.2494, 4.6089, 4.4586,
        4.2498, 4.4140, 5.3405, 5.2397, 5.0590, 4.6359, 4.7331, 4.7071, 5.5074,
        4.8526, 4.7063, 5.2201, 3.7617, 4.9103, 4.8155, 4.2384, 4.9491, 4.1391,
        3.8436, 4.5398, 4.2184, 3.6004, 4.2650])//
train_examples$65800$60000.0//
train_loss$75200$4.540764//
train_individual_losses$75200$tensor([4.7315, 4.6433, 4.3850, 5.4008, 4.4864, 5.2972, 5.1505, 4.5033, 4.0297,
        4.3435, 3.9453, 4.4386, 4.4618, 4.4723, 4.8729, 4.7804, 3.6593, 4.8856,
        4.7593, 5.6331, 5.1988, 4.6479, 4.4086, 4.6067, 4.0785, 4.4358, 4.2979,
        4.0077, 4.3008, 5.2072, 5.1355, 4.9038, 4.5070, 4.6026, 4.6005, 5.3617,
        4.7393, 4.5346, 5.0671, 3.5661, 4.7793, 4.6246, 4.1086, 4.8306, 3.9506,
        3.7029, 4.3688, 4.0404, 3.4850, 4.0594])//
train_examples$75200$60000.0//
train_loss$84600$4.416607666666667//
train_individual_losses$84600$tensor([4.5889, 4.5434, 4.2380, 5.2970, 4.3879, 5.2153, 5.0643, 4.3722, 3.8748,
        4.2305, 3.8457, 4.2959, 4.3752, 4.3190, 4.6941, 4.6975, 3.5190, 4.7406,
        4.6504, 5.5108, 5.0235, 4.4954, 4.2848, 4.5034, 3.9378, 4.3082, 4.1711,
        3.8178, 4.2027, 5.0823, 5.0454, 4.8008, 4.4232, 4.4938, 4.5079, 5.2403,
        4.6375, 4.3986, 4.9678, 3.4104, 4.6668, 4.4724, 3.9935, 4.7101, 3.7824,
        3.5895, 4.2361, 3.8908, 3.3751, 3.9006])//
train_examples$84600$60000.0//
train_loss$94000$4.3017433333333335//
train_individual_losses$94000$tensor([4.4857, 4.4593, 4.0529, 5.1856, 4.2948, 5.1399, 4.9890, 4.2742, 3.7111,
        4.1312, 3.7512, 4.1737, 4.2983, 4.1837, 4.5347, 4.6278, 3.3918, 4.6114,
        4.5451, 5.2603, 4.8375, 4.3914, 4.1953, 4.4041, 3.8305, 4.1976, 4.0577,
        3.6667, 4.1208, 4.9795, 4.9646, 4.6938, 4.3140, 4.3983, 4.4102, 5.1327,
        4.4847, 4.2660, 4.8576, 3.2905, 4.5882, 4.3446, 3.8875, 4.6065, 3.6485,
        3.4894, 4.1282, 3.7558, 3.2712, 3.7722])//
train_examples$94000$60000.0//
train_loss$103400$4.199514333333333//
train_individual_losses$103400$tensor([4.3984, 4.3704, 3.8946, 5.0741, 4.1965, 5.0736, 4.9252, 4.1851, 3.5402,
        4.0370, 3.6678, 4.0679, 4.2125, 4.0733, 4.4014, 4.5535, 3.2625, 4.4943,
        4.4676, 5.1269, 4.5643, 4.2880, 4.1295, 4.3078, 3.7362, 4.1103, 3.9673,
        3.5353, 4.0444, 4.9030, 4.8840, 4.6338, 4.2378, 4.3060, 4.3434, 5.0381,
        4.3445, 4.1265, 4.7719, 3.1925, 4.5148, 4.2353, 3.7877, 4.5226, 3.5420,
        3.3779, 4.0202, 3.6313, 3.1881, 3.6686])//
train_examples$103400$60000.0//
train_loss$112800$4.106565666666667//
train_individual_losses$112800$tensor([4.3204, 4.3014, 3.7548, 4.9464, 4.0797, 5.0207, 4.8760, 4.1124, 3.3609,
        3.9656, 3.6060, 3.9683, 4.1478, 3.9783, 4.2914, 4.4939, 3.1435, 4.3537,
        4.3980, 5.0402, 4.4155, 4.1996, 4.0712, 4.2181, 3.6427, 4.0387, 3.8737,
        3.4037, 3.9888, 4.8359, 4.8084, 4.5666, 4.1535, 4.2328, 4.2677, 4.9434,
        4.2477, 3.9825, 4.7197, 3.1110, 4.4046, 4.1586, 3.7026, 4.4461, 3.4431,
        3.2883, 3.8726, 3.4811, 3.0835, 3.5671])//
train_examples$112800$60000.0//
train_loss$122200$4.023607//
train_individual_losses$122200$tensor([4.2614, 4.2349, 3.6363, 4.8595, 3.9668, 4.9667, 4.8142, 4.0497, 3.2424,
        3.9206, 3.5171, 3.8689, 4.0641, 3.8941, 4.1693, 4.4404, 3.0393, 4.2397,
        4.3380, 4.9575, 4.3022, 4.1302, 4.0079, 4.1368, 3.5782, 3.9661, 3.7928,
        3.2872, 3.9367, 4.7845, 4.7137, 4.5063, 4.0855, 4.1754, 4.2063, 4.8523,
        4.1680, 3.8021, 4.6691, 3.0413, 4.2938, 4.0740, 3.6511, 4.3941, 3.3595,
        3.2047, 3.7705, 3.3396, 2.9865, 3.4832])//
train_examples$122200$60000.0//
train_loss$131600$3.9510176666666665//
train_individual_losses$131600$tensor([4.2108, 4.1810, 3.5417, 4.7757, 3.8716, 4.9397, 4.7640, 3.9838, 3.1614,
        3.8697, 3.4235, 3.7923, 3.9819, 3.8187, 4.0633, 4.4296, 2.9577, 4.1320,
        4.2834, 4.8952, 4.2216, 4.0768, 3.9333, 4.0558, 3.5030, 3.9032, 3.7165,
        3.1847, 3.8909, 4.7532, 4.6287, 4.4595, 4.0172, 4.1090, 4.1686, 4.7498,
        4.1002, 3.6357, 4.6272, 2.9908, 4.2349, 3.9982, 3.5800, 4.3481, 3.2843,
        3.1235, 3.6831, 3.1743, 2.9171, 3.4049])//
train_examples$131600$60000.0//
train_loss$141000$3.876384//
train_individual_losses$141000$tensor([4.1455, 4.1275, 3.4432, 4.7097, 3.7922, 4.8823, 4.6640, 3.9219, 3.0835,
        3.8361, 3.3477, 3.6775, 3.8948, 3.7255, 3.9799, 4.3573, 2.8781, 4.0367,
        4.2332, 4.8204, 4.1600, 4.0059, 3.8515, 3.9755, 3.4222, 3.8379, 3.6490,
        3.0938, 3.8382, 4.6886, 4.5378, 4.4251, 3.9531, 4.0531, 4.1027, 4.6640,
        4.0435, 3.4911, 4.5593, 2.9207, 4.1930, 3.8948, 3.5378, 4.2960, 3.2224,
        3.0436, 3.6118, 3.0032, 2.8478, 3.3384])//
train_examples$141000$60000.0//
train_loss$150400$3.8166623333333334//
train_individual_losses$150400$tensor([4.1088, 4.0955, 3.3586, 4.6508, 3.7322, 4.8508, 4.6116, 3.8693, 3.0255,
        3.8151, 3.2799, 3.5709, 3.8405, 3.6423, 3.9103, 4.3160, 2.8187, 3.9525,
        4.1837, 4.7730, 4.0855, 3.9636, 3.7905, 3.9152, 3.3630, 3.7817, 3.5913,
        3.0061, 3.7966, 4.6564, 4.4657, 4.3636, 3.9077, 4.0099, 4.0571, 4.5868,
        4.0025, 3.3242, 4.5085, 2.8714, 4.1520, 3.8073, 3.4892, 4.2641, 3.1741,
        2.9824, 3.5572, 2.8811, 2.7969, 3.2753])//
train_examples$150400$60000.0//
train_loss$159800$3.7581063333333335//
train_individual_losses$159800$tensor([4.0684, 4.0515, 3.2822, 4.6129, 3.6417, 4.8057, 4.5545, 3.8134, 2.9473,
        3.7796, 3.2196, 3.4714, 3.8010, 3.5482, 3.8490, 4.3053, 2.7564, 3.8640,
        4.1340, 4.7182, 4.0258, 3.9149, 3.7467, 3.8609, 3.2701, 3.7034, 3.5354,
        2.9442, 3.7496, 4.6220, 4.4070, 4.3140, 3.8703, 3.9705, 4.0152, 4.5157,
        3.9572, 3.1738, 4.4542, 2.8162, 4.1292, 3.7267, 3.4581, 4.2266, 3.1121,
        2.9166, 3.4957, 2.7958, 2.7413, 3.2116])//
train_examples$159800$60000.0//
train_loss$169200$3.704931333333333//
train_individual_losses$169200$tensor([4.0375, 4.0039, 3.2169, 4.5720, 3.5787, 4.7831, 4.5107, 3.7585, 2.8708,
        3.7523, 3.1623, 3.3852, 3.7479, 3.4432, 3.7959, 4.2592, 2.7084, 3.7871,
        4.1019, 4.6674, 3.9647, 3.8677, 3.7102, 3.7999, 3.2152, 3.6456, 3.4877,
        2.8961, 3.7119, 4.5755, 4.3116, 4.2689, 3.8287, 3.9320, 3.9505, 4.4577,
        3.9181, 3.0659, 4.4036, 2.7754, 4.0902, 3.6429, 3.4183, 4.1976, 3.0550,
        2.8646, 3.4540, 2.7333, 2.7075, 3.1534])//
train_examples$169200$60000.0//
train_loss$178600$3.658422//
train_individual_losses$178600$tensor([4.0029, 3.9624, 3.1657, 4.5323, 3.5358, 4.7558, 4.4778, 3.7110, 2.8189,
        3.7298, 3.1157, 3.3239, 3.7171, 3.3449, 3.7469, 4.2277, 2.6643, 3.7159,
        4.0596, 4.6352, 3.9043, 3.8200, 3.6868, 3.7514, 3.1540, 3.5926, 3.4394,
        2.8503, 3.6771, 4.5415, 4.2484, 4.2332, 3.7938, 3.8970, 3.8864, 4.4088,
        3.8905, 2.9616, 4.3391, 2.7282, 4.0718, 3.5869, 3.4020, 4.1609, 2.9881,
        2.8166, 3.4085, 2.6770, 2.6610, 3.1000])//
train_examples$178600$60000.0//
train_loss$188000$3.6133743333333332//
train_individual_losses$188000$tensor([3.9809, 3.9225, 3.1054, 4.5009, 3.5069, 4.7259, 4.4450, 3.6586, 2.7731,
        3.7188, 3.0670, 3.2497, 3.6810, 3.2500, 3.6936, 4.2018, 2.6240, 3.6278,
        4.0263, 4.6017, 3.8531, 3.7685, 3.6549, 3.7041, 3.0952, 3.5418, 3.3985,
        2.8122, 3.6424, 4.5195, 4.1747, 4.1975, 3.7629, 3.8502, 3.8253, 4.3679,
        3.8534, 2.8692, 4.2890, 2.6887, 4.0458, 3.5279, 3.3716, 4.1383, 2.9242,
        2.7663, 3.3653, 2.6411, 2.6106, 3.0481])//
train_examples$188000$60000.0//
train_loss$197400$3.5653473333333334//
train_individual_losses$197400$tensor([3.9493, 3.8591, 3.0589, 4.4680, 3.4600, 4.7072, 4.4183, 3.6130, 2.7329,
        3.6911, 3.0009, 3.1973, 3.6354, 3.1747, 3.6555, 4.1731, 2.5847, 3.5532,
        3.9940, 4.5629, 3.7916, 3.7144, 3.6310, 3.6522, 3.0493, 3.4982, 3.3406,
        2.7675, 3.6050, 4.4784, 4.0947, 4.1679, 3.7221, 3.8137, 3.7263, 4.3241,
        3.8149, 2.7898, 4.2357, 2.6427, 4.0252, 3.4641, 3.3271, 4.1015, 2.8548,
        2.6714, 3.3229, 2.5913, 2.5569, 3.0025])//
train_examples$197400$60000.0//
train_loss$206800$3.525253//
train_individual_losses$206800$tensor([3.9345, 3.8107, 3.0151, 4.4457, 3.4293, 4.6896, 4.3906, 3.5886, 2.6880,
        3.6694, 2.9407, 3.1546, 3.6078, 3.0991, 3.6142, 4.1427, 2.5552, 3.4992,
        3.9623, 4.5275, 3.7402, 3.6737, 3.6000, 3.6117, 2.9992, 3.4544, 3.2844,
        2.7345, 3.5781, 4.4567, 4.0279, 4.1398, 3.6913, 3.7776, 3.6673, 4.2924,
        3.7904, 2.7155, 4.1922, 2.6021, 4.0010, 3.4018, 3.2915, 4.0673, 2.7979,
        2.6059, 3.2863, 2.5507, 2.5151, 2.9507])//
train_examples$206800$60000.0//
train_loss$216200$3.4848933333333334//
train_individual_losses$216200$tensor([3.9042, 3.7754, 2.9520, 4.4174, 3.3975, 4.6620, 4.3661, 3.5436, 2.6567,
        3.6521, 2.8929, 3.1110, 3.5896, 3.0225, 3.5746, 4.1219, 2.5291, 3.4453,
        3.9405, 4.4953, 3.6865, 3.6234, 3.5762, 3.5444, 2.9432, 3.4245, 3.2407,
        2.7024, 3.5473, 4.4315, 3.9674, 4.1061, 3.6608, 3.7253, 3.6194, 4.2682,
        3.7524, 2.6420, 4.1438, 2.5646, 3.9832, 3.3367, 3.2504, 4.0447, 2.7196,
        2.5380, 3.2572, 2.5197, 2.4773, 2.8983])//
train_examples$216200$60000.0//
train_loss$225600$3.4481836666666665//
train_individual_losses$225600$tensor([3.8792, 3.7540, 2.9068, 4.3959, 3.3662, 4.6507, 4.3422, 3.4929, 2.6224,
        3.6406, 2.8586, 3.0791, 3.5539, 2.9485, 3.5399, 4.0990, 2.5053, 3.4068,
        3.9196, 4.4685, 3.6396, 3.5715, 3.5650, 3.4869, 2.8989, 3.3996, 3.1879,
        2.6659, 3.5216, 4.4004, 3.9212, 4.0894, 3.6268, 3.6715, 3.5551, 4.2293,
        3.7175, 2.5839, 4.1183, 2.5239, 3.9624, 3.2818, 3.2196, 4.0168, 2.6253,
        2.4815, 3.2400, 2.4832, 2.4407, 2.8537])//
train_examples$225600$60000.0//
train_loss$235000$3.4106313333333333//
train_individual_losses$235000$tensor([3.8509, 3.7036, 2.8621, 4.3759, 3.3485, 4.6210, 4.3222, 3.4575, 2.5884,
        3.6233, 2.8239, 3.0451, 3.5160, 2.8902, 3.4993, 4.0748, 2.4765, 3.3764,
        3.8904, 4.4441, 3.5965, 3.5180, 3.5369, 3.4389, 2.8489, 3.3695, 3.1474,
        2.6303, 3.4992, 4.3648, 3.8684, 4.0567, 3.5737, 3.6116, 3.5160, 4.2036,
        3.6841, 2.5105, 4.0660, 2.4882, 3.9477, 3.2309, 3.1915, 3.9879, 2.5545,
        2.4338, 3.2062, 2.4554, 2.3964, 2.8077])//
train_examples$235000$60000.0//
train_loss$244400$3.372952//
train_individual_losses$244400$tensor([3.8344, 3.6823, 2.8174, 4.3288, 3.3097, 4.5965, 4.2864, 3.4221, 2.5505,
        3.6142, 2.7894, 3.0140, 3.4895, 2.8344, 3.4494, 4.0573, 2.4455, 3.3360,
        3.8727, 4.4285, 3.5504, 3.4755, 3.5198, 3.3955, 2.8039, 3.3455, 3.1137,
        2.5942, 3.4770, 4.3244, 3.8201, 4.0301, 3.4071, 3.5508, 3.4781, 4.1804,
        3.6700, 2.4430, 4.0084, 2.4490, 3.9164, 3.1831, 3.1740, 3.9671, 2.4903,
        2.3887, 3.1817, 2.4282, 2.3563, 2.7659])//
train_examples$244400$60000.0//
train_loss$253800$3.339239//
train_individual_losses$253800$tensor([3.8060, 3.6560, 2.7881, 4.3021, 3.2741, 4.5762, 4.2580, 3.3795, 2.5114,
        3.5963, 2.7706, 2.9958, 3.4693, 2.7800, 3.4152, 4.0374, 2.4174, 3.3142,
        3.8627, 4.3824, 3.5102, 3.4372, 3.5070, 3.3477, 2.7671, 3.3245, 3.0782,
        2.5679, 3.4577, 4.2944, 3.7867, 4.0205, 3.3072, 3.4410, 3.4373, 4.1637,
        3.6350, 2.3813, 3.9600, 2.4109, 3.8938, 3.1517, 3.1523, 3.9480, 2.4342,
        2.3426, 3.1623, 2.4063, 2.3092, 2.7333])//
train_examples$253800$60000.0//
train_loss$263200$3.3059343333333335//
train_individual_losses$263200$tensor([3.7854, 3.6269, 2.7564, 4.2808, 3.2490, 4.5587, 4.2512, 3.3545, 2.4865,
        3.5833, 2.7459, 2.9708, 3.4346, 2.7223, 3.3803, 4.0223, 2.3905, 3.2850,
        3.8444, 4.3507, 3.4878, 3.3993, 3.4983, 3.3079, 2.7349, 3.3032, 3.0487,
        2.5409, 3.4368, 4.2635, 3.7515, 3.9879, 3.2467, 3.2346, 3.4000, 4.1558,
        3.6150, 2.3289, 3.9019, 2.3793, 3.8717, 3.1088, 3.1247, 3.9307, 2.3976,
        2.2986, 3.1468, 2.3893, 2.2350, 2.6911])//
train_examples$263200$60000.0//
train_loss$272600$3.276083//
train_individual_losses$272600$tensor([3.7716, 3.6111, 2.7375, 4.2780, 3.2140, 4.5372, 4.2297, 3.3115, 2.4582,
        3.5635, 2.7234, 2.9556, 3.4097, 2.6729, 3.3459, 3.9977, 2.3706, 3.2559,
        3.8246, 4.3226, 3.4435, 3.3698, 3.4851, 3.2570, 2.7004, 3.3002, 3.0306,
        2.5119, 3.4109, 4.2406, 3.7331, 3.9690, 3.1988, 3.1407, 3.3771, 4.1235,
        3.5933, 2.2882, 3.8544, 2.3342, 3.8487, 3.0751, 3.1222, 3.9150, 2.3545,
        2.2641, 3.1243, 2.3705, 2.1224, 2.6537])//
train_examples$272600$60000.0//
train_loss$282000$3.243143//
train_individual_losses$282000$tensor([3.7477, 3.5845, 2.7136, 4.2345, 3.1737, 4.5263, 4.2014, 3.2833, 2.4276,
        3.5518, 2.7024, 2.9301, 3.3961, 2.6251, 3.3097, 3.9545, 2.3378, 3.2352,
        3.8043, 4.2892, 3.4038, 3.3248, 3.4663, 3.2174, 2.6662, 3.2710, 2.9807,
        2.4894, 3.3883, 4.2089, 3.6927, 3.9649, 3.1617, 3.0649, 3.3434, 4.0987,
        3.5688, 2.2410, 3.8067, 2.2992, 3.8121, 3.0325, 3.0922, 3.8926, 2.3030,
        2.2182, 3.1123, 2.3453, 2.0341, 2.6272])//
train_examples$282000$60000.0//
train_loss$291400$3.2173886666666665//
train_individual_losses$291400$tensor([3.7393, 3.5602, 2.6957, 4.2154, 3.1299, 4.5093, 4.1834, 3.2535, 2.4125,
        3.5318, 2.6949, 2.9183, 3.3820, 2.5835, 3.2749, 3.9245, 2.3185, 3.2139,
        3.8019, 4.2665, 3.3730, 3.3025, 3.4588, 3.1734, 2.6362, 3.2499, 2.9555,
        2.4652, 3.3709, 4.1804, 3.6680, 3.9425, 3.1203, 2.9962, 3.3225, 4.0868,
        3.5523, 2.2056, 3.7663, 2.2802, 3.7925, 2.9970, 3.0764, 3.8774, 2.2519,
        2.1717, 3.0954, 2.3314, 1.9620, 2.5970])//
train_examples$291400$60000.0//
train_loss$300800$3.190586//
train_individual_losses$300800$tensor([3.7235, 3.5437, 2.6764, 4.1900, 3.0911, 4.5007, 4.1404, 3.2335, 2.3766,
        3.5242, 2.6717, 2.9020, 3.3534, 2.5521, 3.2449, 3.8923, 2.3059, 3.1869,
        3.7816, 4.2441, 3.3535, 3.2732, 3.4477, 3.1333, 2.6016, 3.2429, 2.9315,
        2.4446, 3.3610, 4.1648, 3.6517, 3.9192, 3.0792, 2.8761, 3.2989, 4.0616,
        3.5332, 2.1579, 3.7291, 2.2499, 3.7716, 2.9713, 3.0603, 3.8646, 2.1909,
        2.1370, 3.1011, 2.3130, 1.9014, 2.5717])//
train_examples$300800$60000.0//
train_loss$310200$3.1647186666666665//
train_individual_losses$310200$tensor([3.7146, 3.5252, 2.6643, 4.1758, 3.0450, 4.4795, 4.0891, 3.2042, 2.3550,
        3.5098, 2.6556, 2.8842, 3.3377, 2.5095, 3.2126, 3.8837, 2.2781, 3.1591,
        3.7730, 4.2207, 3.3248, 3.2451, 3.4342, 3.1011, 2.5674, 3.2275, 2.9192,
        2.4342, 3.3322, 4.1251, 3.6291, 3.9058, 3.0466, 2.7495, 3.2957, 4.0320,
        3.5169, 2.1117, 3.6867, 2.2316, 3.7742, 2.9415, 3.0537, 3.8608, 2.1502,
        2.1037, 3.0670, 2.2977, 1.8407, 2.5532])//
train_examples$310200$60000.0//
train_loss$319600$3.135747//
train_individual_losses$319600$tensor([3.7009, 3.5112, 2.6537, 4.1621, 3.0019, 4.4693, 4.0456, 3.1744, 2.3294,
        3.4937, 2.6405, 2.8735, 3.3132, 2.4711, 3.1731, 3.8425, 2.2564, 3.1431,
        3.7550, 4.1861, 3.2914, 3.2299, 3.4182, 3.0110, 2.5498, 3.1981, 2.8922,
        2.4125, 3.3059, 4.0969, 3.6064, 3.8790, 3.0132, 2.6514, 3.2638, 3.9898,
        3.4968, 2.0703, 3.6447, 2.1984, 3.7313, 2.9148, 3.0291, 3.8331, 2.1217,
        2.0805, 3.0512, 2.2875, 1.7958, 2.5256])//
train_examples$319600$60000.0//
train_loss$329000$3.114012333333333//
train_individual_losses$329000$tensor([3.6799, 3.4973, 2.6324, 4.1490, 2.9646, 4.4761, 4.0189, 3.1536, 2.3102,
        3.4776, 2.6240, 2.8584, 3.3013, 2.4392, 3.1447, 3.8391, 2.2422, 3.1059,
        3.7419, 4.1558, 3.2604, 3.2119, 3.4194, 2.9461, 2.5167, 3.1817, 2.8745,
        2.3933, 3.2730, 4.0993, 3.5855, 3.8756, 2.9873, 2.5728, 3.2561, 3.9508,
        3.4908, 2.0185, 3.6117, 2.1788, 3.7127, 2.8872, 3.0143, 3.8370, 2.1080,
        2.0454, 3.0416, 2.2732, 1.7529, 2.5125])//
train_examples$329000$60000.0//
train_loss$338400$3.087203//
train_individual_losses$338400$tensor([3.6694, 3.4785, 2.6225, 4.1317, 2.9191, 4.4340, 3.9836, 3.1312, 2.2904,
        3.4690, 2.6128, 2.8499, 3.2733, 2.3999, 3.0972, 3.8066, 2.2160, 3.0795,
        3.7326, 4.1067, 3.2288, 3.1758, 3.4020, 2.8868, 2.4887, 3.1549, 2.8551,
        2.3800, 3.2248, 4.0494, 3.5671, 3.8521, 2.9567, 2.5102, 3.2243, 3.9231,
        3.4685, 1.9741, 3.5800, 2.1600, 3.6992, 2.8642, 3.0000, 3.8174, 2.0841,
        2.0301, 3.0318, 2.2623, 1.7132, 2.4919])//
train_examples$338400$60000.0//
train_loss$347800$3.0639453333333333//
train_individual_losses$347800$tensor([3.6334, 3.4621, 2.6108, 4.1112, 2.8790, 4.4214, 3.9571, 3.1068, 2.2780,
        3.4615, 2.5980, 2.8452, 3.2529, 2.3710, 3.0607, 3.7966, 2.1983, 3.0489,
        3.7264, 4.0639, 3.1985, 3.1589, 3.3886, 2.8461, 2.4667, 3.1310, 2.8365,
        2.3560, 3.1461, 4.0184, 3.5488, 3.8358, 2.9362, 2.4497, 3.2076, 3.8905,
        3.4541, 1.9329, 3.5581, 2.1382, 3.6828, 2.8410, 2.9866, 3.8072, 2.0701,
        2.0045, 3.0168, 2.2506, 1.6799, 2.4760])//
train_examples$347800$60000.0//
train_loss$357200$3.0417986666666668//
train_individual_losses$357200$tensor([3.5762, 3.4430, 2.6057, 4.1078, 2.8416, 4.4092, 3.9409, 3.0851, 2.2536,
        3.4551, 2.5859, 2.8255, 3.2377, 2.3393, 3.0033, 3.7749, 2.1740, 3.0210,
        3.7154, 4.0231, 3.1691, 3.1358, 3.3807, 2.8064, 2.4494, 3.1156, 2.8189,
        2.3384, 3.0994, 3.9843, 3.5287, 3.8216, 2.9118, 2.3991, 3.1836, 3.8747,
        3.4344, 1.9095, 3.5300, 2.1216, 3.6613, 2.8219, 2.9704, 3.8040, 2.0593,
        1.9987, 3.0026, 2.2418, 1.6385, 2.4600])//
train_examples$357200$60000.0//
train_loss$366600$3.0224446666666664//
train_individual_losses$366600$tensor([3.5347, 3.4453, 2.5944, 4.0855, 2.8268, 4.3954, 3.9293, 3.0750, 2.2486,
        3.4352, 2.5793, 2.8224, 3.2149, 2.3091, 2.9489, 3.7659, 2.1578, 2.9911,
        3.7106, 3.9841, 3.1460, 3.1283, 3.3721, 2.7684, 2.4315, 3.0974, 2.8091,
        2.3264, 3.0613, 3.9552, 3.5047, 3.8054, 2.8890, 2.3461, 3.1676, 3.8461,
        3.4317, 1.8759, 3.5118, 2.0967, 3.6496, 2.7982, 2.9604, 3.7898, 2.0492,
        1.9739, 2.9907, 2.2318, 1.6076, 2.4461])//
train_examples$366600$60000.0//
train_loss$376000$3.001839//
train_individual_losses$376000$tensor([3.5016, 3.4289, 2.5839, 4.0739, 2.7890, 4.3838, 3.9163, 3.0371, 2.2227,
        3.4158, 2.5779, 2.8074, 3.2064, 2.2737, 2.9030, 3.7526, 2.1406, 2.9630,
        3.6962, 3.9358, 3.1194, 3.1123, 3.3636, 2.7315, 2.4110, 3.0852, 2.7939,
        2.3063, 3.0291, 3.9300, 3.4848, 3.8032, 2.8709, 2.2953, 3.1526, 3.8309,
        3.4000, 1.8564, 3.4981, 2.0699, 3.6289, 2.7824, 2.9488, 3.7830, 2.0371,
        1.9517, 2.9828, 2.2258, 1.5707, 2.4271])//
train_examples$376000$60000.0//
train_loss$385400$2.9818363333333333//
train_individual_losses$385400$tensor([3.4857, 3.4109, 2.5763, 4.0616, 2.7633, 4.3637, 3.9033, 3.0162, 2.1828,
        3.4049, 2.5603, 2.7977, 3.1877, 2.2438, 2.8654, 3.7401, 2.1247, 2.9338,
        3.6882, 3.8475, 3.0862, 3.0890, 3.3579, 2.6976, 2.3980, 3.0774, 2.7784,
        2.2924, 3.0099, 3.9208, 3.4656, 3.7830, 2.8491, 2.2552, 3.1445, 3.8137,
        3.3771, 1.8441, 3.4795, 2.0454, 3.6069, 2.7566, 2.9405, 3.7767, 2.0218,
        1.9349, 2.9692, 2.2159, 1.5343, 2.4125])//
train_examples$385400$60000.0//
train_loss$394800$2.963865333333333//
train_individual_losses$394800$tensor([3.4589, 3.3906, 2.5709, 4.0549, 2.7509, 4.3437, 3.8952, 3.0046, 2.1634,
        3.4019, 2.5503, 2.7954, 3.1805, 2.2141, 2.8382, 3.7305, 2.1274, 2.9119,
        3.6956, 3.8048, 3.0585, 3.0727, 3.3494, 2.6702, 2.3895, 3.0589, 2.7617,
        2.2737, 2.9786, 3.8902, 3.4522, 3.7707, 2.8193, 2.2197, 3.1102, 3.7973,
        3.3156, 1.8255, 3.4662, 2.0109, 3.5780, 2.7441, 2.9282, 3.7633, 2.0140,
        1.9187, 2.9616, 2.2030, 1.5058, 2.4022])//
train_examples$394800$60000.0//
train_loss$404200$2.945804//
train_individual_losses$404200$tensor([3.4531, 3.3822, 2.5592, 4.0555, 2.7271, 4.3152, 3.8865, 2.9849, 2.1465,
        3.3973, 2.5467, 2.7945, 3.1529, 2.1836, 2.8104, 3.7232, 2.1039, 2.8844,
        3.6780, 3.7325, 3.0139, 3.0607, 3.3394, 2.6458, 2.3646, 3.0486, 2.7560,
        2.2581, 2.9552, 3.8645, 3.4246, 3.7685, 2.8062, 2.1964, 3.0917, 3.7864,
        3.2785, 1.8077, 3.4524, 1.9816, 3.5550, 2.7261, 2.9227, 3.7574, 1.9990,
        1.9057, 2.9479, 2.1951, 1.4781, 2.3845])//
train_examples$404200$60000.0//
train_loss$413600$2.9294276666666668//
train_individual_losses$413600$tensor([3.4323, 3.3684, 2.5513, 4.0324, 2.7058, 4.2892, 3.8796, 2.9631, 2.1325,
        3.3790, 2.5444, 2.7869, 3.1430, 2.1601, 2.7807, 3.7234, 2.0929, 2.8554,
        3.6704, 3.6866, 2.9764, 3.0483, 3.3378, 2.6196, 2.3576, 3.0434, 2.7388,
        2.2463, 2.9294, 3.8476, 3.4159, 3.7469, 2.7906, 2.1694, 3.0688, 3.7796,
        3.2593, 1.7998, 3.4404, 1.9548, 3.5353, 2.7070, 2.9097, 3.7531, 1.9825,
        1.8921, 2.9380, 2.1770, 1.4540, 2.3749])//
train_examples$413600$60000.0//
train_loss$423000$2.912563//
train_individual_losses$423000$tensor([3.4169, 3.3546, 2.5477, 4.0064, 2.6902, 4.2609, 3.8722, 2.9417, 2.1256,
        3.3674, 2.5287, 2.7721, 3.1235, 2.1405, 2.7487, 3.7079, 2.0943, 2.8273,
        3.6615, 3.6367, 2.9455, 3.0373, 3.3390, 2.6004, 2.3416, 3.0305, 2.7292,
        2.2285, 2.9102, 3.8307, 3.3953, 3.7311, 2.7720, 2.1476, 3.0587, 3.7690,
        3.2141, 1.7841, 3.4287, 1.9198, 3.5234, 2.6817, 2.8987, 3.7391, 1.9700,
        1.8798, 2.9385, 2.1662, 1.4327, 2.3600])//
train_examples$423000$60000.0//
train_loss$432400$2.896031333333333//
train_individual_losses$432400$tensor([3.4120, 3.3280, 2.5404, 4.0062, 2.6749, 4.2316, 3.8752, 2.9183, 2.1198,
        3.3584, 2.5196, 2.7633, 3.1160, 2.1247, 2.6954, 3.6979, 2.0800, 2.7937,
        3.6531, 3.5772, 2.8986, 3.0283, 3.3267, 2.5903, 2.3299, 3.0221, 2.7175,
        2.2068, 2.8887, 3.8060, 3.3809, 3.7281, 2.7582, 2.1201, 3.0477, 3.7542,
        3.1904, 1.7727, 3.4181, 1.8949, 3.5055, 2.6629, 2.8923, 3.7309, 1.9498,
        1.8643, 2.9239, 2.1500, 1.4145, 2.3414])//
train_examples$432400$60000.0//
train_loss$441800$2.8804836666666667//
train_individual_losses$441800$tensor([3.3943, 3.2717, 2.5373, 3.9745, 2.6659, 4.2199, 3.8713, 2.9019, 2.1121,
        3.3528, 2.5106, 2.7613, 3.0931, 2.1174, 2.6548, 3.6888, 2.0719, 2.7639,
        3.6559, 3.5357, 2.8502, 3.0157, 3.3118, 2.5641, 2.3291, 3.0150, 2.7137,
        2.1941, 2.8727, 3.7913, 3.3607, 3.7191, 2.7440, 2.0934, 3.0413, 3.7576,
        3.1650, 1.7645, 3.4003, 1.8714, 3.4919, 2.6489, 2.8872, 3.7294, 1.9105,
        1.8565, 2.9072, 2.1431, 1.3930, 2.3260])//
train_examples$441800$60000.0//
train_loss$451200$2.864559//
train_individual_losses$451200$tensor([3.3818, 3.2539, 2.5307, 3.9609, 2.6503, 4.1988, 3.8529, 2.8844, 2.1110,
        3.3352, 2.5031, 2.7695, 3.0816, 2.0981, 2.6223, 3.6843, 2.0642, 2.7394,
        3.6409, 3.5005, 2.8107, 2.9965, 3.3118, 2.5497, 2.3153, 3.0084, 2.6920,
        2.1773, 2.8545, 3.7810, 3.3493, 3.7009, 2.7327, 2.0798, 3.0191, 3.7390,
        3.1428, 1.7595, 3.3852, 1.8534, 3.4796, 2.6241, 2.8886, 3.7180, 1.8263,
        1.8426, 2.9003, 2.1341, 1.3755, 2.3157])//
train_examples$451200$60000.0//
train_loss$460600$2.8534383333333335//
train_individual_losses$460600$tensor([3.3752, 3.2319, 2.5222, 3.9689, 2.6427, 4.1841, 3.8576, 2.8728, 2.1040,
        3.3292, 2.5029, 2.7570, 3.0650, 2.0930, 2.5938, 3.6903, 2.0580, 2.7116,
        3.6384, 3.4705, 2.7764, 2.9807, 3.3105, 2.5418, 2.3048, 2.9991, 2.6869,
        2.1641, 2.8422, 3.7695, 3.3384, 3.7067, 2.7213, 2.0585, 3.0168, 3.7345,
        3.1259, 1.7536, 3.3692, 1.8284, 3.4742, 2.6089, 2.8697, 3.7178, 1.7895,
        1.8329, 2.8874, 2.1268, 1.3611, 2.3050])//
train_examples$460600$60000.0//
train_loss$470000$2.8395786666666667//
train_individual_losses$470000$tensor([3.3704, 3.2161, 2.5206, 3.9611, 2.6309, 4.1593, 3.8421, 2.8574, 2.1023,
        3.3162, 2.4930, 2.7484, 3.0329, 2.0801, 2.5715, 3.6746, 2.0546, 2.6869,
        3.6272, 3.4400, 2.7328, 2.9751, 3.3031, 2.5203, 2.2996, 2.9951, 2.6814,
        2.1482, 2.8285, 3.7461, 3.3316, 3.6825, 2.7113, 2.0446, 3.0002, 3.7371,
        3.1085, 1.7441, 3.3548, 1.8123, 3.4568, 2.5882, 2.8414, 3.7192, 1.7703,
        1.8172, 2.8912, 2.1151, 1.3413, 2.2954])//
train_examples$470000$60000.0