train_loss$0$2.916412890625//
train_individual_losses$0$tensor([15.2395,  2.9229,  0.8101,  0.0247,  5.1396,  0.9068,  0.0314,  1.0020,
         2.1038,  0.9834])//
train_examples$0$8000.0//
train_loss$1600$0.00016406476497650148//
train_individual_losses$1600$tensor([0.0002, 0.0002, 0.0002, 0.0001, 0.0002, 0.0002, 0.0001, 0.0002, 0.0002,
        0.0002])//
train_examples$1600$8000.0//
train_loss$3200$0.00010707024335861206//
train_individual_losses$3200$tensor([2.3068e-04, 1.6699e-04, 1.0144e-04, 1.6142e-05, 1.3783e-04, 1.2345e-04,
        1.1057e-05, 9.1636e-05, 1.1908e-04, 7.2396e-05])//
train_examples$3200$8000.0//
train_loss$4800$4.2616811394691466e-05//
train_individual_losses$4800$tensor([2.2211e-04, 6.8721e-05, 1.1177e-05, 5.8891e-06, 4.5031e-05, 1.3936e-05,
        4.3769e-06, 1.1383e-05, 3.3811e-05, 9.7317e-06])//
train_examples$4800$8000.0//
train_loss$6400$1.780393272638321e-05//
train_individual_losses$6400$tensor([1.3625e-04, 6.8855e-06, 1.3234e-06, 1.1113e-06, 7.5339e-06, 3.1032e-06,
        5.8141e-06, 4.4025e-06, 9.3435e-06, 2.2702e-06])//
train_examples$6400$8000.0//
train_loss$8000$6.3794739544391635e-06//
train_individual_losses$8000$tensor([3.6371e-05, 7.0315e-07, 3.0086e-06, 2.3595e-06, 1.4316e-06, 2.8496e-06,
        4.7582e-06, 9.7783e-06, 1.3426e-06, 1.1921e-06])//
train_examples$8000$8000.0//
train_loss$9600$1.7405755817890166e-06//
train_individual_losses$9600$tensor([4.3588e-06, 2.9898e-07, 2.4055e-06, 5.8501e-06, 1.5148e-06, 1.0456e-06,
        5.2961e-07, 5.6564e-07, 4.7223e-07, 3.6448e-07])//
train_examples$9600$8000.0//
train_loss$11200$1.7627635970711707e-06//
train_individual_losses$11200$tensor([7.9661e-07, 1.3805e-06, 3.7768e-06, 3.8698e-06, 3.0306e-07, 1.1357e-06,
        4.9520e-07, 2.1337e-06, 2.0897e-06, 1.6466e-06])//
train_examples$11200$8000.0//
train_loss$12800$3.0928833410143853e-06//
train_individual_losses$12800$tensor([2.6546e-07, 5.1647e-06, 2.1953e-06, 1.3125e-06, 1.6761e-06, 5.3901e-07,
        1.5156e-05, 4.2320e-07, 3.6038e-07, 3.8360e-06])//
train_examples$12800$8000.0//
train_loss$14400$1.6296671703457832e-06//
train_individual_losses$14400$tensor([2.1571e-06, 1.9868e-06, 4.7071e-07, 2.9526e-07, 2.7636e-06, 1.4078e-07,
        9.0540e-07, 3.5121e-07, 5.9962e-07, 6.6262e-06])//
train_examples$14400$8000.0//
train_loss$16000$2.8518227860331535e-06//
train_individual_losses$16000$tensor([6.3801e-07, 3.0407e-07, 2.3392e-07, 1.5106e-06, 2.1171e-07, 6.1461e-07,
        2.6287e-07, 8.7623e-07, 2.2793e-05, 1.0735e-06])//
train_examples$16000$8000.0//
train_loss$17600$3.62224280834198e-06//
train_individual_losses$17600$tensor([4.7911e-07, 2.5973e-05, 2.8447e-07, 4.7019e-07, 6.0115e-07, 8.0046e-08,
        4.3624e-06, 2.3618e-06, 1.3949e-06, 2.1497e-07])//
train_examples$17600$8000.0//
train_loss$19200$5.70903979241848e-06//
train_individual_losses$19200$tensor([1.3747e-06, 2.0644e-07, 4.8957e-07, 2.4583e-06, 4.3678e-05, 2.8333e-06,
        7.5525e-07, 3.6534e-06, 3.1338e-07, 1.3275e-06])//
train_examples$19200$8000.0//
train_loss$20800$1.912102848291397e-06//
train_individual_losses$20800$tensor([1.9620e-06, 2.5321e-06, 9.4307e-08, 2.7453e-06, 2.8955e-06, 6.6073e-06,
        1.0733e-06, 7.9449e-07, 1.6102e-07, 2.5569e-07])//
train_examples$20800$8000.0//
train_loss$22400$1.3739955611526965e-06//
train_individual_losses$22400$tensor([2.7380e-07, 6.3244e-06, 6.7342e-08, 2.1200e-06, 4.6551e-07, 2.3139e-07,
        3.2072e-06, 2.9340e-07, 1.2667e-07, 6.3025e-07])//
train_examples$22400$8000.0//
train_loss$24000$5.5989623069763185e-06//
train_individual_losses$24000$tensor([1.0818e-06, 3.1717e-06, 1.6182e-06, 1.3958e-07, 3.1838e-06, 4.0224e-06,
        3.6600e-05, 5.4909e-07, 2.1932e-07, 5.4038e-06])//
train_examples$24000$8000.0//
train_loss$25600$9.564989060163497e-06//
train_individual_losses$25600$tensor([4.9508e-06, 4.6802e-06, 2.2888e-06, 2.9161e-06, 4.2644e-07, 5.3884e-06,
        3.1054e-05, 8.2322e-08, 1.1055e-07, 4.3752e-05])//
train_examples$25600$8000.0//
train_loss$27200$1.4682283625006676e-06//
train_individual_losses$27200$tensor([4.8017e-07, 1.5832e-07, 5.3678e-07, 3.2221e-07, 2.3584e-07, 4.7697e-08,
        4.9131e-06, 1.3845e-06, 9.8981e-07, 5.6138e-06])//
train_examples$27200$8000.0//
train_loss$28800$6.49348720908165e-06//
train_individual_losses$28800$tensor([1.9412e-06, 2.1862e-06, 7.3309e-06, 5.6039e-06, 4.3563e-07, 5.9762e-06,
        4.0791e-05, 1.4601e-07, 1.0773e-07, 4.1628e-07])//
train_examples$28800$8000.0//
train_loss$30400$2.6212519034743307e-06//
train_individual_losses$30400$tensor([4.2415e-07, 3.0293e-06, 2.4969e-06, 2.9276e-06, 2.0588e-07, 3.8292e-07,
        7.6275e-06, 1.4272e-07, 4.6703e-07, 8.5084e-06])//
train_examples$30400$8000.0//
train_loss$32000$4.002084583044052e-06//
train_individual_losses$32000$tensor([2.9694e-06, 2.5624e-05, 3.1572e-06, 2.0839e-07, 1.6418e-07, 4.1535e-08,
        5.5463e-08, 1.3445e-07, 2.8110e-06, 4.8554e-06])//
train_examples$32000$8000.0//
train_loss$33600$3.2975781708955766e-06//
train_individual_losses$33600$tensor([1.8252e-06, 1.0015e-05, 1.1244e-06, 8.8316e-08, 1.7502e-06, 4.5299e-07,
        4.7584e-08, 3.4582e-07, 1.7181e-05, 1.4521e-07])//
train_examples$33600$8000.0//
train_loss$35200$3.423161804676056e-06//
train_individual_losses$35200$tensor([6.6049e-08, 3.8320e-07, 3.4826e-08, 1.4004e-06, 1.0926e-06, 1.5859e-05,
        1.0863e-05, 4.3888e-06, 4.7393e-08, 9.6266e-08])//
train_examples$35200$8000.0//
train_loss$36800$6.792837381362915e-06//
train_individual_losses$36800$tensor([2.7575e-06, 2.1752e-05, 6.0574e-07, 9.3899e-08, 1.0261e-06, 5.5689e-07,
        1.9042e-05, 4.0355e-07, 1.0179e-06, 2.0673e-05])//
train_examples$36800$8000.0//
train_loss$38400$3.0285410583019257e-06//
train_individual_losses$38400$tensor([1.9230e-07, 6.4964e-06, 1.5487e-06, 1.7360e-07, 2.0497e-06, 1.1542e-08,
        2.5645e-07, 9.5042e-07, 1.3221e-05, 5.3858e-06])//
train_examples$38400$8000.0//
train_loss$40000$3.8681510835886e-06//
train_individual_losses$40000$tensor([1.8493e-06, 9.1807e-08, 3.1034e-05, 7.3668e-08, 3.1855e-06, 1.1070e-06,
        4.0817e-08, 9.8752e-07, 3.4333e-08, 2.7756e-07])//
train_examples$40000$8000.0//
train_loss$41600$3.8731049746274946e-06//
train_individual_losses$41600$tensor([4.2640e-08, 2.9781e-06, 1.4638e-07, 3.1572e-06, 3.4154e-07, 9.4203e-06,
        1.3089e-05, 8.6553e-07, 3.2499e-06, 5.4404e-06])//
train_examples$41600$8000.0//
train_loss$43200$9.270742535591126e-07//
train_individual_losses$43200$tensor([7.6384e-07, 3.0172e-08, 8.4579e-08, 5.2868e-06, 4.2861e-07, 7.2394e-07,
        8.3491e-08, 3.8496e-08, 1.7871e-06, 4.3711e-08])//
train_examples$43200$8000.0//
train_loss$44800$7.463524118065834e-07//
train_individual_losses$44800$tensor([4.7435e-07, 4.7759e-08, 2.8257e-06, 3.7723e-08, 5.8825e-07, 7.7086e-08,
        2.2852e-07, 5.9633e-07, 2.5421e-06, 4.5725e-08])//
train_examples$44800$8000.0//
train_loss$46400$1.409734133630991e-06//
train_individual_losses$46400$tensor([1.0595e-07, 2.3718e-08, 2.1652e-08, 9.4220e-07, 1.4163e-06, 1.4604e-08,
        4.0062e-06, 5.5637e-08, 5.6422e-06, 1.8689e-06])//
train_examples$46400$8000.0//
train_loss$48000$8.174286037683487e-06//
train_individual_losses$48000$tensor([5.1852e-08, 4.6237e-05, 1.9632e-08, 1.8080e-05, 3.2890e-07, 1.1062e-07,
        3.5840e-06, 4.0005e-07, 5.8367e-07, 1.2347e-05])//
train_examples$48000$8000.0//
train_loss$49600$3.807365521788597e-06//
train_individual_losses$49600$tensor([7.3679e-07, 3.3432e-07, 6.9472e-07, 6.6814e-08, 1.2002e-06, 3.2061e-07,
        1.3981e-05, 2.2871e-07, 1.8684e-05, 1.8271e-06])//
train_examples$49600$8000.0//
train_loss$51200$1.473485119640827e-06//
train_individual_losses$51200$tensor([3.1290e-08, 1.5776e-07, 7.1713e-07, 2.9320e-08, 1.3951e-06, 4.6333e-07,
        9.1649e-08, 3.2375e-07, 8.9618e-07, 1.0629e-05])//
train_examples$51200$8000.0//
train_loss$52800$1.1566884815692901e-06//
train_individual_losses$52800$tensor([5.1565e-08, 2.7299e-08, 7.4355e-08, 2.3921e-07, 1.9110e-06, 1.1010e-06,
        1.8952e-07, 8.8958e-08, 3.7347e-06, 4.1492e-06])//
train_examples$52800$8000.0//
train_loss$54400$7.335102185606956e-07//
train_individual_losses$54400$tensor([2.5747e-07, 1.7991e-07, 9.6275e-08, 9.5325e-07, 2.4502e-07, 4.3138e-06,
        3.4160e-07, 3.1083e-08, 7.8019e-07, 1.3654e-07])//
train_examples$54400$8000.0//
train_loss$56000$2.1878421306610107e-06//
train_individual_losses$56000$tensor([8.5868e-07, 1.2725e-05, 1.4395e-07, 7.5435e-06, 8.1478e-08, 2.6174e-07,
        4.3567e-08, 4.7913e-08, 1.5126e-07, 2.1099e-08])//
train_examples$56000$8000.0//
train_loss$57600$5.009500682353973e-06//
train_individual_losses$57600$tensor([1.9847e-06, 1.6521e-07, 1.8294e-08, 1.3538e-05, 9.9760e-08, 2.3264e-08,
        2.6549e-05, 4.8876e-08, 1.9093e-06, 5.7586e-06])//
train_examples$57600$8000.0//
train_loss$59200$9.23103466629982e-07//
train_individual_losses$59200$tensor([4.5072e-07, 8.1943e-07, 3.2211e-06, 3.7632e-06, 8.1717e-08, 6.3796e-07,
        5.0062e-08, 1.0371e-07, 2.8839e-08, 7.4260e-08])//
train_examples$59200$8000.0//
train_loss$60800$6.103943660855293e-06//
train_individual_losses$60800$tensor([2.0449e-08, 1.6077e-08, 3.9876e-08, 1.1666e-07, 6.9415e-06, 1.8236e-07,
        3.3991e-06, 1.5039e-05, 6.2841e-06, 2.9000e-05])//
train_examples$60800$8000.0//
train_loss$62400$9.767851792275906e-07//
train_individual_losses$62400$tensor([7.9710e-07, 1.2456e-06, 4.6115e-07, 1.9090e-06, 3.8372e-06, 1.4286e-07,
        5.8396e-07, 7.5392e-08, 2.4293e-08, 6.9136e-07])//
train_examples$62400$8000.0//
train_loss$64000$1.5982167795300484e-06//
train_individual_losses$64000$tensor([1.1063e-07, 4.0584e-08, 1.2191e-06, 6.0066e-08, 8.3632e-06, 1.9445e-08,
        4.8440e-07, 2.3352e-06, 3.1929e-06, 1.5671e-07])//
train_examples$64000$8000.0//
train_loss$65600$7.71596236154437e-07//
train_individual_losses$65600$tensor([3.6132e-07, 1.6223e-07, 1.3459e-06, 1.6733e-08, 7.8445e-07, 1.2871e-08,
        1.8999e-06, 5.0622e-07, 2.4956e-06, 1.3074e-07])//
train_examples$65600$8000.0//
train_loss$67200$7.044783979654312e-06//
train_individual_losses$67200$tensor([9.0842e-06, 1.2546e-05, 4.6808e-06, 2.6450e-06, 6.6910e-08, 3.4723e-09,
        1.6501e-05, 2.0794e-08, 1.2118e-05, 1.2782e-05])//
train_examples$67200$8000.0//
train_loss$68800$3.1540539115667343e-06//
train_individual_losses$68800$tensor([2.1857e-07, 1.6435e-05, 2.2981e-07, 2.7544e-07, 2.0485e-07, 1.7559e-06,
        3.7893e-07, 9.5718e-06, 2.3108e-06, 1.5929e-07])//
train_examples$68800$8000.0//
train_loss$70400$3.6032073199748994e-06//
train_individual_losses$70400$tensor([5.6283e-07, 1.0965e-06, 2.1397e-07, 3.5921e-07, 4.6980e-07, 1.7632e-07,
        3.2467e-05, 2.7212e-07, 3.6541e-07, 4.8490e-08])//
train_examples$70400$8000.0//
train_loss$72000$4.996943101286888e-06//
train_individual_losses$72000$tensor([3.7631e-07, 6.6984e-08, 5.8463e-08, 1.0727e-06, 2.5906e-05, 1.4374e-07,
        3.0415e-08, 1.6008e-06, 2.0557e-05, 1.5683e-07])//
train_examples$72000$8000.0//
train_loss$73600$1.6337119042873383e-06//
train_individual_losses$73600$tensor([2.6948e-07, 5.3159e-07, 5.6444e-06, 1.9907e-06, 2.6776e-07, 3.1700e-09,
        1.1955e-07, 5.2089e-06, 8.2555e-08, 2.2191e-06])//
train_examples$73600$8000.0//
train_loss$75200$5.568967200815678e-07//
train_individual_losses$75200$tensor([4.4477e-08, 2.6347e-06, 8.7621e-07, 7.0099e-07, 6.6838e-07, 2.2973e-08,
        5.9643e-09, 1.0170e-08, 2.2690e-07, 3.7821e-07])//
train_examples$75200$8000.0//
train_loss$76800$5.510982871055603e-06//
train_individual_losses$76800$tensor([4.8578e-08, 1.6378e-05, 1.1293e-07, 1.6972e-08, 3.6981e-06, 3.3523e-08,
        2.2467e-07, 2.3622e-07, 3.3460e-05, 9.0108e-07])//
train_examples$76800$8000.0//
train_loss$78400$3.6917775869369508e-06//
train_individual_losses$78400$tensor([3.2362e-07, 1.8988e-07, 7.5209e-07, 2.2720e-08, 4.0405e-08, 2.7502e-08,
        1.2776e-07, 3.2053e-07, 3.5098e-05, 1.5010e-08])//
train_examples$78400$8000.0//
train_loss$80000$6.213299464434386e-07//
train_individual_losses$80000$tensor([1.5346e-08, 1.3385e-06, 1.8889e-07, 1.6558e-08, 5.7874e-07, 1.0240e-08,
        5.4835e-09, 3.9389e-06, 9.7724e-08, 2.2896e-08])//
train_examples$80000$8000.0//
train_loss$81600$9.98164899647236e-07//
train_individual_losses$81600$tensor([1.3942e-07, 4.5966e-07, 8.8144e-08, 7.1881e-08, 1.5147e-07, 4.7752e-07,
        5.1915e-09, 7.2289e-06, 9.6577e-07, 3.9371e-07])//
train_examples$81600$8000.0//
train_loss$83200$2.5181518867611883e-06//
train_individual_losses$83200$tensor([2.1027e-08, 7.0266e-08, 1.1517e-05, 7.0115e-07, 5.9028e-06, 4.2575e-06,
        5.1473e-09, 2.0586e-08, 3.0051e-07, 2.3858e-06])//
train_examples$83200$8000.0//
train_loss$84800$1.280978135764599e-06//
train_individual_losses$84800$tensor([9.3108e-08, 8.8501e-09, 2.6514e-06, 6.8296e-06, 2.0034e-06, 3.0732e-09,
        2.1114e-07, 9.7961e-07, 1.7502e-08, 1.2185e-08])//
train_examples$84800$8000.0//
train_loss$86400$3.615312278270721e-07//
train_individual_losses$86400$tensor([3.7252e-08, 1.5100e-08, 2.7459e-07, 2.8614e-07, 2.9227e-07, 5.1200e-07,
        3.1929e-08, 1.1860e-06, 9.6825e-07, 1.1823e-08])//
train_examples$86400$8000.0//
train_loss$88000$1.2561563402414323e-06//
train_individual_losses$88000$tensor([6.7162e-06, 1.0782e-08, 1.4620e-08, 7.3411e-09, 3.8804e-07, 3.3857e-06,
        1.7794e-08, 9.9263e-08, 1.9081e-06, 1.3724e-08])//
train_examples$88000$8000.0//
train_loss$89600$8.01583006978035e-07//
train_individual_losses$89600$tensor([2.1973e-07, 1.2820e-06, 5.8815e-08, 1.1189e-07, 5.3395e-08, 3.4102e-09,
        8.7215e-09, 1.1981e-08, 6.2391e-06, 2.6787e-08])//
train_examples$89600$8000.0//
train_loss$91200$5.34367561340332e-07//
train_individual_losses$91200$tensor([1.6256e-06, 1.7078e-07, 1.7542e-07, 1.1594e-06, 1.2585e-06, 6.9691e-07,
        5.9242e-08, 1.5298e-08, 8.1870e-08, 1.0063e-07])//
train_examples$91200$8000.0//
train_loss$92800$4.429446905851364e-06//
train_individual_losses$92800$tensor([1.9140e-06, 2.9948e-06, 1.2291e-06, 2.1307e-08, 1.4123e-07, 3.8705e-07,
        9.2502e-07, 5.9419e-07, 1.1858e-06, 3.4902e-05])//
train_examples$92800$8000.0//
train_loss$94400$1.8921853974461555e-06//
train_individual_losses$94400$tensor([3.3624e-07, 2.3719e-06, 1.1650e-07, 6.3455e-08, 7.7027e-08, 1.4924e-06,
        5.2576e-09, 4.0437e-06, 1.0984e-06, 9.3170e-06])//
train_examples$94400$8000.0//
train_loss$96000$6.469070911407471e-07//
train_individual_losses$96000$tensor([2.5347e-06, 1.9667e-06, 2.3559e-07, 3.8184e-08, 4.3578e-07, 9.6980e-08,
        2.5906e-08, 1.5392e-08, 1.0704e-06, 4.9413e-08])//
train_examples$96000$8000.0//
train_loss$97600$5.480345338582992e-07//
train_individual_losses$97600$tensor([2.0135e-08, 1.2330e-06, 5.5762e-09, 4.0800e-08, 2.4923e-07, 2.3686e-07,
        3.0098e-07, 2.2497e-08, 4.0091e-07, 2.9703e-06])//
train_examples$97600$8000.0//
train_loss$99200$1.2943758629262447e-06//
train_individual_losses$99200$tensor([8.3729e-08, 3.3310e-07, 6.5273e-09, 9.1760e-06, 2.0126e-07, 9.5577e-08,
        7.2682e-08, 2.4674e-08, 1.1078e-07, 2.8394e-06])//
train_examples$99200$8000.0//
train_loss$100800$1.1034222319722176e-06//
train_individual_losses$100800$tensor([1.1272e-07, 1.4122e-07, 1.9957e-08, 6.1532e-07, 3.8397e-06, 1.7559e-08,
        6.0315e-06, 1.2978e-08, 2.5136e-08, 2.1818e-07])//
train_examples$100800$8000.0//
train_loss$102400$2.261865697801113e-06//
train_individual_losses$102400$tensor([7.7983e-08, 3.4751e-08, 1.1606e-05, 1.8519e-08, 2.1704e-08, 3.1628e-06,
        4.3360e-06, 6.4245e-08, 1.1711e-07, 3.1800e-06])//
train_examples$102400$8000.0//
train_loss$104000$3.6361318081617354e-06//
train_individual_losses$104000$tensor([2.0509e-06, 4.7722e-08, 3.6781e-07, 1.1119e-05, 3.7310e-07, 1.7607e-05,
        6.0928e-08, 2.4197e-06, 1.6840e-06, 6.3158e-07])//
train_examples$104000$8000.0//
train_loss$105600$1.7989937216043473e-06//
train_individual_losses$105600$tensor([1.1767e-07, 1.4074e-08, 1.3501e-06, 7.5578e-08, 9.0656e-06, 2.3248e-08,
        2.9562e-09, 2.2235e-08, 6.6867e-07, 6.6498e-06])//
train_examples$105600$8000.0//
train_loss$107200$1.953868009150028e-06//
train_individual_losses$107200$tensor([3.9253e-06, 3.2048e-08, 3.4995e-07, 1.2113e-07, 1.3091e-06, 1.3483e-06,
        8.3697e-06, 4.0284e-06, 2.2780e-08, 3.1872e-08])//
train_examples$107200$8000.0//
train_loss$108800$2.0506281405687334e-06//
train_individual_losses$108800$tensor([4.4066e-06, 8.0296e-07, 3.5134e-07, 3.8162e-08, 5.2044e-06, 6.2044e-06,
        2.2834e-08, 4.9148e-07, 2.6679e-06, 3.1626e-07])//
train_examples$108800$8000.0//
train_loss$110400$2.6598575059324504e-07//
train_individual_losses$110400$tensor([1.4469e-07, 1.3624e-08, 2.3623e-06, 4.8007e-09, 2.8338e-08, 8.2168e-09,
        3.2684e-08, 9.0658e-09, 4.7208e-08, 8.9429e-09])//
train_examples$110400$8000.0//
train_loss$112000$7.475731428712607e-07//
train_individual_losses$112000$tensor([8.5824e-09, 4.1626e-07, 9.2692e-08, 4.2400e-09, 1.1340e-08, 4.0155e-06,
        6.4629e-07, 6.6858e-08, 1.1774e-07, 2.0962e-06])//
train_examples$112000$8000.0//
train_loss$113600$2.4729613214731218e-06//
train_individual_losses$113600$tensor([3.2841e-08, 9.1763e-06, 1.2424e-07, 1.1190e-08, 7.7903e-07, 1.0726e-07,
        1.1598e-06, 9.0795e-08, 5.1083e-06, 8.1399e-06])//
train_examples$113600$8000.0//
train_loss$115200$5.90006522834301e-06//
train_individual_losses$115200$tensor([2.1619e-07, 2.2769e-06, 4.2675e-06, 2.7771e-05, 1.1989e-08, 3.2205e-08,
        2.1750e-05, 1.2986e-07, 1.2699e-06, 1.2750e-06])//
train_examples$115200$8000.0//
train_loss$116800$1.5856854617595673e-06//
train_individual_losses$116800$tensor([5.5133e-07, 1.5671e-07, 1.4275e-06, 1.3649e-06, 4.4863e-06, 1.7176e-07,
        4.6499e-06, 2.8128e-06, 2.0503e-07, 3.0625e-08])//
train_examples$116800$8000.0//
train_loss$118400$2.2739574313163757e-06//
train_individual_losses$118400$tensor([8.4779e-08, 7.0906e-09, 8.6137e-07, 2.7263e-07, 1.6129e-07, 5.1840e-07,
        7.7745e-08, 1.7233e-05, 6.4749e-08, 3.4582e-06])//
train_examples$118400$8000.0//
train_loss$120000$1.734553277492523e-06//
train_individual_losses$120000$tensor([1.5303e-06, 1.0065e-05, 7.6870e-07, 2.9645e-07, 8.9429e-08, 6.0334e-08,
        2.0247e-09, 4.1057e-06, 3.7047e-07, 5.7154e-08])//
train_examples$120000$8000.0//
train_loss$121600$1.0510040447115899e-06//
train_individual_losses$121600$tensor([1.6419e-06, 5.7217e-09, 6.5471e-09, 5.0005e-09, 1.3828e-06, 6.4886e-09,
        1.8864e-09, 5.3557e-08, 7.3902e-06, 1.5976e-08])//
train_examples$121600$8000.0//
train_loss$123200$1.2671652249991895e-06//
train_individual_losses$123200$tensor([6.9717e-07, 8.6231e-06, 1.4779e-08, 5.0380e-09, 1.2326e-08, 2.0253e-07,
        1.1166e-06, 3.6027e-08, 1.9570e-06, 7.0774e-09])//
train_examples$123200$8000.0//
train_loss$124800$6.663964688777923e-06//
train_individual_losses$124800$tensor([1.9171e-07, 1.0781e-08, 1.6910e-07, 4.9884e-08, 7.8854e-07, 1.2037e-07,
        6.4880e-05, 1.1160e-08, 1.7016e-07, 2.4794e-07])//
train_examples$124800$8000.0//
train_loss$126400$7.891619578003883e-07//
train_individual_losses$126400$tensor([6.0929e-08, 2.8799e-08, 9.0572e-09, 1.2797e-08, 2.4568e-08, 3.8424e-07,
        2.6074e-09, 9.6635e-07, 6.3199e-06, 8.2384e-08])//
train_examples$126400$8000.0//
train_loss$128000$8.297081105411052e-07//
train_individual_losses$128000$tensor([2.5096e-07, 1.5063e-08, 3.4111e-07, 3.8412e-06, 1.1863e-06, 3.6309e-09,
        2.9653e-08, 5.9764e-07, 1.3029e-06, 7.2861e-07])//
train_examples$128000$8000.0//
train_loss$129600$1.0979609563946724e-06//
train_individual_losses$129600$tensor([1.1717e-07, 1.3183e-07, 1.5286e-07, 4.8515e-08, 6.3220e-09, 2.0376e-06,
        2.5211e-09, 1.5061e-06, 2.0004e-06, 4.9763e-06])//
train_examples$129600$8000.0//
train_loss$131200$8.670959621667861e-06//
train_individual_losses$131200$tensor([2.1509e-07, 4.8750e-06, 5.1066e-07, 1.6896e-08, 1.3631e-05, 1.0706e-07,
        6.2218e-05, 5.0186e-06, 7.3064e-08, 4.5025e-08])//
train_examples$131200$8000.0//
train_loss$132800$7.390751503407956e-07//
train_individual_losses$132800$tensor([3.8629e-07, 2.4606e-07, 2.7457e-07, 4.9195e-07, 1.1934e-07, 9.1929e-07,
        2.6722e-09, 3.6769e-08, 4.0878e-06, 8.2605e-07])//
train_examples$132800$8000.0//
train_loss$134400$3.918357193470001e-06//
train_individual_losses$134400$tensor([7.0209e-06, 4.2412e-09, 5.2573e-09, 1.3836e-08, 3.2860e-07, 3.2830e-09,
        2.2565e-05, 5.8961e-08, 9.0348e-06, 1.4833e-07])//
train_examples$134400$8000.0//
train_loss$136000$1.0828863829374313e-06//
train_individual_losses$136000$tensor([3.7405e-06, 5.6836e-07, 2.8272e-07, 9.4635e-08, 7.3382e-08, 5.0288e-09,
        2.4065e-06, 4.5555e-08, 1.2446e-06, 2.3677e-06])//
train_examples$136000$8000.0//
train_loss$137600$3.9404341951012614e-07//
train_individual_losses$137600$tensor([1.2668e-08, 1.4700e-08, 4.2599e-08, 5.4136e-07, 5.8471e-07, 1.9330e-08,
        2.7088e-09, 1.2607e-06, 1.1882e-08, 1.4497e-06])//
train_examples$137600$8000.0//
train_loss$139200$3.392220288515091e-06//
train_individual_losses$139200$tensor([3.7993e-06, 4.2578e-08, 2.5395e-07, 2.8709e-05, 3.1422e-08, 6.5210e-09,
        1.0023e-06, 4.8023e-08, 2.2672e-08, 6.4235e-09])//
train_examples$139200$8000.0//
train_loss$140800$1.227359939366579e-06//
train_individual_losses$140800$tensor([3.0421e-06, 2.5010e-06, 5.4016e-06, 3.1206e-08, 1.4447e-08, 4.8034e-07,
        4.8844e-07, 9.5454e-09, 1.8085e-08, 2.8674e-07])//
train_examples$140800$8000.0//
train_loss$142400$6.30737841129303e-07//
train_individual_losses$142400$tensor([5.0321e-06, 2.1527e-08, 3.2709e-07, 2.0514e-07, 1.1065e-07, 2.5634e-08,
        5.0308e-08, 3.2485e-09, 2.3077e-08, 5.0860e-07])//
train_examples$142400$8000.0//
train_loss$144000$5.418827012181282e-06//
train_individual_losses$144000$tensor([1.4307e-07, 1.5793e-07, 5.4418e-08, 6.0427e-06, 1.3024e-05, 1.4541e-06,
        1.7878e-08, 1.7754e-08, 3.3245e-05, 3.1621e-08])//
train_examples$144000$8000.0//
train_loss$145600$1.0730191133916379e-06//
train_individual_losses$145600$tensor([1.4708e-06, 2.2977e-06, 5.9489e-09, 5.3379e-09, 2.9814e-06, 5.3397e-07,
        1.4121e-06, 1.9835e-06, 7.7374e-09, 3.1817e-08])//
train_examples$145600$8000.0//
train_loss$147200$4.5909574255347254e-07//
train_individual_losses$147200$tensor([1.2929e-08, 4.2544e-08, 2.4659e-08, 7.4012e-08, 1.1889e-08, 3.0071e-09,
        4.9113e-09, 9.5190e-09, 1.3778e-07, 4.2697e-06])//
train_examples$147200$8000.0//
train_loss$148800$8.058515377342701e-07//
train_individual_losses$148800$tensor([9.5238e-08, 2.5865e-08, 1.7342e-08, 1.1838e-06, 2.4035e-08, 1.4232e-07,
        2.1320e-09, 6.4402e-06, 6.1015e-08, 6.6536e-08])//
train_examples$148800$8000.0//
train_loss$150400$3.0639952048659326e-06//
train_individual_losses$150400$tensor([1.1855e-08, 5.3499e-08, 4.5167e-09, 7.2612e-09, 5.7048e-07, 7.2376e-07,
        1.0257e-08, 1.4109e-05, 1.9367e-07, 1.4955e-05])//
train_examples$150400$8000.0//
train_loss$152000$6.786326412111521e-07//
train_individual_losses$152000$tensor([3.2386e-06, 1.1915e-08, 4.4672e-09, 6.5697e-07, 7.3130e-07, 2.1540e-07,
        2.1112e-08, 1.5048e-08, 8.6963e-09, 1.8828e-06])//
train_examples$152000$8000.0//
train_loss$153600$1.7597446218132974e-06//
train_individual_losses$153600$tensor([2.6123e-08, 6.7921e-08, 2.7829e-06, 4.9768e-07, 1.9943e-08, 1.9348e-07,
        1.2307e-05, 3.4283e-09, 1.6404e-06, 5.8432e-08])//
train_examples$153600$8000.0//
train_loss$155200$2.8483511414378883e-07//
train_individual_losses$155200$tensor([5.4073e-08, 3.4548e-07, 6.1769e-07, 8.9395e-08, 8.7044e-08, 1.9165e-07,
        1.2303e-06, 9.6989e-08, 8.2813e-08, 5.2940e-08])//
train_examples$155200$8000.0//
train_loss$156800$3.949108999222517e-07//
train_individual_losses$156800$tensor([9.3639e-07, 3.7756e-08, 9.2285e-07, 2.7625e-07, 1.5452e-07, 4.2428e-07,
        8.1113e-08, 3.5776e-07, 7.0843e-07, 4.9772e-08])//
train_examples$156800$8000.0//
train_loss$158400$7.957261987030506e-07//
train_individual_losses$158400$tensor([6.8432e-08, 1.0120e-08, 2.5402e-07, 7.8867e-09, 1.0592e-08, 2.6970e-09,
        7.7402e-09, 1.3380e-06, 5.8480e-06, 4.0970e-07])//
train_examples$158400$8000.0//
train_loss$160000$8.843723684549331e-07//
train_individual_losses$160000$tensor([2.8873e-06, 7.7094e-08, 1.5067e-06, 3.5953e-06, 5.6351e-09, 1.1454e-08,
        2.6381e-09, 2.5851e-07, 6.9937e-08, 4.2916e-07])//
train_examples$160000$8000.0