train_loss$0$109.44654933333334//
train_individual_losses$0$tensor([109.3974, 109.4184, 109.7502, 109.3689, 109.4014, 109.3432, 109.4982,
        109.5019, 109.4381, 109.4247, 109.5083, 109.4163, 109.4576, 109.5342,
        109.3539, 109.2542, 109.5148, 109.0968, 109.4484, 109.3367, 109.5687,
        109.8344, 109.5313, 109.4087, 109.2931, 109.5112, 109.4363, 109.4647,
        109.4418, 109.5996, 109.1263, 109.3962, 109.5419, 109.2985, 109.3056,
        109.4852, 109.6107, 109.4355, 109.7218, 109.3085, 109.4217, 109.3649,
        109.3177, 109.5616, 109.3808, 109.5667, 109.5612, 109.2319, 109.5234,
        109.6149])//
train_examples$0$60000.0//
train_loss$2350000$0.00010501200358072917//
train_individual_losses$2350000$tensor([8.1891e-06, 1.3466e-05, 2.8270e-05, 3.3038e-05, 2.2802e-04, 8.1507e-06,
        6.8858e-04, 4.3579e-06, 3.2808e-05, 5.5365e-04, 5.5597e-06, 1.1892e-05,
        3.7970e-05, 3.8608e-05, 1.3165e-05, 1.4011e-05, 6.8169e-05, 8.9526e-06,
        2.2075e-04, 1.9025e-05, 2.1812e-05, 6.6514e-06, 6.6196e-06, 6.5569e-06,
        2.5104e-05, 1.1445e-04, 7.3285e-06, 1.1303e-06, 7.5994e-04, 3.6365e-04,
        6.2276e-05, 4.3702e-04, 4.9136e-05, 6.4936e-07, 6.1384e-05, 1.3012e-04,
        1.5132e-05, 3.2815e-06, 2.5497e-04, 4.3085e-05, 4.0806e-06, 3.9971e-04,
        3.9293e-06, 1.1573e-04, 3.2772e-05, 5.7442e-06, 1.4928e-06, 2.7764e-04,
        1.6529e-06, 9.1402e-07])//
train_examples$2350000$60000.0