train_loss$0$40.680576//
train_individual_losses$0$tensor([40.6811, 40.6796, 40.6799, 40.6793, 40.6797, 40.6808, 40.6776, 40.6805,
        40.6802, 40.6810, 40.6809, 40.6825, 40.6801, 40.6808, 40.6822, 40.6810,
        40.6813, 40.6802, 40.6818, 40.6793, 40.6817, 40.6824, 40.6808, 40.6811,
        40.6801, 40.6814, 40.6804, 40.6810, 40.6806, 40.6809, 40.6806, 40.6797,
        40.6822, 40.6802, 40.6795, 40.6804, 40.6788, 40.6802, 40.6835, 40.6816,
        40.6805, 40.6797, 40.6810, 40.6818, 40.6814, 40.6795, 40.6798, 40.6793,
        40.6797, 40.6789])//
train_examples$0$60000.0//
train_loss$2350000$0.00014615272013346355//
train_individual_losses$2350000$tensor([1.1412e-04, 7.4041e-05, 4.2358e-05, 8.0080e-05, 6.1219e-05, 5.6063e-05,
        5.2563e-05, 3.0610e-05, 1.4577e-04, 2.7898e-04, 4.4635e-05, 6.2078e-05,
        5.1653e-04, 5.0914e-05, 5.7154e-04, 3.0794e-04, 1.8985e-04, 3.0508e-05,
        6.2586e-05, 4.4791e-05, 8.4129e-05, 5.3975e-05, 1.6482e-04, 4.0827e-04,
        5.6714e-05, 7.8435e-05, 1.0024e-04, 1.0474e-04, 4.5861e-05, 1.1926e-04,
        8.0408e-05, 2.4602e-04, 4.0961e-05, 4.5032e-05, 3.9945e-05, 5.3728e-05,
        7.8909e-05, 8.1679e-05, 1.1678e-04, 3.2548e-04, 6.0991e-04, 1.8424e-04,
        5.3984e-05, 1.6301e-04, 1.0919e-04, 7.1949e-05, 1.2702e-04, 1.3164e-04,
        6.6391e-04, 5.0221e-05])//
train_examples$2350000$60000.0