train_loss$0$0.6083533984375//
train_individual_losses$0$tensor([0.3907, 0.9669, 0.6181, 0.6978, 0.3496, 0.9522, 0.5942, 0.6724, 1.8880,
        0.2866, 0.4829, 0.3782, 0.4954, 0.6342, 0.4716, 0.4554, 0.4734, 0.4393,
        0.5185, 0.4017])//
train_examples$0$10000.0//
train_loss$2000$0.009300470581054687//
train_individual_losses$2000$tensor([0.0089, 0.0116, 0.0103, 0.0159, 0.0049, 0.0243, 0.0070, 0.0092, 0.0188,
        0.0054, 0.0065, 0.0062, 0.0057, 0.0130, 0.0058, 0.0062, 0.0063, 0.0073,
        0.0069, 0.0059])//
train_examples$2000$10000.0//
train_loss$4000$0.0030089471435546873//
train_individual_losses$4000$tensor([0.0022, 0.0043, 0.0041, 0.0039, 0.0013, 0.0048, 0.0022, 0.0029, 0.0056,
        0.0024, 0.0029, 0.0020, 0.0029, 0.0039, 0.0025, 0.0032, 0.0015, 0.0026,
        0.0032, 0.0018])//
train_examples$4000$10000.0//
train_loss$6000$0.0015341046142578125//
train_individual_losses$6000$tensor([0.0006, 0.0026, 0.0024, 0.0024, 0.0004, 0.0016, 0.0013, 0.0015, 0.0031,
        0.0011, 0.0017, 0.0009, 0.0018, 0.0015, 0.0013, 0.0021, 0.0005, 0.0013,
        0.0020, 0.0006])//
train_examples$6000$10000.0//
train_loss$8000$0.0008721577453613281//
train_individual_losses$8000$tensor([0.0003, 0.0016, 0.0017, 0.0017, 0.0002, 0.0007, 0.0007, 0.0007, 0.0014,
        0.0002, 0.0012, 0.0003, 0.0012, 0.0009, 0.0007, 0.0013, 0.0002, 0.0008,
        0.0013, 0.0002])//
train_examples$8000$10000.0//
train_loss$10000$0.0004998076248168945//
train_individual_losses$10000$tensor([2.1430e-04, 5.4974e-04, 1.2284e-03, 1.3478e-03, 1.5816e-04, 2.5214e-04,
        4.4281e-04, 3.1100e-04, 5.7628e-04, 5.0174e-05, 5.6972e-04, 1.6425e-04,
        9.6344e-04, 5.9657e-04, 4.0269e-04, 7.5788e-04, 1.5123e-04, 3.9573e-04,
        7.4142e-04, 1.2244e-04])//
train_examples$10000$10000.0//
train_loss$12000$0.00032107208251953124//
train_individual_losses$12000$tensor([1.7761e-04, 2.2760e-04, 1.0090e-03, 1.1068e-03, 1.1840e-04, 1.3316e-04,
        3.0900e-04, 1.4842e-04, 2.5621e-04, 3.2548e-05, 3.0652e-04, 1.0534e-04,
        6.3973e-04, 3.8646e-04, 2.2858e-04, 5.0790e-04, 1.0470e-04, 2.1533e-04,
        3.2475e-04, 8.3407e-05])//
train_examples$12000$10000.0//
train_loss$14000$0.00021818689346313476//
train_individual_losses$14000$tensor([1.5015e-04, 1.2639e-04, 8.9026e-04, 9.4912e-04, 9.8553e-05, 9.8723e-05,
        2.3271e-04, 9.3095e-05, 1.8672e-04, 2.7670e-05, 1.3676e-04, 8.1339e-05,
        9.0238e-05, 2.6973e-04, 1.3520e-04, 3.6697e-04, 8.1988e-05, 1.4985e-04,
        1.4092e-04, 5.7350e-05])//
train_examples$14000$10000.0//
train_loss$16000$0.00017740839004516603//
train_individual_losses$16000$tensor([1.2974e-04, 8.5694e-05, 7.7758e-04, 8.5562e-04, 8.3130e-05, 8.4466e-05,
        1.4623e-04, 6.7526e-05, 1.6156e-04, 2.4953e-05, 8.5315e-05, 6.6053e-05,
        5.6761e-05, 1.7826e-04, 1.1076e-04, 2.9322e-04, 6.9528e-05, 1.2289e-04,
        1.0877e-04, 4.0106e-05])//
train_examples$16000$10000.0//
train_loss$18000$0.0001446568775177002//
train_individual_losses$18000$tensor([1.1069e-04, 5.9985e-05, 6.2431e-04, 7.9129e-04, 7.3047e-05, 7.2299e-05,
        1.0687e-04, 4.9360e-05, 1.4903e-04, 2.2774e-05, 5.4359e-05, 5.5255e-05,
        4.4743e-05, 1.1966e-04, 9.3995e-05, 1.8402e-04, 6.2590e-05, 9.6439e-05,
        9.2475e-05, 2.9935e-05])//
train_examples$18000$10000.0//
train_loss$20000$0.00011014679908752442//
train_individual_losses$20000$tensor([9.1105e-05, 4.3941e-05, 2.7006e-04, 7.5353e-04, 6.6218e-05, 6.5334e-05,
        8.7328e-05, 3.6282e-05, 1.3856e-04, 2.0642e-05, 4.0125e-05, 4.6266e-05,
        3.5744e-05, 9.2648e-05, 8.2183e-05, 8.9529e-05, 5.8122e-05, 8.1299e-05,
        8.0901e-05, 2.3117e-05])//
train_examples$20000$10000.0//
train_loss$22000$9.329380035400391e-05//
train_individual_losses$22000$tensor([7.7487e-05, 3.1205e-05, 1.4377e-04, 7.2631e-04, 5.9150e-05, 5.9729e-05,
        7.3849e-05, 2.7174e-05, 1.2700e-04, 1.9419e-05, 3.0875e-05, 3.8116e-05,
        2.9977e-05, 7.5033e-05, 7.3737e-05, 6.0542e-05, 5.5281e-05, 6.9998e-05,
        6.8930e-05, 1.8297e-05])//
train_examples$22000$10000.0//
train_loss$24000$8.159268379211425e-05//
train_individual_losses$24000$tensor([6.7879e-05, 2.3676e-05, 6.7828e-05, 7.0769e-04, 5.3692e-05, 5.5986e-05,
        6.4169e-05, 2.1531e-05, 1.1338e-04, 1.8472e-05, 2.4274e-05, 3.4540e-05,
        2.4952e-05, 6.0600e-05, 6.7478e-05, 4.4252e-05, 5.2580e-05, 6.0691e-05,
        5.3467e-05, 1.4716e-05])//
train_examples$24000$10000.0//
train_loss$26000$7.231729984283447e-05//
train_individual_losses$26000$tensor([6.0794e-05, 1.7952e-05, 4.4168e-05, 6.6556e-04, 5.0027e-05, 5.2719e-05,
        5.6652e-05, 1.8012e-05, 9.7008e-05, 1.7545e-05, 1.5763e-05, 3.2561e-05,
        1.9151e-05, 4.9395e-05, 6.2453e-05, 3.2262e-05, 5.1045e-05, 4.8510e-05,
        4.2813e-05, 1.1958e-05])//
train_examples$26000$10000.0//
train_loss$28000$6.50846242904663e-05//
train_individual_losses$28000$tensor([5.5632e-05, 1.3707e-05, 3.3483e-05, 6.1729e-04, 5.2810e-05, 4.9757e-05,
        4.8557e-05, 1.5968e-05, 8.4412e-05, 1.7025e-05, 1.3167e-05, 3.1748e-05,
        1.5775e-05, 4.1077e-05, 5.5650e-05, 2.3144e-05, 5.0791e-05, 3.6353e-05,
        3.5769e-05, 9.5808e-06])//
train_examples$28000$10000.0//
train_loss$30000$5.531568050384522e-05//
train_individual_losses$30000$tensor([5.2014e-05, 1.0702e-05, 2.7579e-05, 5.0432e-04, 4.5937e-05, 4.6759e-05,
        4.2895e-05, 1.4464e-05, 7.4734e-05, 1.6476e-05, 1.1146e-05, 2.9839e-05,
        1.3585e-05, 3.4873e-05, 4.8965e-05, 1.7103e-05, 4.8290e-05, 2.8277e-05,
        3.0400e-05, 7.9540e-06])//
train_examples$30000$10000.0//
train_loss$32000$4.655320167541504e-05//
train_individual_losses$32000$tensor([4.8076e-05, 8.5735e-06, 2.4934e-05, 3.8445e-04, 4.2731e-05, 4.4336e-05,
        3.7469e-05, 1.3350e-05, 6.6728e-05, 1.6508e-05, 9.7726e-06, 2.9156e-05,
        1.2038e-05, 3.0910e-05, 4.4546e-05, 1.3592e-05, 4.7067e-05, 2.3795e-05,
        2.6257e-05, 6.7759e-06])//
train_examples$32000$10000.0//
train_loss$34000$3.930356502532959e-05//
train_individual_losses$34000$tensor([4.5636e-05, 7.0425e-06, 2.3314e-05, 2.8397e-04, 4.1379e-05, 4.2262e-05,
        3.3024e-05, 1.2434e-05, 6.0536e-05, 1.5744e-05, 8.7172e-06, 2.8349e-05,
        1.0871e-05, 2.7715e-05, 4.0497e-05, 1.0829e-05, 4.4620e-05, 2.0686e-05,
        2.2519e-05, 5.9232e-06])//
train_examples$34000$10000.0//
train_loss$36000$3.450214624404907e-05//
train_individual_losses$36000$tensor([4.4134e-05, 5.6007e-06, 2.0867e-05, 2.2743e-04, 3.8133e-05, 4.0181e-05,
        2.9608e-05, 1.1460e-05, 5.4652e-05, 1.5165e-05, 7.8523e-06, 2.7680e-05,
        9.8054e-06, 2.4408e-05, 3.7792e-05, 9.2725e-06, 4.3843e-05, 1.7966e-05,
        1.9292e-05, 4.9006e-06])//
train_examples$36000$10000.0//
train_loss$38000$3.075781583786011e-05//
train_individual_losses$38000$tensor([4.3445e-05, 4.6700e-06, 1.9034e-05, 1.8151e-04, 3.7561e-05, 3.8934e-05,
        2.6366e-05, 1.0819e-05, 5.0324e-05, 1.4887e-05, 6.9450e-06, 2.7183e-05,
        8.9242e-06, 2.1947e-05, 3.5634e-05, 8.1779e-06, 4.1932e-05, 1.5967e-05,
        1.6611e-05, 4.2857e-06])//
train_examples$38000$10000.0//
train_loss$40000$2.7854809761047364e-05//
train_individual_losses$40000$tensor([4.2476e-05, 4.2047e-06, 1.7590e-05, 1.5214e-04, 3.3981e-05, 3.7272e-05,
        2.4350e-05, 9.9830e-06, 4.6476e-05, 1.4667e-05, 6.4071e-06, 2.6341e-05,
        8.1166e-06, 1.9703e-05, 3.3538e-05, 7.0687e-06, 4.0918e-05, 1.3772e-05,
        1.4343e-05, 3.7528e-06])//
train_examples$40000$10000.0//
train_loss$42000$2.5051863193511963e-05//
train_individual_losses$42000$tensor([4.1533e-05, 3.6454e-06, 1.6027e-05, 1.1873e-04, 3.2308e-05, 3.5745e-05,
        2.2575e-05, 9.2388e-06, 4.3657e-05, 1.4402e-05, 6.1220e-06, 2.5144e-05,
        7.6177e-06, 1.8449e-05, 3.2359e-05, 6.4015e-06, 3.9345e-05, 1.1614e-05,
        1.2679e-05, 3.4464e-06])//
train_examples$42000$10000.0//
train_loss$44000$2.258493661880493e-05//
train_individual_losses$44000$tensor([4.1269e-05, 3.0185e-06, 1.4638e-05, 8.8327e-05, 3.1039e-05, 3.4980e-05,
        2.1952e-05, 8.7046e-06, 4.1549e-05, 1.4235e-05, 5.5326e-06, 2.1466e-05,
        7.5582e-06, 1.7001e-05, 3.2267e-05, 5.7340e-06, 3.8373e-05, 9.8027e-06,
        1.1226e-05, 3.0263e-06])//
train_examples$44000$10000.0//
train_loss$46000$2.0423331260681152e-05//
train_individual_losses$46000$tensor([4.1127e-05, 2.7909e-06, 1.3239e-05, 6.6857e-05, 2.9900e-05, 3.3611e-05,
        1.9537e-05, 8.0561e-06, 3.7927e-05, 1.3958e-05, 5.0876e-06, 2.1162e-05,
        6.5407e-06, 1.5494e-05, 2.9634e-05, 5.2011e-06, 3.6934e-05, 8.4606e-06,
        1.0247e-05, 2.7033e-06])//
train_examples$46000$10000.0//
train_loss$48000$1.8992724418640136e-05//
train_individual_losses$48000$tensor([4.0960e-05, 2.5728e-06, 1.2137e-05, 5.3035e-05, 2.8706e-05, 3.2620e-05,
        1.7845e-05, 7.4676e-06, 3.5673e-05, 1.3852e-05, 4.8669e-06, 2.0300e-05,
        6.2829e-06, 1.4507e-05, 2.9126e-05, 4.7861e-06, 3.5826e-05, 7.2954e-06,
        9.5011e-06, 2.4942e-06])//
train_examples$48000$10000.0//
train_loss$50000$1.7886775732040406e-05//
train_individual_losses$50000$tensor([4.0905e-05, 2.2276e-06, 1.0990e-05, 4.2936e-05, 2.8355e-05, 3.1727e-05,
        1.6365e-05, 6.9361e-06, 3.3597e-05, 1.3780e-05, 4.4471e-06, 2.0330e-05,
        5.8708e-06, 1.3471e-05, 2.9252e-05, 4.3668e-06, 3.5073e-05, 5.8660e-06,
        8.9082e-06, 2.3317e-06])//
train_examples$50000$10000.0//
train_loss$52000$1.679012656211853e-05//
train_individual_losses$52000$tensor([4.0595e-05, 2.0557e-06, 1.0044e-05, 3.4745e-05, 2.7048e-05, 3.1060e-05,
        1.5581e-05, 6.5208e-06, 3.1503e-05, 1.3684e-05, 4.2285e-06, 1.9652e-05,
        5.5646e-06, 1.2682e-05, 2.7233e-05, 3.9901e-06, 3.4136e-05, 4.9106e-06,
        8.3575e-06, 2.2110e-06])//
train_examples$52000$10000.0//
train_loss$54000$1.5938501358032227e-05//
train_individual_losses$54000$tensor([4.0252e-05, 1.8798e-06, 9.2402e-06, 2.9469e-05, 2.6582e-05, 3.0453e-05,
        1.4312e-05, 6.1316e-06, 2.9523e-05, 1.3292e-05, 3.9341e-06, 1.9321e-05,
        5.4298e-06, 1.2071e-05, 2.6215e-05, 3.6373e-06, 3.2889e-05, 4.2533e-06,
        7.9039e-06, 1.9792e-06])//
train_examples$54000$10000.0//
train_loss$56000$1.541481375694275e-05//
train_individual_losses$56000$tensor([4.1919e-05, 1.7549e-06, 9.0081e-06, 2.7039e-05, 2.5987e-05, 2.9940e-05,
        1.3384e-05, 5.8163e-06, 2.7751e-05, 1.2543e-05, 3.6918e-06, 1.9004e-05,
        5.0569e-06, 1.1573e-05, 2.5578e-05, 3.3316e-06, 3.1707e-05, 3.6536e-06,
        7.6175e-06, 1.9410e-06])//
train_examples$56000$10000.0//
train_loss$58000$1.4647594690322876e-05//
train_individual_losses$58000$tensor([4.0438e-05, 1.6533e-06, 7.8611e-06, 2.3380e-05, 2.5385e-05, 2.9089e-05,
        1.1937e-05, 5.4593e-06, 2.5787e-05, 1.2479e-05, 3.4758e-06, 1.8910e-05,
        4.8068e-06, 1.0729e-05, 2.5041e-05, 2.9867e-06, 3.0924e-05, 3.4938e-06,
        7.2952e-06, 1.8211e-06])//
train_examples$58000$10000.0//
train_loss$60000$1.4017624855041503e-05//
train_individual_losses$60000$tensor([4.0126e-05, 1.5566e-06, 7.2503e-06, 2.1194e-05, 2.4770e-05, 2.8262e-05,
        1.0916e-05, 5.0597e-06, 2.4071e-05, 1.2138e-05, 3.2937e-06, 1.8333e-05,
        4.5775e-06, 1.0164e-05, 2.4517e-05, 2.7025e-06, 2.9733e-05, 2.8994e-06,
        7.0669e-06, 1.7222e-06])//
train_examples$60000$10000.0//
train_loss$62000$1.3539801836013794e-05//
train_individual_losses$62000$tensor([3.9658e-05, 1.6615e-06, 6.6912e-06, 1.8905e-05, 2.4696e-05, 2.7603e-05,
        9.9468e-06, 4.8013e-06, 2.2510e-05, 1.1877e-05, 3.2432e-06, 1.8136e-05,
        4.3730e-06, 9.5453e-06, 2.4195e-05, 2.4205e-06, 2.9153e-05, 2.6916e-06,
        6.9052e-06, 1.7835e-06])//
train_examples$62000$10000.0//
train_loss$64000$1.320229411125183e-05//
train_individual_losses$64000$tensor([3.9653e-05, 1.4071e-06, 6.0759e-06, 1.7300e-05, 2.4257e-05, 2.7508e-05,
        9.1136e-06, 4.5542e-06, 2.1673e-05, 1.1947e-05, 3.0747e-06, 1.8211e-05,
        4.2224e-06, 8.9482e-06, 2.4363e-05, 2.2050e-06, 2.8717e-05, 2.3946e-06,
        6.7554e-06, 1.6650e-06])//
train_examples$64000$10000.0//
train_loss$66000$1.2673333883285522e-05//
train_individual_losses$66000$tensor([4.0654e-05, 1.3513e-06, 5.8807e-06, 1.5378e-05, 2.3526e-05, 2.4263e-05,
        9.3229e-06, 4.4257e-06, 2.1121e-05, 1.1588e-05, 2.8290e-06, 1.7125e-05,
        4.1489e-06, 8.2178e-06, 2.3082e-05, 2.0317e-06, 2.7997e-05, 2.4115e-06,
        6.5441e-06, 1.5704e-06])//
train_examples$66000$10000.0//
train_loss$68000$1.2135207653045654e-05//
train_individual_losses$68000$tensor([3.9445e-05, 1.3473e-06, 5.5119e-06, 1.3844e-05, 2.3361e-05, 2.3202e-05,
        7.7313e-06, 4.0212e-06, 1.9590e-05, 1.1301e-05, 2.6949e-06, 1.6891e-05,
        3.9067e-06, 7.4553e-06, 2.3415e-05, 1.7773e-06, 2.7225e-05, 2.0559e-06,
        6.3760e-06, 1.5514e-06])//
train_examples$68000$10000.0//
train_loss$70000$1.1729278564453125e-05//
train_individual_losses$70000$tensor([3.9139e-05, 1.3320e-06, 5.0802e-06, 1.2677e-05, 2.3030e-05, 2.2700e-05,
        7.1199e-06, 3.7983e-06, 1.8706e-05, 1.1237e-05, 2.6245e-06, 1.6263e-05,
        3.7248e-06, 7.0599e-06, 2.2100e-05, 1.6251e-06, 2.6621e-05, 1.8502e-06,
        6.2732e-06, 1.6248e-06])//
train_examples$70000$10000.0//
train_loss$72000$1.1351169347763062e-05//
train_individual_losses$72000$tensor([3.9357e-05, 1.2217e-06, 5.0049e-06, 1.1733e-05, 2.2931e-05, 2.2141e-05,
        6.6993e-06, 3.8952e-06, 1.5806e-05, 1.1059e-05, 2.4584e-06, 1.5949e-05,
        3.6087e-06, 5.7366e-06, 2.2202e-05, 1.4890e-06, 2.6268e-05, 1.8664e-06,
        6.0735e-06, 1.5228e-06])//
train_examples$72000$10000.0//
train_loss$74000$1.0987404584884644e-05//
train_individual_losses$74000$tensor([3.9101e-05, 1.3300e-06, 4.6868e-06, 1.1041e-05, 2.2595e-05, 2.1862e-05,
        5.8467e-06, 3.4560e-06, 1.4510e-05, 1.0946e-05, 2.4949e-06, 1.5651e-05,
        3.5000e-06, 5.0145e-06, 2.1432e-05, 1.3628e-06, 2.5645e-05, 1.6271e-06,
        6.0251e-06, 1.6209e-06])//
train_examples$74000$10000.0//
train_loss$76000$1.0581792593002319e-05//
train_individual_losses$76000$tensor([3.8756e-05, 1.2468e-06, 4.4396e-06, 1.0456e-05, 2.2168e-05, 2.1907e-05,
        5.8158e-06, 3.2561e-06, 1.3511e-05, 1.0377e-05, 2.3569e-06, 1.2159e-05,
        3.3518e-06, 4.4236e-06, 2.1461e-05, 1.2889e-06, 2.5631e-05, 1.5572e-06,
        5.9222e-06, 1.5512e-06])//
train_examples$76000$10000.0//
train_loss$78000$1.0225180387496948e-05//
train_individual_losses$78000$tensor([3.8691e-05, 1.2394e-06, 4.3162e-06, 1.0002e-05, 2.1971e-05, 2.1411e-05,
        5.0848e-06, 3.0620e-06, 1.3222e-05, 1.0133e-05, 2.1943e-06, 9.8168e-06,
        3.2783e-06, 4.0647e-06, 2.1019e-05, 1.1357e-06, 2.5059e-05, 1.5347e-06,
        5.7688e-06, 1.5000e-06])//
train_examples$78000$10000.0//
train_loss$80000$9.984735846519471e-06//
train_individual_losses$80000$tensor([3.8678e-05, 1.1288e-06, 4.1604e-06, 9.5328e-06, 2.1745e-05, 2.1153e-05,
        5.4562e-06, 3.0035e-06, 1.3047e-05, 1.0013e-05, 2.0198e-06, 7.8831e-06,
        3.0858e-06, 3.7262e-06, 2.0262e-05, 1.0628e-06, 2.5158e-05, 1.4075e-06,
        5.7289e-06, 1.4429e-06])//
train_examples$80000$10000.0//
train_loss$82000$9.771037101745606e-06//
train_individual_losses$82000$tensor([3.8647e-05, 1.1211e-06, 4.0105e-06, 9.3854e-06, 2.1583e-05, 2.0979e-05,
        4.5312e-06, 2.7967e-06, 1.2558e-05, 9.8068e-06, 2.0206e-06, 6.8455e-06,
        3.0457e-06, 3.4392e-06, 2.0556e-05, 1.0438e-06, 2.4516e-05, 1.3684e-06,
        5.6045e-06, 1.5620e-06])//
train_examples$82000$10000.0//
train_loss$84000$9.567469954490662e-06//
train_individual_losses$84000$tensor([3.8450e-05, 1.0834e-06, 3.8874e-06, 8.9162e-06, 2.1258e-05, 2.0989e-05,
        4.2853e-06, 2.6855e-06, 1.2394e-05, 9.7727e-06, 1.8951e-06, 6.1754e-06,
        2.9922e-06, 3.0924e-06, 2.0055e-05, 9.1181e-07, 2.4426e-05, 1.2691e-06,
        5.4330e-06, 1.3772e-06])//
train_examples$84000$10000.0//
train_loss$86000$9.46641445159912e-06//
train_individual_losses$86000$tensor([3.8851e-05, 1.0412e-06, 3.7471e-06, 8.5835e-06, 2.1175e-05, 2.0662e-05,
        4.4258e-06, 2.5676e-06, 1.2213e-05, 9.6588e-06, 1.9164e-06, 5.7019e-06,
        2.7638e-06, 2.8347e-06, 2.0096e-05, 8.4462e-07, 2.4236e-05, 1.2445e-06,
        5.3681e-06, 1.3981e-06])//
train_examples$86000$10000.0//
train_loss$88000$9.357187151908874e-06//
train_individual_losses$88000$tensor([3.8534e-05, 1.2373e-06, 3.6604e-06, 8.5496e-06, 2.1127e-05, 2.0863e-05,
        3.9977e-06, 2.6003e-06, 1.2087e-05, 9.3746e-06, 1.8901e-06, 5.3199e-06,
        2.9640e-06, 2.8160e-06, 1.9340e-05, 9.1144e-07, 2.4057e-05, 1.1917e-06,
        5.2529e-06, 1.3692e-06])//
train_examples$88000$10000.0//
train_loss$90000$9.148598909378052e-06//
train_individual_losses$90000$tensor([3.8539e-05, 1.1587e-06, 3.6287e-06, 8.2701e-06, 2.0637e-05, 2.0417e-05,
        3.6046e-06, 2.4869e-06, 1.1912e-05, 9.3335e-06, 1.6884e-06, 5.0948e-06,
        2.5736e-06, 2.4840e-06, 1.9197e-05, 7.6354e-07, 2.3438e-05, 1.2693e-06,
        5.1354e-06, 1.3396e-06])//
train_examples$90000$10000.0//
train_loss$92000$9.038239121437073e-06//
train_individual_losses$92000$tensor([3.8215e-05, 1.0074e-06, 3.5088e-06, 7.8634e-06, 2.0595e-05, 2.0254e-05,
        3.5222e-06, 2.3661e-06, 1.1786e-05, 9.2087e-06, 1.6748e-06, 4.9975e-06,
        2.3805e-06, 2.2596e-06, 1.9233e-05, 6.7521e-07, 2.3687e-05, 1.1407e-06,
        5.0919e-06, 1.2985e-06])//
train_examples$92000$10000.0//
train_loss$94000$8.987825512886048e-06//
train_individual_losses$94000$tensor([3.8600e-05, 1.0959e-06, 3.4139e-06, 7.7115e-06, 2.0713e-05, 2.0211e-05,
        3.2586e-06, 2.2812e-06, 1.1723e-05, 9.2135e-06, 1.6005e-06, 4.7939e-06,
        2.3441e-06, 2.2031e-06, 1.8793e-05, 6.2832e-07, 2.3681e-05, 1.0713e-06,
        5.0807e-06, 1.3393e-06])//
train_examples$94000$10000.0//
train_loss$96000$8.861695528030395e-06//
train_individual_losses$96000$tensor([3.8114e-05, 9.8184e-07, 3.3180e-06, 7.5767e-06, 1.9882e-05, 2.0440e-05,
        3.4209e-06, 2.2912e-06, 1.1592e-05, 9.0545e-06, 1.5985e-06, 4.6704e-06,
        2.2469e-06, 2.1255e-06, 1.9169e-05, 5.9742e-07, 2.2767e-05, 1.0084e-06,
        5.0183e-06, 1.3618e-06])//
train_examples$96000$10000.0//
train_loss$98000$8.835986852645874e-06//
train_individual_losses$98000$tensor([3.8597e-05, 9.9148e-07, 3.1851e-06, 7.4560e-06, 2.0504e-05, 2.0073e-05,
        3.2138e-06, 2.1665e-06, 1.1498e-05, 8.9664e-06, 1.4587e-06, 4.5402e-06,
        2.1044e-06, 2.0654e-06, 1.9255e-05, 5.7960e-07, 2.2967e-05, 9.8831e-07,
        4.8185e-06, 1.2913e-06])//
train_examples$98000$10000.0//
train_loss$100000$8.694446086883544e-06//
train_individual_losses$100000$tensor([3.8308e-05, 9.8560e-07, 3.1780e-06, 7.3536e-06, 1.9226e-05, 1.9851e-05,
        2.9103e-06, 2.1738e-06, 1.1492e-05, 8.8494e-06, 1.8230e-06, 4.5088e-06,
        2.2070e-06, 2.0236e-06, 1.8492e-05, 5.6515e-07, 2.2693e-05, 9.6559e-07,
        4.9385e-06, 1.3442e-06])//
train_examples$100000$10000.0