train_loss$0$0.72859501953125//
train_individual_losses$0$tensor([0.8043, 0.6433, 0.7225, 0.5561, 0.8585, 0.6712, 0.5771, 0.7782, 1.0144,
        0.6603])//
train_examples$0$8000.0//
train_loss$1600$0.03832254638671875//
train_individual_losses$1600$tensor([0.0230, 0.0475, 0.0249, 0.0128, 0.0456, 0.0432, 0.0327, 0.0575, 0.0630,
        0.0330])//
train_examples$1600$8000.0//
train_loss$3200$0.007561447143554688//
train_individual_losses$3200$tensor([0.0050, 0.0081, 0.0062, 0.0041, 0.0120, 0.0059, 0.0082, 0.0090, 0.0099,
        0.0072])//
train_examples$3200$8000.0//
train_loss$4800$0.0032167877197265627//
train_individual_losses$4800$tensor([0.0021, 0.0032, 0.0023, 0.0016, 0.0050, 0.0028, 0.0035, 0.0033, 0.0059,
        0.0026])//
train_examples$4800$8000.0//
train_loss$6400$0.001394869613647461//
train_individual_losses$6400$tensor([0.0011, 0.0014, 0.0011, 0.0008, 0.0017, 0.0012, 0.0016, 0.0013, 0.0028,
        0.0010])//
train_examples$6400$8000.0//
train_loss$8000$0.0006575463771820068//
train_individual_losses$8000$tensor([0.0006, 0.0009, 0.0005, 0.0005, 0.0008, 0.0005, 0.0007, 0.0007, 0.0009,
        0.0005])//
train_examples$8000$8000.0//
train_loss$9600$0.00038287875652313235//
train_individual_losses$9600$tensor([0.0003, 0.0007, 0.0002, 0.0003, 0.0005, 0.0003, 0.0004, 0.0004, 0.0004,
        0.0004])//
train_examples$9600$8000.0//
train_loss$11200$0.0002617983102798462//
train_individual_losses$11200$tensor([0.0002, 0.0006, 0.0002, 0.0002, 0.0003, 0.0002, 0.0002, 0.0002, 0.0002,
        0.0003])//
train_examples$11200$8000.0//
train_loss$12800$0.00020324630737304688//
train_individual_losses$12800$tensor([0.0002, 0.0005, 0.0001, 0.0001, 0.0002, 0.0002, 0.0001, 0.0002, 0.0002,
        0.0002])//
train_examples$12800$8000.0//
train_loss$14400$0.00017014344930648803//
train_individual_losses$14400$tensor([2.1191e-04, 3.5889e-04, 9.7885e-05, 1.0591e-04, 1.3051e-04, 1.6020e-04,
        8.4347e-05, 1.3237e-04, 2.0538e-04, 2.1404e-04])//
train_examples$14400$8000.0//
train_loss$16000$0.00014784586429595947//
train_individual_losses$16000$tensor([2.1075e-04, 2.7591e-04, 8.0667e-05, 7.2182e-05, 9.2944e-05, 1.5293e-04,
        6.1910e-05, 1.1761e-04, 1.9903e-04, 2.1453e-04])//
train_examples$16000$8000.0//
train_loss$17600$0.0001312038540840149//
train_individual_losses$17600$tensor([2.1049e-04, 2.1001e-04, 6.8206e-05, 4.8335e-05, 7.0334e-05, 1.4910e-04,
        4.7621e-05, 1.0171e-04, 1.9303e-04, 2.1321e-04])//
train_examples$17600$8000.0//
train_loss$19200$0.00012035888433456421//
train_individual_losses$19200$tensor([2.1091e-04, 1.8418e-04, 5.5722e-05, 2.9879e-05, 5.5362e-05, 1.4628e-04,
        4.1086e-05, 8.1577e-05, 1.8767e-04, 2.1092e-04])//
train_examples$19200$8000.0//
train_loss$20800$0.00011381692886352538//
train_individual_losses$20800$tensor([2.0806e-04, 1.7414e-04, 4.7816e-05, 2.0427e-05, 4.6375e-05, 1.4470e-04,
        3.9195e-05, 6.3123e-05, 1.8400e-04, 2.1034e-04])//
train_examples$20800$8000.0//
train_loss$22400$0.00010930186510086059//
train_individual_losses$22400$tensor([2.0874e-04, 1.6653e-04, 4.2006e-05, 1.5534e-05, 3.8802e-05, 1.4324e-04,
        3.5931e-05, 5.0174e-05, 1.8175e-04, 2.1032e-04])//
train_examples$22400$8000.0//
train_loss$24000$0.00010643198490142822//
train_individual_losses$24000$tensor([2.0716e-04, 1.6273e-04, 3.8696e-05, 1.2137e-05, 3.4036e-05, 1.4215e-04,
        3.5123e-05, 4.2525e-05, 1.8015e-04, 2.0961e-04])//
train_examples$24000$8000.0//
train_loss$25600$0.00010422639846801758//
train_individual_losses$25600$tensor([2.0730e-04, 1.5894e-04, 3.6367e-05, 1.0131e-05, 3.0286e-05, 1.4093e-04,
        3.4597e-05, 3.5111e-05, 1.7815e-04, 2.1047e-04])//
train_examples$25600$8000.0//
train_loss$27200$0.00010245472192764282//
train_individual_losses$27200$tensor([2.0621e-04, 1.5581e-04, 3.5267e-05, 8.9334e-06, 2.7864e-05, 1.4129e-04,
        3.3572e-05, 3.0171e-05, 1.7625e-04, 2.0917e-04])//
train_examples$27200$8000.0//
train_loss$28800$0.00010104433298110962//
train_individual_losses$28800$tensor([2.0739e-04, 1.5328e-04, 3.3618e-05, 8.2872e-06, 2.4834e-05, 1.4057e-04,
        3.2905e-05, 2.6804e-05, 1.7325e-04, 2.0950e-04])//
train_examples$28800$8000.0//
train_loss$30400$0.00010027135610580445//
train_individual_losses$30400$tensor([2.0609e-04, 1.5207e-04, 3.3868e-05, 7.8831e-06, 2.3099e-05, 1.4079e-04,
        3.3227e-05, 2.4511e-05, 1.7212e-04, 2.0906e-04])//
train_examples$30400$8000.0//
train_loss$32000$9.916738271713257e-05//
train_individual_losses$32000$tensor([2.0629e-04, 1.4968e-04, 3.2482e-05, 7.4718e-06, 2.2031e-05, 1.3900e-04,
        3.2305e-05, 2.2649e-05, 1.7009e-04, 2.0967e-04])//
train_examples$32000$8000.0//
train_loss$33600$9.841288328170776e-05//
train_individual_losses$33600$tensor([2.0503e-04, 1.4992e-04, 3.2044e-05, 7.2648e-06, 2.0575e-05, 1.3767e-04,
        3.2112e-05, 2.1408e-05, 1.6883e-04, 2.0927e-04])//
train_examples$33600$8000.0//
train_loss$35200$9.798068404197693e-05//
train_individual_losses$35200$tensor([2.0504e-04, 1.4818e-04, 3.2956e-05, 6.8650e-06, 1.9589e-05, 1.3780e-04,
        3.2665e-05, 2.0245e-05, 1.6795e-04, 2.0851e-04])//
train_examples$35200$8000.0//
train_loss$36800$9.743652939796448e-05//
train_individual_losses$36800$tensor([2.0522e-04, 1.4779e-04, 3.1506e-05, 6.7999e-06, 1.9992e-05, 1.3686e-04,
        3.1671e-05, 1.9626e-05, 1.6674e-04, 2.0816e-04])//
train_examples$36800$8000.0//
train_loss$38400$9.688263535499573e-05//
train_individual_losses$38400$tensor([2.0548e-04, 1.4759e-04, 3.1124e-05, 6.6659e-06, 1.8199e-05, 1.3653e-04,
        3.1360e-05, 1.7839e-05, 1.6600e-04, 2.0804e-04])//
train_examples$38400$8000.0//
train_loss$40000$9.669838547706604e-05//
train_individual_losses$40000$tensor([2.0474e-04, 1.4768e-04, 3.1022e-05, 6.5938e-06, 1.7964e-05, 1.3663e-04,
        3.1104e-05, 1.6639e-05, 1.6535e-04, 2.0926e-04])//
train_examples$40000$8000.0//
train_loss$41600$9.61592733860016e-05//
train_individual_losses$41600$tensor([2.0444e-04, 1.4647e-04, 3.0708e-05, 6.6441e-06, 1.7232e-05, 1.3645e-04,
        3.1496e-05, 1.5752e-05, 1.6491e-04, 2.0749e-04])//
train_examples$41600$8000.0//
train_loss$43200$9.602041840553284e-05//
train_individual_losses$43200$tensor([2.0471e-04, 1.4657e-04, 3.0697e-05, 6.1958e-06, 1.7053e-05, 1.3563e-04,
        3.0978e-05, 1.5739e-05, 1.6350e-04, 2.0913e-04])//
train_examples$43200$8000.0//
train_loss$44800$9.540698528289795e-05//
train_individual_losses$44800$tensor([2.0554e-04, 1.4654e-04, 2.9272e-05, 6.2111e-06, 1.6475e-05, 1.3525e-04,
        2.8475e-05, 1.4633e-05, 1.6283e-04, 2.0884e-04])//
train_examples$44800$8000.0//
train_loss$46400$9.470811486244202e-05//
train_individual_losses$46400$tensor([2.0435e-04, 1.4549e-04, 2.8936e-05, 6.1852e-06, 1.6271e-05, 1.3486e-04,
        2.6794e-05, 1.4181e-05, 1.6248e-04, 2.0753e-04])//
train_examples$46400$8000.0//
train_loss$48000$9.529781341552735e-05//
train_individual_losses$48000$tensor([2.0583e-04, 1.4564e-04, 2.7948e-05, 6.0344e-06, 1.5810e-05, 1.3516e-04,
        2.5576e-05, 1.3857e-05, 1.6904e-04, 2.0809e-04])//
train_examples$48000$8000.0//
train_loss$49600$9.395029544830323e-05//
train_individual_losses$49600$tensor([2.0400e-04, 1.4483e-04, 2.7493e-05, 5.9018e-06, 1.5824e-05, 1.3468e-04,
        2.4800e-05, 1.3449e-05, 1.6104e-04, 2.0749e-04])//
train_examples$49600$8000.0//
train_loss$51200$9.416338801383973e-05//
train_individual_losses$51200$tensor([2.0469e-04, 1.4509e-04, 2.7743e-05, 5.8838e-06, 1.5694e-05, 1.3535e-04,
        2.3699e-05, 1.3401e-05, 1.6167e-04, 2.0842e-04])//
train_examples$51200$8000.0//
train_loss$52800$9.37588393688202e-05//
train_individual_losses$52800$tensor([2.0387e-04, 1.4559e-04, 2.7574e-05, 5.9337e-06, 1.5176e-05, 1.3436e-04,
        2.3421e-05, 1.3241e-05, 1.6056e-04, 2.0787e-04])//
train_examples$52800$8000.0//
train_loss$54400$9.365327358245849e-05//
train_individual_losses$54400$tensor([2.0432e-04, 1.4559e-04, 2.7801e-05, 5.9197e-06, 1.5083e-05, 1.3411e-04,
        2.2827e-05, 1.3310e-05, 1.6012e-04, 2.0745e-04])//
train_examples$54400$8000.0//
train_loss$56000$9.340865612030029e-05//
train_individual_losses$56000$tensor([2.0454e-04, 1.4519e-04, 2.7290e-05, 5.8967e-06, 1.5264e-05, 1.3402e-04,
        2.1877e-05, 1.2718e-05, 1.5952e-04, 2.0777e-04])//
train_examples$56000$8000.0//
train_loss$57600$9.332962632179261e-05//
train_individual_losses$57600$tensor([2.0414e-04, 1.4462e-04, 2.7456e-05, 5.7358e-06, 1.4744e-05, 1.3437e-04,
        2.1265e-05, 1.2783e-05, 1.5911e-04, 2.0906e-04])//
train_examples$57600$8000.0//
train_loss$59200$9.331799745559692e-05//
train_individual_losses$59200$tensor([2.0401e-04, 1.4593e-04, 2.7038e-05, 5.9170e-06, 1.4796e-05, 1.3459e-04,
        2.1330e-05, 1.2791e-05, 1.5848e-04, 2.0830e-04])//
train_examples$59200$8000.0//
train_loss$60800$9.292010068893432e-05//
train_individual_losses$60800$tensor([2.0442e-04, 1.4422e-04, 2.6897e-05, 5.9486e-06, 1.5013e-05, 1.3344e-04,
        2.0637e-05, 1.2509e-05, 1.5891e-04, 2.0720e-04])//
train_examples$60800$8000.0//
train_loss$62400$9.284802675247192e-05//
train_individual_losses$62400$tensor([2.0398e-04, 1.4417e-04, 2.7160e-05, 5.8019e-06, 1.5474e-05, 1.3299e-04,
        2.0865e-05, 1.2656e-05, 1.5827e-04, 2.0711e-04])//
train_examples$62400$8000.0//
train_loss$64000$9.237268567085266e-05//
train_individual_losses$64000$tensor([2.0352e-04, 1.4441e-04, 2.6538e-05, 6.0218e-06, 1.4135e-05, 1.3309e-04,
        2.0099e-05, 1.2573e-05, 1.5605e-04, 2.0729e-04])//
train_examples$64000$8000.0//
train_loss$65600$9.209280610084533e-05//
train_individual_losses$65600$tensor([2.0331e-04, 1.4401e-04, 2.6988e-05, 6.0248e-06, 1.4266e-05, 1.3260e-04,
        1.9152e-05, 1.2448e-05, 1.5506e-04, 2.0707e-04])//
train_examples$65600$8000.0//
train_loss$67200$9.195557236671447e-05//
train_individual_losses$67200$tensor([2.0455e-04, 1.4424e-04, 2.6748e-05, 5.7854e-06, 1.3943e-05, 1.3165e-04,
        1.8502e-05, 1.2364e-05, 1.5353e-04, 2.0823e-04])//
train_examples$67200$8000.0//
train_loss$68800$9.155623316764832e-05//
train_individual_losses$68800$tensor([2.0351e-04, 1.4395e-04, 2.6547e-05, 5.7445e-06, 1.4214e-05, 1.3128e-04,
        1.8155e-05, 1.2459e-05, 1.5206e-04, 2.0764e-04])//
train_examples$68800$8000.0//
train_loss$70400$9.131247997283936e-05//
train_individual_losses$70400$tensor([2.0466e-04, 1.4452e-04, 2.6318e-05, 5.5938e-06, 1.3672e-05, 1.3075e-04,
        1.6702e-05, 1.2055e-05, 1.5068e-04, 2.0818e-04])//
train_examples$70400$8000.0//
train_loss$72000$9.167975187301636e-05//
train_individual_losses$72000$tensor([2.0578e-04, 1.4455e-04, 2.6759e-05, 5.5472e-06, 1.3780e-05, 1.3085e-04,
        1.6423e-05, 1.2347e-05, 1.5045e-04, 2.1031e-04])//
train_examples$72000$8000.0//
train_loss$73600$9.037182331085205e-05//
train_individual_losses$73600$tensor([2.0337e-04, 1.4078e-04, 2.6456e-05, 5.8289e-06, 1.4251e-05, 1.2975e-04,
        1.5578e-05, 1.2185e-05, 1.4851e-04, 2.0701e-04])//
train_examples$73600$8000.0//
train_loss$75200$8.936619758605957e-05//
train_individual_losses$75200$tensor([2.0339e-04, 1.3455e-04, 2.6367e-05, 5.7620e-06, 1.3450e-05, 1.2848e-04,
        1.5399e-05, 1.2006e-05, 1.4536e-04, 2.0890e-04])//
train_examples$75200$8000.0//
train_loss$76800$8.89614224433899e-05//
train_individual_losses$76800$tensor([2.0305e-04, 1.3429e-04, 2.6126e-05, 6.1807e-06, 1.3250e-05, 1.2715e-04,
        1.4977e-05, 1.2304e-05, 1.4431e-04, 2.0797e-04])//
train_examples$76800$8000.0//
train_loss$78400$8.830811977386474e-05//
train_individual_losses$78400$tensor([2.0382e-04, 1.3293e-04, 2.5987e-05, 5.5857e-06, 1.3261e-05, 1.2494e-04,
        1.4737e-05, 1.1969e-05, 1.4233e-04, 2.0752e-04])//
train_examples$78400$8000.0//
train_loss$80000$8.810007572174073e-05//
train_individual_losses$80000$tensor([2.0347e-04, 1.3246e-04, 2.6183e-05, 5.6249e-06, 1.3689e-05, 1.2358e-04,
        1.4776e-05, 1.2150e-05, 1.4154e-04, 2.0752e-04])//
train_examples$80000$8000.0