train_loss$0$0.76227875//
train_individual_losses$0$tensor([0.1955, 1.0688, 0.5156, 0.9503, 0.4042, 0.8407, 0.7515, 0.3590, 1.8089,
        0.7284])//
train_examples$0$10000.0//
train_loss$2000$0.02154739990234375//
train_individual_losses$2000$tensor([0.0070, 0.0292, 0.0088, 0.0243, 0.0103, 0.0443, 0.0302, 0.0096, 0.0358,
        0.0160])//
train_examples$2000$10000.0//
train_loss$4000$0.005466202392578125//
train_individual_losses$4000$tensor([0.0032, 0.0064, 0.0030, 0.0093, 0.0053, 0.0069, 0.0026, 0.0034, 0.0067,
        0.0079])//
train_examples$4000$10000.0//
train_loss$6000$0.0025616537475585937//
train_individual_losses$6000$tensor([0.0018, 0.0028, 0.0016, 0.0045, 0.0024, 0.0025, 0.0015, 0.0014, 0.0029,
        0.0041])//
train_examples$6000$10000.0//
train_loss$8000$0.0014392121887207032//
train_individual_losses$8000$tensor([0.0009, 0.0019, 0.0009, 0.0023, 0.0016, 0.0012, 0.0010, 0.0010, 0.0015,
        0.0022])//
train_examples$8000$10000.0//
train_loss$10000$0.0009128443145751953//
train_individual_losses$10000$tensor([0.0006, 0.0015, 0.0005, 0.0013, 0.0010, 0.0007, 0.0006, 0.0006, 0.0008,
        0.0015])//
train_examples$10000$10000.0//
train_loss$12000$0.0006194987487792968//
train_individual_losses$12000$tensor([0.0004, 0.0010, 0.0003, 0.0008, 0.0007, 0.0004, 0.0004, 0.0004, 0.0006,
        0.0012])//
train_examples$12000$10000.0//
train_loss$14000$0.00044383411407470703//
train_individual_losses$14000$tensor([0.0003, 0.0008, 0.0002, 0.0005, 0.0005, 0.0002, 0.0002, 0.0002, 0.0005,
        0.0011])//
train_examples$14000$10000.0//
train_loss$16000$0.0003455727767944336//
train_individual_losses$16000$tensor([0.0002, 0.0006, 0.0002, 0.0003, 0.0004, 0.0001, 0.0002, 0.0002, 0.0004,
        0.0010])//
train_examples$16000$10000.0//
train_loss$18000$0.0002711058235168457//
train_individual_losses$18000$tensor([1.8127e-04, 4.3585e-04, 1.2407e-04, 1.9945e-04, 2.8605e-04, 8.4498e-05,
        1.0236e-04, 1.5023e-04, 2.3493e-04, 9.1235e-04])//
train_examples$18000$10000.0//
train_loss$20000$0.00022120349884033203//
train_individual_losses$20000$tensor([1.5811e-04, 2.7787e-04, 8.8933e-05, 1.5349e-04, 2.4700e-04, 6.7641e-05,
        6.6995e-05, 1.3770e-04, 1.7176e-04, 8.4252e-04])//
train_examples$20000$10000.0//
train_loss$22000$0.0001650848388671875//
train_individual_losses$22000$tensor([1.4102e-04, 2.2125e-04, 6.9720e-05, 1.2558e-04, 2.2308e-04, 5.6054e-05,
        4.2346e-05, 1.3143e-04, 1.2666e-04, 5.1372e-04])//
train_examples$22000$10000.0//
train_loss$24000$0.00012411656379699706//
train_individual_losses$24000$tensor([1.2901e-04, 1.7493e-04, 5.4686e-05, 1.0533e-04, 2.0452e-04, 4.3920e-05,
        3.1125e-05, 1.2767e-04, 9.7441e-05, 2.7253e-04])//
train_examples$24000$10000.0//
train_loss$26000$0.00010420599937438965//
train_individual_losses$26000$tensor([1.2110e-04, 1.3169e-04, 4.4727e-05, 9.3393e-05, 1.9055e-04, 3.2225e-05,
        2.4989e-05, 1.2459e-04, 7.8001e-05, 2.0079e-04])//
train_examples$26000$10000.0//
train_loss$28000$9.254574775695801e-05//
train_individual_losses$28000$tensor([1.1519e-04, 1.0256e-04, 3.6517e-05, 8.4684e-05, 1.7875e-04, 2.5220e-05,
        2.1942e-05, 1.2120e-04, 6.5581e-05, 1.7381e-04])//
train_examples$28000$10000.0//
train_loss$30000$8.415911674499512e-05//
train_individual_losses$30000$tensor([1.1149e-04, 8.5741e-05, 3.1168e-05, 7.6100e-05, 1.6888e-04, 2.0787e-05,
        2.0015e-05, 1.1833e-04, 5.7768e-05, 1.5131e-04])//
train_examples$30000$10000.0//
train_loss$32000$7.76657772064209e-05//
train_individual_losses$32000$tensor([1.0708e-04, 7.7721e-05, 2.7132e-05, 6.7106e-05, 1.6018e-04, 1.7663e-05,
        1.8227e-05, 1.1342e-04, 5.2345e-05, 1.3578e-04])//
train_examples$32000$10000.0//
train_loss$34000$7.267289638519288e-05//
train_individual_losses$34000$tensor([1.0471e-04, 7.3987e-05, 2.2921e-05, 6.2019e-05, 1.5269e-04, 1.5313e-05,
        1.6833e-05, 1.0638e-04, 4.7549e-05, 1.2433e-04])//
train_examples$34000$10000.0//
train_loss$36000$6.879387378692627e-05//
train_individual_losses$36000$tensor([1.0362e-04, 7.0527e-05, 2.0745e-05, 5.7701e-05, 1.4666e-04, 1.3567e-05,
        1.5978e-05, 1.0111e-04, 4.4659e-05, 1.1338e-04])//
train_examples$36000$10000.0//
train_loss$38000$6.513189315795898e-05//
train_individual_losses$38000$tensor([1.0094e-04, 6.7563e-05, 1.8465e-05, 5.3910e-05, 1.4075e-04, 1.1993e-05,
        1.4725e-05, 9.6913e-05, 4.1722e-05, 1.0434e-04])//
train_examples$38000$10000.0//
train_loss$40000$6.19882869720459e-05//
train_individual_losses$40000$tensor([9.9538e-05, 6.3468e-05, 1.7314e-05, 4.7435e-05, 1.3648e-04, 1.0723e-05,
        1.3815e-05, 9.4712e-05, 3.8357e-05, 9.8047e-05])//
train_examples$40000$10000.0//
train_loss$42000$5.903176784515381e-05//
train_individual_losses$42000$tensor([9.8187e-05, 5.4950e-05, 1.5737e-05, 4.4284e-05, 1.3384e-04, 9.4115e-06,
        1.2897e-05, 9.3172e-05, 3.3913e-05, 9.3933e-05])//
train_examples$42000$10000.0//
train_loss$44000$5.675789356231689e-05//
train_individual_losses$44000$tensor([9.7186e-05, 5.0557e-05, 1.5071e-05, 4.2122e-05, 1.3041e-04, 8.4360e-06,
        1.2254e-05, 9.1868e-05, 2.9925e-05, 8.9752e-05])//
train_examples$44000$10000.0//
train_loss$46000$5.4845027923583985e-05//
train_individual_losses$46000$tensor([9.6805e-05, 4.7482e-05, 1.3752e-05, 4.1332e-05, 1.2765e-04, 7.2568e-06,
        1.1624e-05, 9.0075e-05, 2.5711e-05, 8.6763e-05])//
train_examples$46000$10000.0//
train_loss$48000$5.3140954971313476e-05//
train_individual_losses$48000$tensor([9.5653e-05, 4.5032e-05, 1.3059e-05, 3.9040e-05, 1.2550e-04, 6.1665e-06,
        1.0626e-05, 8.8753e-05, 2.2267e-05, 8.5312e-05])//
train_examples$48000$10000.0//
train_loss$50000$5.157369136810303e-05//
train_individual_losses$50000$tensor([9.5018e-05, 4.3683e-05, 1.2441e-05, 3.7460e-05, 1.2368e-04, 5.3537e-06,
        1.0036e-05, 8.8158e-05, 1.7430e-05, 8.2478e-05])//
train_examples$50000$10000.0//
train_loss$52000$5.011502742767334e-05//
train_individual_losses$52000$tensor([9.4251e-05, 4.1748e-05, 1.2071e-05, 3.6249e-05, 1.2286e-04, 4.7105e-06,
        9.3763e-06, 8.6124e-05, 1.3438e-05, 8.0320e-05])//
train_examples$52000$10000.0//
train_loss$54000$4.8720769882202146e-05//
train_individual_losses$54000$tensor([9.3492e-05, 4.0075e-05, 1.1240e-05, 3.4604e-05, 1.2051e-04, 4.2418e-06,
        8.8002e-06, 8.4730e-05, 1.0877e-05, 7.8640e-05])//
train_examples$54000$10000.0//
train_loss$56000$4.7765040397644046e-05//
train_individual_losses$56000$tensor([9.3430e-05, 3.8353e-05, 1.0658e-05, 3.3022e-05, 1.1922e-04, 3.9125e-06,
        8.3423e-06, 8.3692e-05, 9.0819e-06, 7.7934e-05])//
train_examples$56000$10000.0//
train_loss$58000$4.676303386688233e-05//
train_individual_losses$58000$tensor([9.2748e-05, 3.7330e-05, 9.9379e-06, 3.2191e-05, 1.1779e-04, 3.7769e-06,
        7.9164e-06, 8.2840e-05, 7.7142e-06, 7.5382e-05])//
train_examples$58000$10000.0//
train_loss$60000$4.5682363510131834e-05//
train_individual_losses$60000$tensor([9.2237e-05, 3.5564e-05, 9.5517e-06, 3.0158e-05, 1.1643e-04, 3.3722e-06,
        7.6348e-06, 8.2096e-05, 6.9732e-06, 7.2807e-05])//
train_examples$60000$10000.0//
train_loss$62000$4.4944028854370115e-05//
train_individual_losses$62000$tensor([9.1767e-05, 3.4507e-05, 9.2921e-06, 2.8829e-05, 1.1538e-04, 3.1691e-06,
        7.2270e-06, 8.1986e-05, 6.4370e-06, 7.0851e-05])//
train_examples$62000$10000.0//
train_loss$64000$4.414652347564697e-05//
train_individual_losses$64000$tensor([9.2223e-05, 3.3176e-05, 9.2415e-06, 2.7600e-05, 1.1413e-04, 2.8904e-06,
        6.8883e-06, 8.0574e-05, 5.8292e-06, 6.8912e-05])//
train_examples$64000$10000.0//
train_loss$66000$4.330674648284912e-05//
train_individual_losses$66000$tensor([9.1332e-05, 3.1434e-05, 8.9916e-06, 2.6422e-05, 1.1295e-04, 2.7052e-06,
        6.6735e-06, 7.9999e-05, 5.4896e-06, 6.7072e-05])//
train_examples$66000$10000.0//
train_loss$68000$4.2717709541320803e-05//
train_individual_losses$68000$tensor([9.1513e-05, 3.0376e-05, 8.7555e-06, 2.5268e-05, 1.1209e-04, 2.5563e-06,
        6.2300e-06, 7.9444e-05, 5.1839e-06, 6.5764e-05])//
train_examples$68000$10000.0//
train_loss$70000$4.193004131317139e-05//
train_individual_losses$70000$tensor([9.0199e-05, 2.8390e-05, 8.8906e-06, 2.4055e-05, 1.1087e-04, 2.4570e-06,
        6.0111e-06, 7.9167e-05, 4.8710e-06, 6.4389e-05])//
train_examples$70000$10000.0//
train_loss$72000$4.143974781036377e-05//
train_individual_losses$72000$tensor([9.0046e-05, 2.6936e-05, 8.6952e-06, 2.4049e-05, 1.0998e-04, 2.3484e-06,
        5.7352e-06, 7.9342e-05, 4.7372e-06, 6.2530e-05])//
train_examples$72000$10000.0//
train_loss$74000$4.0727734565734863e-05//
train_individual_losses$74000$tensor([8.9562e-05, 2.5470e-05, 8.4464e-06, 2.2197e-05, 1.0854e-04, 2.3708e-06,
        5.6404e-06, 7.8682e-05, 4.4169e-06, 6.1948e-05])//
train_examples$74000$10000.0//
train_loss$76000$4.0129170417785645e-05//
train_individual_losses$76000$tensor([8.9174e-05, 2.4284e-05, 8.3272e-06, 2.2019e-05, 1.0720e-04, 2.3402e-06,
        5.2589e-06, 7.7811e-05, 4.4847e-06, 6.0393e-05])//
train_examples$76000$10000.0//
train_loss$78000$3.936055183410645e-05//
train_individual_losses$78000$tensor([8.8970e-05, 2.2670e-05, 8.3935e-06, 2.0673e-05, 1.0600e-04, 2.2242e-06,
        4.8920e-06, 7.7995e-05, 4.1951e-06, 5.7596e-05])//
train_examples$78000$10000.0//
train_loss$80000$3.8804678916931154e-05//
train_individual_losses$80000$tensor([8.8305e-05, 2.1614e-05, 8.3682e-06, 2.0452e-05, 1.0537e-04, 2.0794e-06,
        4.5763e-06, 7.6814e-05, 4.2667e-06, 5.6199e-05])//
train_examples$80000$10000.0//
train_loss$82000$3.837353467941284e-05//
train_individual_losses$82000$tensor([8.8145e-05, 2.0908e-05, 8.2546e-06, 1.9130e-05, 1.0450e-04, 1.9892e-06,
        4.3654e-06, 7.7095e-05, 4.0824e-06, 5.5269e-05])//
train_examples$82000$10000.0//
train_loss$84000$3.792551755905151e-05//
train_individual_losses$84000$tensor([8.8061e-05, 2.0378e-05, 8.1451e-06, 1.9471e-05, 1.0361e-04, 2.0017e-06,
        4.0638e-06, 7.5412e-05, 3.9660e-06, 5.4152e-05])//
train_examples$84000$10000.0//
train_loss$86000$3.734727144241333e-05//
train_individual_losses$86000$tensor([8.7773e-05, 1.9609e-05, 7.8437e-06, 1.7963e-05, 1.0299e-04, 1.9101e-06,
        3.8043e-06, 7.4555e-05, 3.8990e-06, 5.3131e-05])//
train_examples$86000$10000.0//
train_loss$88000$3.693320274353027e-05//
train_individual_losses$88000$tensor([8.7737e-05, 1.9190e-05, 7.7710e-06, 1.7680e-05, 1.0249e-04, 1.8206e-06,
        3.6274e-06, 7.3031e-05, 3.8242e-06, 5.2160e-05])//
train_examples$88000$10000.0//
train_loss$90000$3.6189887523651125e-05//
train_individual_losses$90000$tensor([8.7572e-05, 1.8650e-05, 7.6821e-06, 1.6789e-05, 1.0182e-04, 1.9669e-06,
        3.2659e-06, 6.8660e-05, 3.7695e-06, 5.1727e-05])//
train_examples$90000$10000.0//
train_loss$92000$3.489028215408325e-05//
train_individual_losses$92000$tensor([8.7639e-05, 1.8159e-05, 7.6820e-06, 1.6128e-05, 1.0112e-04, 1.7625e-06,
        3.0198e-06, 5.9561e-05, 3.6759e-06, 5.0151e-05])//
train_examples$92000$10000.0//
train_loss$94000$3.332662343978882e-05//
train_individual_losses$94000$tensor([8.6977e-05, 1.7801e-05, 7.6457e-06, 1.5502e-05, 1.0003e-04, 1.6876e-06,
        2.7925e-06, 4.7818e-05, 3.9033e-06, 4.9112e-05])//
train_examples$94000$10000.0//
train_loss$96000$3.2456517219543455e-05//
train_individual_losses$96000$tensor([8.7144e-05, 1.7347e-05, 7.6002e-06, 1.4911e-05, 9.9414e-05, 1.6758e-06,
        2.5427e-06, 4.1846e-05, 3.6498e-06, 4.8436e-05])//
train_examples$96000$10000.0//
train_loss$98000$3.193408966064453e-05//
train_individual_losses$98000$tensor([8.7070e-05, 1.7143e-05, 7.4197e-06, 1.4191e-05, 9.8248e-05, 1.6243e-06,
        2.3226e-06, 3.8628e-05, 4.0111e-06, 4.8682e-05])//
train_examples$98000$10000.0//
train_loss$100000$3.125155210494995e-05//
train_individual_losses$100000$tensor([8.6555e-05, 1.7080e-05, 7.4196e-06, 1.3716e-05, 9.7170e-05, 1.5864e-06,
        2.2873e-06, 3.5956e-05, 3.5785e-06, 4.7167e-05])//
train_examples$100000$10000.0