train_loss$0$0.61364453125//
train_individual_losses$0$tensor([0.5943, 0.6400, 0.6616, 0.6381, 0.5730, 0.6202, 0.6101, 0.6136, 0.6126,
        0.6001, 0.5992, 0.6412, 0.6168, 0.6169, 0.5958, 0.6098, 0.5878, 0.6029,
        0.5859, 0.6471, 0.5841, 0.6076, 0.6057, 0.6067, 0.6343, 0.5887, 0.6522,
        0.6149, 0.6096, 0.6387])//
train_examples$0$10000.0//
train_loss$2000$0.0007361177062988281//
train_individual_losses$2000$tensor([0.0011, 0.0005, 0.0003, 0.0003, 0.0011, 0.0007, 0.0013, 0.0009, 0.0006,
        0.0007, 0.0012, 0.0007, 0.0004, 0.0001, 0.0007, 0.0006, 0.0005, 0.0002,
        0.0005, 0.0007, 0.0006, 0.0006, 0.0005, 0.0011, 0.0004, 0.0012, 0.0015,
        0.0014, 0.0012, 0.0003])//
train_examples$2000$10000.0//
train_loss$4000$0.00029614468892415365//
train_individual_losses$4000$tensor([4.6803e-04, 1.6157e-04, 2.2692e-04, 1.5304e-04, 3.3959e-04, 2.2006e-04,
        5.8684e-04, 3.7901e-04, 2.4385e-04, 4.4098e-04, 4.4278e-04, 1.6769e-04,
        1.5719e-04, 3.5875e-05, 2.1682e-04, 1.8322e-04, 3.2934e-04, 1.5950e-04,
        1.3124e-04, 1.4478e-04, 3.2313e-04, 2.7802e-04, 1.6937e-04, 3.0503e-04,
        2.2446e-04, 3.9883e-04, 6.0723e-04, 3.4869e-04, 9.1049e-04, 1.3073e-04])//
train_examples$4000$10000.0//
train_loss$6000$0.0001671362813313802//
train_individual_losses$6000$tensor([2.8693e-04, 7.1140e-05, 2.0309e-04, 5.2302e-05, 2.2803e-04, 1.4709e-04,
        2.3559e-04, 2.3379e-04, 3.8507e-05, 2.0187e-04, 2.1944e-04, 1.0427e-04,
        1.0285e-04, 2.1333e-05, 9.4531e-05, 1.6669e-04, 1.5088e-04, 1.5924e-04,
        1.0710e-04, 7.3021e-05, 3.2301e-04, 1.7475e-04, 1.5778e-04, 1.2179e-04,
        1.0565e-04, 3.1279e-04, 3.0770e-04, 2.1641e-04, 3.2509e-04, 7.1443e-05])//
train_examples$6000$10000.0//
train_loss$8000$0.00012402989705403647//
train_individual_losses$8000$tensor([2.1994e-04, 5.1416e-05, 1.9030e-04, 3.2076e-05, 1.9843e-04, 1.0231e-04,
        1.9865e-04, 1.9071e-04, 2.6291e-05, 1.4991e-04, 1.7510e-04, 6.8211e-05,
        2.2291e-05, 1.2421e-05, 7.0872e-05, 1.5711e-04, 1.1764e-04, 1.4544e-04,
        9.6836e-05, 5.4183e-05, 2.7953e-04, 1.2736e-04, 1.5494e-04, 8.5316e-05,
        6.1152e-05, 2.7918e-04, 1.1582e-04, 1.5942e-04, 1.1393e-04, 6.4106e-05])//
train_examples$8000$10000.0//
train_loss$10000$0.00010976200103759766//
train_individual_losses$10000$tensor([1.6577e-04, 3.8496e-05, 2.0298e-04, 2.4190e-05, 2.0709e-04, 5.0629e-05,
        1.2974e-04, 1.7944e-04, 2.0612e-05, 1.4510e-04, 1.7989e-04, 4.2856e-05,
        1.8869e-05, 6.8790e-06, 6.1599e-05, 1.6494e-04, 1.0871e-04, 1.4579e-04,
        9.3176e-05, 5.4258e-05, 2.7160e-04, 9.9378e-05, 1.6180e-04, 6.7859e-05,
        2.6420e-05, 2.6288e-04, 7.1216e-05, 1.4593e-04, 7.2620e-05, 7.2140e-05])//
train_examples$10000$10000.0//
train_loss$12000$9.979703267415365e-05//
train_individual_losses$12000$tensor([1.4719e-04, 3.4556e-05, 1.8181e-04, 2.0071e-05, 1.8651e-04, 2.4586e-05,
        1.1145e-04, 1.6738e-04, 1.8372e-05, 1.3890e-04, 1.6547e-04, 3.7512e-05,
        2.2679e-05, 4.7628e-06, 5.1943e-05, 1.5174e-04, 1.0311e-04, 1.3698e-04,
        9.1809e-05, 4.3176e-05, 2.6179e-04, 7.6016e-05, 1.5099e-04, 6.4018e-05,
        1.9873e-05, 2.4346e-04, 8.2696e-05, 1.3409e-04, 5.9018e-05, 6.1970e-05])//
train_examples$12000$10000.0//
train_loss$14000$8.84248161315918e-05//
train_individual_losses$14000$tensor([1.3950e-04, 3.1054e-05, 1.8012e-04, 1.7273e-05, 1.8616e-04, 1.6441e-05,
        9.7096e-05, 1.5020e-04, 1.7697e-05, 1.4021e-04, 1.4580e-04, 3.3199e-05,
        1.2294e-05, 4.7977e-06, 3.0823e-05, 1.3491e-04, 9.8444e-05, 1.3615e-04,
        7.5383e-05, 3.9759e-05, 2.0290e-04, 5.8823e-05, 1.4681e-04, 6.0087e-05,
        1.6019e-05, 2.1411e-04, 4.1310e-05, 1.1608e-04, 5.2334e-05, 5.6958e-05])//
train_examples$14000$10000.0//
train_loss$16000$8.316261927286784e-05//
train_individual_losses$16000$tensor([1.3806e-04, 2.9013e-05, 1.9430e-04, 1.5552e-05, 1.7819e-04, 1.2047e-05,
        8.5575e-05, 1.1080e-04, 1.8575e-05, 1.3900e-04, 1.4434e-04, 2.2387e-05,
        1.1362e-05, 4.4349e-06, 1.8705e-05, 1.3559e-04, 9.6338e-05, 1.3326e-04,
        7.6995e-05, 3.7024e-05, 1.9301e-04, 5.2863e-05, 1.4198e-04, 5.9784e-05,
        1.8560e-05, 1.8127e-04, 3.9054e-05, 1.0467e-04, 4.8124e-05, 5.4017e-05])//
train_examples$16000$10000.0//
train_loss$18000$7.831485748291015e-05//
train_individual_losses$18000$tensor([1.3828e-04, 2.5033e-05, 1.7075e-04, 1.8272e-05, 1.7113e-04, 9.7876e-06,
        8.0934e-05, 9.0559e-05, 1.6947e-05, 1.3785e-04, 1.4220e-04, 2.5368e-05,
        1.2566e-05, 3.4177e-06, 1.4628e-05, 1.3047e-04, 9.6446e-05, 1.3199e-04,
        7.2874e-05, 3.6775e-05, 1.7441e-04, 5.2891e-05, 1.3369e-04, 5.3862e-05,
        1.5779e-05, 1.4554e-04, 4.9272e-05, 1.0168e-04, 4.3827e-05, 5.2226e-05])//
train_examples$18000$10000.0//
train_loss$20000$8.093949635823567e-05//
train_individual_losses$20000$tensor([1.6344e-04, 2.5845e-05, 1.8004e-04, 1.4702e-05, 1.8471e-04, 7.2023e-06,
        7.9145e-05, 7.9606e-05, 1.6662e-05, 1.3920e-04, 1.7622e-04, 1.7482e-05,
        9.8978e-06, 2.7052e-06, 1.3753e-05, 1.4545e-04, 9.6366e-05, 1.5172e-04,
        7.3612e-05, 4.0489e-05, 1.6582e-04, 4.7848e-05, 1.3367e-04, 5.2324e-05,
        1.2832e-05, 1.5873e-04, 3.9401e-05, 1.0043e-04, 4.3880e-05, 5.5000e-05])//
train_examples$20000$10000.0//
train_loss$22000$7.43826675415039e-05//
train_individual_losses$22000$tensor([1.4503e-04, 2.2328e-05, 1.6707e-04, 1.4911e-05, 1.6239e-04, 4.8932e-06,
        7.5152e-05, 6.2037e-05, 1.7714e-05, 1.3458e-04, 1.4688e-04, 1.7755e-05,
        9.9665e-06, 6.1996e-06, 1.1920e-05, 1.2847e-04, 9.5311e-05, 1.3885e-04,
        8.9306e-05, 3.5331e-05, 1.5576e-04, 4.4819e-05, 1.2702e-04, 5.2657e-05,
        1.3545e-05, 1.3515e-04, 3.6939e-05, 9.1658e-05, 3.9480e-05, 4.8353e-05])//
train_examples$22000$10000.0//
train_loss$24000$6.723036448160807e-05//
train_individual_losses$24000$tensor([1.3914e-04, 2.3331e-05, 5.2531e-05, 1.5332e-05, 1.6290e-04, 5.9016e-06,
        6.7586e-05, 6.2352e-05, 1.6581e-05, 1.3600e-04, 1.3650e-04, 1.6916e-05,
        1.0847e-05, 5.4013e-06, 1.1305e-05, 1.2949e-04, 9.2532e-05, 1.3437e-04,
        7.7668e-05, 3.5250e-05, 1.1795e-04, 4.0303e-05, 1.2545e-04, 5.6259e-05,
        1.2985e-05, 1.2728e-04, 3.2356e-05, 8.8400e-05, 3.6217e-05, 4.7760e-05])//
train_examples$24000$10000.0//
train_loss$26000$6.591304143269857e-05//
train_individual_losses$26000$tensor([1.4203e-04, 2.5142e-05, 3.3091e-05, 1.2725e-05, 1.5678e-04, 3.6354e-06,
        7.7704e-05, 5.9395e-05, 1.4602e-05, 1.3659e-04, 1.4113e-04, 1.6149e-05,
        1.0359e-05, 2.7787e-06, 1.2416e-05, 1.3406e-04, 9.3790e-05, 1.4179e-04,
        7.2720e-05, 3.9180e-05, 1.0818e-04, 3.7077e-05, 1.2690e-04, 5.7647e-05,
        1.1637e-05, 1.2092e-04, 3.2551e-05, 7.5368e-05, 3.5060e-05, 4.5979e-05])//
train_examples$26000$10000.0//
train_loss$28000$6.250293095906576e-05//
train_individual_losses$28000$tensor([1.4222e-04, 2.3133e-05, 2.4176e-05, 1.2956e-05, 1.1772e-04, 3.4039e-06,
        5.9610e-05, 5.2473e-05, 1.4610e-05, 1.3526e-04, 1.4921e-04, 1.4457e-05,
        1.1887e-05, 3.3137e-06, 1.7349e-05, 1.3026e-04, 9.1010e-05, 1.4058e-04,
        7.2089e-05, 3.3823e-05, 1.0689e-04, 3.4736e-05, 1.2537e-04, 5.0544e-05,
        1.2700e-05, 1.1590e-04, 2.7633e-05, 7.4166e-05, 3.6180e-05, 4.1439e-05])//
train_examples$28000$10000.0//
train_loss$30000$5.9002081553141277e-05//
train_individual_losses$30000$tensor([1.3748e-04, 2.1854e-05, 1.8505e-05, 1.2792e-05, 7.7798e-05, 2.9903e-06,
        5.8802e-05, 5.3799e-05, 1.5714e-05, 1.3402e-04, 1.3856e-04, 1.1202e-05,
        1.3008e-05, 1.8381e-06, 1.6533e-05, 1.2696e-04, 9.1870e-05, 1.3278e-04,
        7.2165e-05, 4.3380e-05, 9.3699e-05, 3.3678e-05, 1.2300e-04, 4.8102e-05,
        1.1404e-05, 1.0454e-04, 2.5079e-05, 7.1217e-05, 3.2200e-05, 4.5073e-05])//
train_examples$30000$10000.0//
train_loss$32000$5.643691380818685e-05//
train_individual_losses$32000$tensor([1.3856e-04, 2.2100e-05, 1.6897e-05, 1.2359e-05, 5.9195e-05, 1.9431e-06,
        5.3495e-05, 5.1452e-05, 1.5246e-05, 1.3143e-04, 1.4040e-04, 8.4189e-06,
        9.0406e-06, 2.5891e-06, 1.1162e-05, 1.2682e-04, 9.0459e-05, 1.3309e-04,
        7.5223e-05, 3.3929e-05, 7.1263e-05, 3.3697e-05, 1.2243e-04, 4.6226e-05,
        1.1943e-05, 1.0034e-04, 3.1602e-05, 6.0052e-05, 3.1302e-05, 5.0446e-05])//
train_examples$32000$10000.0//
train_loss$34000$5.422395706176758e-05//
train_individual_losses$34000$tensor([1.3653e-04, 2.0495e-05, 1.6947e-05, 1.2094e-05, 5.0480e-05, 2.7701e-06,
        4.4260e-05, 5.0889e-05, 1.5306e-05, 1.3247e-04, 1.3859e-04, 1.1508e-05,
        8.9971e-06, 2.6013e-06, 1.2882e-05, 1.2878e-04, 9.3748e-05, 1.3112e-04,
        6.9731e-05, 3.3812e-05, 6.0766e-05, 3.0460e-05, 1.2392e-04, 4.6981e-05,
        1.4072e-05, 1.0071e-04, 2.2054e-05, 5.9589e-05, 2.9899e-05, 2.4254e-05])//
train_examples$34000$10000.0//
train_loss$36000$5.2976614634195965e-05//
train_individual_losses$36000$tensor([1.3900e-04, 2.0881e-05, 1.4442e-05, 1.2335e-05, 4.2154e-05, 1.9605e-06,
        4.1847e-05, 4.9782e-05, 1.5319e-05, 1.3371e-04, 1.3890e-04, 6.4691e-06,
        8.3884e-06, 1.8559e-06, 1.1781e-05, 1.2732e-04, 9.1148e-05, 1.3615e-04,
        7.3069e-05, 3.1160e-05, 5.5811e-05, 2.4756e-05, 1.2518e-04, 4.2055e-05,
        1.1964e-05, 9.9726e-05, 2.0759e-05, 5.5961e-05, 3.7961e-05, 1.7434e-05])//
train_examples$36000$10000.0//
train_loss$38000$5.7462151845296224e-05//
train_individual_losses$38000$tensor([1.7100e-04, 1.8418e-05, 1.4857e-05, 1.2086e-05, 6.2958e-05, 1.7857e-06,
        4.2233e-05, 5.0285e-05, 1.4995e-05, 1.4439e-04, 1.4553e-04, 9.6396e-06,
        5.7033e-06, 1.9735e-06, 9.8462e-06, 1.4478e-04, 9.9605e-05, 1.4951e-04,
        7.4878e-05, 3.4512e-05, 3.9400e-05, 2.2176e-05, 1.2679e-04, 4.1988e-05,
        1.2426e-05, 1.4442e-04, 2.4341e-05, 5.6261e-05, 3.1147e-05, 1.5933e-05])//
train_examples$38000$10000.0//
train_loss$40000$5.504165649414062e-05//
train_individual_losses$40000$tensor([1.6040e-04, 1.8761e-05, 1.4396e-05, 1.2757e-05, 4.6698e-05, 2.0527e-06,
        3.9882e-05, 4.9526e-05, 1.6224e-05, 1.3376e-04, 1.4789e-04, 6.3616e-06,
        4.4708e-06, 1.6921e-06, 1.0715e-05, 1.6168e-04, 1.0276e-04, 1.4333e-04,
        8.0443e-05, 3.1294e-05, 3.1602e-05, 1.8425e-05, 1.2584e-04, 4.2139e-05,
        1.0900e-05, 1.0363e-04, 2.4610e-05, 6.5044e-05, 2.8230e-05, 1.5740e-05])//
train_examples$40000$10000.0//
train_loss$42000$5.335894266764323e-05//
train_individual_losses$42000$tensor([1.3979e-04, 1.8392e-05, 1.4668e-05, 1.2094e-05, 3.1443e-05, 1.7163e-06,
        4.3513e-05, 7.1592e-05, 1.5407e-05, 1.4094e-04, 1.3849e-04, 6.4630e-06,
        3.5214e-06, 4.0481e-06, 1.0109e-05, 1.5683e-04, 9.5721e-05, 1.3681e-04,
        7.0408e-05, 3.0104e-05, 2.8841e-05, 1.6039e-05, 1.2791e-04, 5.5006e-05,
        1.3318e-05, 1.0386e-04, 1.8358e-05, 5.1977e-05, 2.5377e-05, 1.8028e-05])//
train_examples$42000$10000.0//
train_loss$44000$5.079992294311524e-05//
train_individual_losses$44000$tensor([1.3870e-04, 1.8027e-05, 1.4273e-05, 1.4207e-05, 3.0345e-05, 1.5983e-06,
        3.8833e-05, 5.1983e-05, 1.4397e-05, 1.2993e-04, 1.3375e-04, 6.3877e-06,
        2.0793e-06, 1.5946e-06, 1.1465e-05, 1.3471e-04, 9.1280e-05, 1.3512e-04,
        7.4142e-05, 4.8372e-05, 3.5536e-05, 1.5499e-05, 1.2281e-04, 4.2655e-05,
        1.0967e-05, 9.1091e-05, 1.7031e-05, 5.4116e-05, 2.5446e-05, 1.7653e-05])//
train_examples$44000$10000.0//
train_loss$46000$4.7276684443155926e-05//
train_individual_losses$46000$tensor([9.8600e-05, 1.7489e-05, 1.4344e-05, 1.1252e-05, 3.1985e-05, 1.5014e-06,
        3.6352e-05, 5.1543e-05, 1.4360e-05, 1.2854e-04, 1.3426e-04, 6.4175e-06,
        1.8083e-06, 1.5895e-06, 1.0486e-05, 1.2725e-04, 9.1008e-05, 1.3070e-04,
        6.9652e-05, 3.2972e-05, 3.2469e-05, 1.3851e-05, 1.2474e-04, 4.2388e-05,
        1.1212e-05, 8.0955e-05, 1.6000e-05, 5.1664e-05, 2.1725e-05, 1.1199e-05])//
train_examples$46000$10000.0//
train_loss$48000$4.5214516321818035e-05//
train_individual_losses$48000$tensor([4.4265e-05, 1.4655e-05, 1.3758e-05, 1.2235e-05, 2.6612e-05, 1.4290e-06,
        3.5631e-05, 5.0140e-05, 1.4600e-05, 1.2509e-04, 1.3625e-04, 5.1533e-06,
        3.5453e-06, 4.5037e-06, 1.3867e-05, 1.2788e-04, 9.1180e-05, 1.3350e-04,
        7.2188e-05, 3.0797e-05, 2.7924e-05, 1.6421e-05, 1.2304e-04, 3.6984e-05,
        1.3279e-05, 8.7356e-05, 1.5145e-05, 4.7809e-05, 2.0643e-05, 1.0557e-05])//
train_examples$48000$10000.0//
train_loss$50000$4.462090810139974e-05//
train_individual_losses$50000$tensor([3.0287e-05, 1.0860e-05, 1.5932e-05, 1.2660e-05, 2.6414e-05, 1.4108e-06,
        3.8183e-05, 5.6751e-05, 1.5085e-05, 1.2476e-04, 1.3420e-04, 5.7287e-06,
        1.8445e-06, 1.8091e-06, 8.9118e-06, 1.2087e-04, 9.1243e-05, 1.3218e-04,
        6.8691e-05, 3.4610e-05, 3.0046e-05, 1.8335e-05, 1.2183e-04, 3.6194e-05,
        1.1253e-05, 8.0490e-05, 1.6408e-05, 5.8543e-05, 2.2167e-05, 1.0927e-05])//
train_examples$50000$10000.0//
train_loss$52000$4.4051860173543297e-05//
train_individual_losses$52000$tensor([3.0495e-05, 9.2252e-06, 1.4341e-05, 1.1031e-05, 2.7757e-05, 2.4330e-06,
        3.4407e-05, 5.1079e-05, 1.5048e-05, 1.2689e-04, 1.4098e-04, 5.9768e-06,
        2.0117e-06, 1.5142e-06, 1.0931e-05, 1.2361e-04, 9.2115e-05, 1.3284e-04,
        6.7964e-05, 2.9352e-05, 2.7430e-05, 1.6151e-05, 1.2415e-04, 3.6093e-05,
        1.1166e-05, 7.8671e-05, 1.3834e-05, 4.7480e-05, 2.0838e-05, 1.5743e-05])//
train_examples$52000$10000.0//
train_loss$54000$4.307875633239746e-05//
train_individual_losses$54000$tensor([3.1533e-05, 7.5331e-06, 1.5407e-05, 1.1341e-05, 2.6968e-05, 1.2606e-06,
        3.4026e-05, 5.0851e-05, 1.5163e-05, 1.2339e-04, 1.3284e-04, 6.2296e-06,
        2.1992e-06, 1.6892e-06, 8.8355e-06, 1.2217e-04, 9.0266e-05, 1.2936e-04,
        6.4700e-05, 3.0949e-05, 2.6183e-05, 1.9540e-05, 1.2168e-04, 3.6815e-05,
        1.4183e-05, 7.7478e-05, 1.3174e-05, 4.9394e-05, 1.5310e-05, 1.1904e-05])//
train_examples$54000$10000.0//
train_loss$56000$4.310119311014811e-05//
train_individual_losses$56000$tensor([2.6303e-05, 6.9948e-06, 1.4355e-05, 1.2415e-05, 2.6774e-05, 1.7306e-06,
        3.3695e-05, 5.2276e-05, 1.5048e-05, 1.2469e-04, 1.3442e-04, 5.8882e-06,
        1.8645e-06, 1.2496e-06, 1.0129e-05, 1.2437e-04, 9.3524e-05, 1.3406e-04,
        6.6528e-05, 2.9891e-05, 2.7243e-05, 1.4291e-05, 1.2414e-04, 3.8896e-05,
        1.0956e-05, 7.5047e-05, 1.4251e-05, 4.5815e-05, 1.4038e-05, 1.2154e-05])//
train_examples$56000$10000.0//
train_loss$58000$4.270784378051758e-05//
train_individual_losses$58000$tensor([2.8399e-05, 5.7984e-06, 1.3979e-05, 1.0730e-05, 2.6440e-05, 1.0780e-06,
        3.6589e-05, 4.9164e-05, 1.4583e-05, 1.2133e-04, 1.3300e-04, 8.0437e-06,
        2.1943e-06, 3.6652e-06, 1.3404e-05, 1.2507e-04, 9.2545e-05, 1.3074e-04,
        6.0178e-05, 2.9209e-05, 2.5171e-05, 1.0955e-05, 1.2206e-04, 3.9117e-05,
        1.1126e-05, 7.6721e-05, 1.5923e-05, 5.1022e-05, 1.3327e-05, 9.6719e-06])//
train_examples$58000$10000.0//
train_loss$60000$4.304771105448405e-05//
train_individual_losses$60000$tensor([2.7256e-05, 7.0006e-06, 1.4806e-05, 1.6698e-05, 2.7844e-05, 5.2353e-06,
        3.3196e-05, 5.3315e-05, 1.4791e-05, 1.2407e-04, 1.3346e-04, 5.4912e-06,
        1.6792e-06, 2.0036e-06, 8.6897e-06, 1.2680e-04, 9.1076e-05, 1.2973e-04,
        6.1361e-05, 3.1292e-05, 2.4024e-05, 1.4413e-05, 1.2583e-04, 3.6084e-05,
        1.8372e-05, 7.3528e-05, 1.5764e-05, 4.3573e-05, 1.3353e-05, 1.0693e-05])//
train_examples$60000$10000.0//
train_loss$62000$4.2512578964233396e-05//
train_individual_losses$62000$tensor([2.7446e-05, 4.5367e-06, 1.3652e-05, 1.1285e-05, 2.9695e-05, 1.1093e-06,
        3.7141e-05, 4.9709e-05, 1.4218e-05, 1.2035e-04, 1.3705e-04, 5.2467e-06,
        1.7730e-06, 1.7970e-06, 9.5357e-06, 1.3020e-04, 9.1052e-05, 1.4071e-04,
        6.7052e-05, 2.9304e-05, 2.4017e-05, 1.1146e-05, 1.2252e-04, 3.4118e-05,
        1.3404e-05, 7.0984e-05, 1.0813e-05, 4.5476e-05, 1.1373e-05, 8.6643e-06])//
train_examples$62000$10000.0//
train_loss$64000$4.2004899978637695e-05//
train_individual_losses$64000$tensor([2.5302e-05, 3.5611e-06, 1.4430e-05, 1.0512e-05, 2.5692e-05, 9.2361e-07,
        3.5781e-05, 5.6483e-05, 1.5497e-05, 1.2079e-04, 1.2858e-04, 5.4869e-06,
        1.9563e-06, 2.7913e-06, 7.7639e-06, 1.2096e-04, 8.9478e-05, 1.3650e-04,
        5.6734e-05, 3.1878e-05, 2.7252e-05, 9.3449e-06, 1.2717e-04, 3.4329e-05,
        1.3660e-05, 7.5144e-05, 1.3847e-05, 4.0359e-05, 1.9042e-05, 8.9027e-06])//
train_examples$64000$10000.0//
train_loss$66000$4.167299906412761e-05//
train_individual_losses$66000$tensor([3.3010e-05, 4.2316e-06, 1.4987e-05, 1.1814e-05, 4.0718e-05, 1.5014e-06,
        3.4004e-05, 5.7112e-05, 1.6565e-05, 1.2133e-04, 1.0138e-04, 4.5967e-06,
        1.9243e-06, 1.6367e-06, 8.6481e-06, 1.2552e-04, 9.3121e-05, 1.3214e-04,
        5.5601e-05, 2.9687e-05, 2.5036e-05, 1.2670e-05, 1.2242e-04, 3.4426e-05,
        1.6683e-05, 7.5778e-05, 1.0186e-05, 4.4637e-05, 1.3744e-05, 5.0750e-06])//
train_examples$66000$10000.0//
train_loss$68000$3.9843101501464844e-05//
train_individual_losses$68000$tensor([2.5161e-05, 3.6316e-06, 1.6127e-05, 1.2937e-05, 2.6123e-05, 1.0246e-06,
        3.4012e-05, 5.1457e-05, 1.7099e-05, 1.1695e-04, 8.5276e-05, 7.5343e-06,
        1.9301e-06, 1.1495e-06, 1.0904e-05, 1.2317e-04, 9.4387e-05, 1.3996e-04,
        5.6097e-05, 3.4474e-05, 2.3002e-05, 9.3107e-06, 1.2327e-04, 3.4624e-05,
        1.0598e-05, 6.8610e-05, 8.9246e-06, 4.2699e-05, 1.1332e-05, 3.5188e-06])//
train_examples$68000$10000.0//
train_loss$70000$3.9570515950520835e-05//
train_individual_losses$70000$tensor([2.6957e-05, 3.1834e-06, 1.5733e-05, 1.1335e-05, 2.4911e-05, 1.6960e-06,
        3.3294e-05, 5.1222e-05, 1.5140e-05, 1.1769e-04, 8.4340e-05, 5.7231e-06,
        2.3342e-06, 4.4035e-06, 8.2460e-06, 1.3017e-04, 9.2212e-05, 1.3110e-04,
        4.8326e-05, 2.9071e-05, 2.5879e-05, 8.5827e-06, 1.2706e-04, 3.8169e-05,
        1.0775e-05, 7.1813e-05, 9.1753e-06, 3.9444e-05, 1.3311e-05, 5.8291e-06])//
train_examples$70000$10000.0//
train_loss$72000$3.873971303304036e-05//
train_individual_losses$72000$tensor([2.4056e-05, 3.7745e-06, 1.4211e-05, 1.0443e-05, 2.4588e-05, 1.0763e-06,
        4.3816e-05, 4.8904e-05, 1.4310e-05, 1.2029e-04, 7.9190e-05, 4.4088e-06,
        1.4826e-06, 2.5638e-06, 8.7242e-06, 1.2489e-04, 9.4396e-05, 1.3564e-04,
        4.1921e-05, 2.9147e-05, 2.1201e-05, 9.4404e-06, 1.2327e-04, 3.4435e-05,
        1.1096e-05, 6.9683e-05, 1.3762e-05, 3.4998e-05, 1.0530e-05, 5.9398e-06])//
train_examples$72000$10000.0//
train_loss$74000$3.8652318318684896e-05//
train_individual_losses$74000$tensor([2.6858e-05, 4.2870e-06, 1.3895e-05, 1.2000e-05, 2.8629e-05, 3.1509e-06,
        3.7105e-05, 5.0294e-05, 1.5388e-05, 1.1563e-04, 7.5600e-05, 4.6979e-06,
        1.6398e-06, 9.8577e-07, 7.7279e-06, 1.2321e-04, 9.0358e-05, 1.3069e-04,
        3.8432e-05, 2.9409e-05, 2.3505e-05, 1.0335e-05, 1.3512e-04, 3.4946e-05,
        1.3357e-05, 6.1504e-05, 9.6418e-06, 3.2938e-05, 1.8130e-05, 1.0108e-05])//
train_examples$74000$10000.0//
train_loss$76000$3.809899648030599e-05//
train_individual_losses$76000$tensor([2.8547e-05, 3.5499e-06, 1.5098e-05, 1.1588e-05, 2.5845e-05, 8.0238e-07,
        3.6258e-05, 4.7825e-05, 1.5740e-05, 1.1832e-04, 6.8668e-05, 1.8352e-05,
        1.7632e-06, 1.2773e-06, 7.1617e-06, 1.2195e-04, 9.5057e-05, 1.3510e-04,
        3.8597e-05, 2.8475e-05, 2.3863e-05, 8.1865e-06, 1.2595e-04, 3.4263e-05,
        1.0812e-05, 6.7725e-05, 4.2027e-06, 3.1151e-05, 1.4404e-05, 2.4456e-06])//
train_examples$76000$10000.0//
train_loss$78000$3.748847961425781e-05//
train_individual_losses$78000$tensor([2.6072e-05, 4.6443e-06, 1.4526e-05, 1.0108e-05, 2.5892e-05, 6.3220e-07,
        3.2131e-05, 4.9246e-05, 1.5799e-05, 1.1632e-04, 6.6591e-05, 6.8596e-06,
        6.1465e-06, 4.0158e-06, 8.1568e-06, 1.2698e-04, 8.9900e-05, 1.3170e-04,
        3.6663e-05, 3.1373e-05, 2.3548e-05, 8.0663e-06, 1.2196e-04, 3.7238e-05,
        1.3078e-05, 6.4230e-05, 4.3588e-06, 3.3539e-05, 1.3167e-05, 1.7159e-06])//
train_examples$78000$10000.0//
train_loss$80000$3.781034787495931e-05//
train_individual_losses$80000$tensor([2.3674e-05, 2.5317e-06, 1.5479e-05, 1.0480e-05, 2.4541e-05, 2.1107e-06,
        3.1991e-05, 4.8350e-05, 1.5165e-05, 1.1808e-04, 6.3877e-05, 4.9254e-06,
        1.7974e-06, 9.7420e-07, 6.8599e-06, 1.2303e-04, 9.9886e-05, 1.3511e-04,
        4.2354e-05, 3.0274e-05, 2.0824e-05, 7.9266e-06, 1.3197e-04, 3.6446e-05,
        1.1573e-05, 7.5253e-05, 9.4913e-06, 2.6804e-05, 1.0428e-05, 2.1010e-06])//
train_examples$80000$10000.0//
train_loss$82000$3.894849459330241e-05//
train_individual_losses$82000$tensor([2.7136e-05, 9.0114e-06, 1.3827e-05, 1.0690e-05, 3.6854e-05, 1.1246e-06,
        3.1291e-05, 5.2372e-05, 1.4594e-05, 1.1918e-04, 6.0283e-05, 4.1495e-06,
        1.7965e-06, 5.7824e-06, 9.6274e-06, 1.2434e-04, 9.3417e-05, 1.3352e-04,
        4.3956e-05, 3.0500e-05, 2.2668e-05, 8.5684e-06, 1.2273e-04, 3.3079e-05,
        1.1074e-05, 6.6411e-05, 2.8588e-06, 3.0972e-05, 4.5096e-05, 1.5433e-06])//
train_examples$82000$10000.0//
train_loss$84000$3.61141300201416e-05//
train_individual_losses$84000$tensor([2.4211e-05, 3.4475e-06, 1.4131e-05, 1.0102e-05, 2.5557e-05, 9.2270e-07,
        3.5157e-05, 4.9912e-05, 1.4746e-05, 1.1500e-04, 5.6384e-05, 5.0256e-06,
        1.4289e-06, 9.3541e-07, 7.1489e-06, 1.3108e-04, 9.0111e-05, 1.2905e-04,
        3.2483e-05, 2.8975e-05, 2.5357e-05, 8.3423e-06, 1.2319e-04, 3.6489e-05,
        1.0377e-05, 6.4412e-05, 2.6119e-06, 2.6763e-05, 9.1112e-06, 9.6045e-07])//
train_examples$84000$10000.0//
train_loss$86000$3.628719011942546e-05//
train_individual_losses$86000$tensor([2.5487e-05, 2.3681e-06, 1.4135e-05, 1.0356e-05, 2.5356e-05, 8.4056e-07,
        5.4902e-05, 4.9355e-05, 1.4502e-05, 1.1539e-04, 5.1702e-05, 3.5887e-06,
        2.6008e-06, 4.2554e-06, 7.3916e-06, 1.2016e-04, 9.3913e-05, 1.3169e-04,
        3.3423e-05, 2.8288e-05, 1.9130e-05, 1.0545e-05, 1.2191e-04, 3.2584e-05,
        1.1562e-05, 5.8996e-05, 5.4891e-06, 2.8699e-05, 9.1086e-06, 8.9345e-07])//
train_examples$86000$10000.0//
train_loss$88000$3.6957791646321615e-05//
train_individual_losses$88000$tensor([2.7258e-05, 3.3233e-06, 1.4539e-05, 1.0666e-05, 2.9805e-05, 2.0428e-06,
        3.5754e-05, 5.3279e-05, 1.4865e-05, 1.1412e-04, 4.4197e-05, 5.7695e-06,
        1.5881e-06, 3.4399e-06, 6.2434e-06, 1.2831e-04, 9.5472e-05, 1.3525e-04,
        3.1677e-05, 3.3133e-05, 2.3133e-05, 7.8785e-06, 1.2602e-04, 4.7705e-05,
        1.0770e-05, 6.2690e-05, 4.9428e-06, 2.3183e-05, 1.0344e-05, 1.3342e-06])//
train_examples$88000$10000.0//
train_loss$90000$3.5783748626708984e-05//
train_individual_losses$90000$tensor([3.9435e-05, 3.5415e-06, 1.6993e-05, 1.0282e-05, 3.1671e-05, 6.9316e-07,
        3.1443e-05, 5.3731e-05, 1.4292e-05, 1.1650e-04, 3.7923e-05, 3.4574e-06,
        1.4992e-06, 1.3128e-06, 8.2161e-06, 1.2143e-04, 9.1258e-05, 1.3178e-04,
        3.2080e-05, 3.0375e-05, 2.0177e-05, 7.5440e-06, 1.2338e-04, 3.3234e-05,
        1.2988e-05, 5.9612e-05, 3.7734e-06, 2.2618e-05, 1.0673e-05, 1.6128e-06])//
train_examples$90000$10000.0//
train_loss$92000$3.593795776367188e-05//
train_individual_losses$92000$tensor([2.4224e-05, 3.5426e-06, 1.3994e-05, 9.7674e-06, 2.7254e-05, 1.8983e-06,
        3.4072e-05, 5.0374e-05, 1.4468e-05, 1.1828e-04, 2.9631e-05, 5.5241e-06,
        2.2174e-06, 9.1538e-07, 6.5917e-06, 1.2388e-04, 8.9074e-05, 1.2889e-04,
        3.6545e-05, 2.9021e-05, 1.9338e-05, 1.7593e-05, 1.2676e-04, 3.6578e-05,
        1.4337e-05, 5.4113e-05, 2.8796e-06, 2.1961e-05, 1.2889e-05, 2.1517e-05])//
train_examples$92000$10000.0//
train_loss$94000$3.45768674214681e-05//
train_individual_losses$94000$tensor([2.4530e-05, 1.7995e-06, 1.2922e-05, 9.9169e-06, 2.9233e-05, 1.6709e-06,
        3.2214e-05, 5.0291e-05, 1.4624e-05, 1.1685e-04, 2.2257e-05, 5.0520e-06,
        1.6567e-06, 1.0788e-06, 1.1290e-05, 1.2160e-04, 9.2724e-05, 1.3127e-04,
        3.2686e-05, 2.9052e-05, 1.8689e-05, 1.1198e-05, 1.2423e-04, 3.1326e-05,
        1.0456e-05, 6.0724e-05, 3.5045e-06, 2.4628e-05, 8.6355e-06, 1.1875e-06])//
train_examples$94000$10000.0//
train_loss$96000$3.628918329874674e-05//
train_individual_losses$96000$tensor([2.6390e-05, 3.9967e-06, 1.2781e-05, 1.0613e-05, 2.7627e-05, 1.7083e-06,
        3.4021e-05, 6.0325e-05, 1.4882e-05, 1.2515e-04, 2.1635e-05, 3.8503e-06,
        1.6101e-06, 1.0818e-06, 8.5392e-06, 1.3269e-04, 1.0262e-04, 1.3793e-04,
        2.9663e-05, 2.9624e-05, 2.4873e-05, 6.4833e-06, 1.3011e-04, 2.7519e-05,
        1.3465e-05, 6.2200e-05, 2.9771e-06, 2.2612e-05, 8.8885e-06, 2.8125e-06])//
train_examples$96000$10000.0//
train_loss$98000$3.344965616861979e-05//
train_individual_losses$98000$tensor([2.5801e-05, 3.5290e-06, 1.2496e-05, 9.4430e-06, 2.4956e-05, 8.2216e-07,
        3.1893e-05, 5.8014e-05, 1.4924e-05, 1.1570e-04, 2.1762e-05, 4.8441e-06,
        2.1488e-06, 1.5314e-06, 1.0213e-05, 1.2134e-04, 8.9052e-05, 1.3081e-04,
        2.8987e-05, 3.1982e-05, 1.8415e-05, 1.1030e-05, 1.2200e-04, 3.0726e-05,
        1.2008e-05, 3.0721e-05, 7.1043e-06, 2.3095e-05, 7.8386e-06, 2.9808e-07])//
train_examples$98000$10000.0//
train_loss$100000$3.3193464279174803e-05//
train_individual_losses$100000$tensor([2.5216e-05, 1.8688e-06, 1.2735e-05, 9.7190e-06, 2.8367e-05, 7.2681e-07,
        3.0875e-05, 5.6064e-05, 1.5216e-05, 1.1316e-04, 1.9654e-05, 3.5007e-06,
        1.5846e-06, 1.5452e-06, 6.3564e-06, 1.1989e-04, 8.9972e-05, 1.3427e-04,
        3.1434e-05, 2.9754e-05, 2.0236e-05, 8.4421e-06, 1.2104e-04, 3.1199e-05,
        1.1953e-05, 2.4670e-05, 1.5607e-05, 2.0628e-05, 8.4645e-06, 1.6556e-06])//
train_examples$100000$10000.0//
train_loss$102000$3.250543594360352e-05//
train_individual_losses$102000$tensor([2.7815e-05, 1.7849e-06, 1.4604e-05, 1.0126e-05, 2.4842e-05, 6.1027e-07,
        3.2523e-05, 4.7928e-05, 1.4443e-05, 1.1894e-04, 1.8944e-05, 3.7038e-06,
        1.4881e-06, 1.0756e-06, 6.6589e-06, 1.2231e-04, 9.0586e-05, 1.3291e-04,
        2.8507e-05, 2.9140e-05, 2.1311e-05, 5.9295e-06, 1.2308e-04, 2.5896e-05,
        1.1898e-05, 2.1650e-05, 2.8240e-06, 2.5175e-05, 8.1963e-06, 2.7188e-07])//
train_examples$102000$10000.0//
train_loss$104000$2.9555959701538085e-05//
train_individual_losses$104000$tensor([2.4670e-05, 2.5336e-06, 1.2469e-05, 9.7166e-06, 2.5314e-05, 1.3222e-06,
        3.2639e-05, 4.8432e-05, 1.4498e-05, 2.3031e-05, 1.8432e-05, 4.5700e-06,
        2.3881e-06, 3.0861e-06, 8.3175e-06, 1.2382e-04, 9.3907e-05, 1.3214e-04,
        3.4387e-05, 2.8632e-05, 1.8714e-05, 6.9578e-06, 1.2234e-04, 3.2280e-05,
        1.2338e-05, 1.8905e-05, 2.0342e-06, 1.9705e-05, 8.7976e-06, 3.0491e-07])//
train_examples$104000$10000.0//
train_loss$106000$3.019762357076009e-05//
train_individual_losses$106000$tensor([3.3537e-05, 5.2013e-06, 1.1710e-05, 9.8167e-06, 2.7632e-05, 4.5990e-07,
        3.5971e-05, 5.3032e-05, 1.5706e-05, 2.1490e-05, 2.0623e-05, 5.3131e-06,
        1.3704e-06, 8.9835e-07, 5.7413e-06, 1.2248e-04, 9.2384e-05, 1.3458e-04,
        2.7640e-05, 2.9632e-05, 2.0378e-05, 1.3451e-05, 1.2269e-04, 2.6948e-05,
        1.1746e-05, 1.7706e-05, 3.6451e-06, 2.1283e-05, 7.7087e-06, 5.1456e-06])//
train_examples$106000$10000.0//
train_loss$108000$2.9022502899169923e-05//
train_individual_losses$108000$tensor([2.5076e-05, 4.5179e-06, 1.1372e-05, 9.6450e-06, 2.8718e-05, 9.5326e-07,
        3.1011e-05, 5.0206e-05, 1.5150e-05, 1.8575e-05, 1.7465e-05, 6.1999e-06,
        3.1396e-06, 1.8076e-06, 8.1316e-06, 1.2124e-04, 8.9643e-05, 1.2957e-04,
        3.0849e-05, 2.7732e-05, 2.3526e-05, 7.3738e-06, 1.2087e-04, 2.5765e-05,
        9.1896e-06, 1.9973e-05, 2.3618e-06, 1.9639e-05, 1.0192e-05, 7.8112e-07])//
train_examples$108000$10000.0//
train_loss$110000$3.0045932133992512e-05//
train_individual_losses$110000$tensor([2.8099e-05, 1.8399e-06, 1.3683e-05, 1.0278e-05, 3.1155e-05, 4.5034e-07,
        3.0392e-05, 5.4407e-05, 1.4725e-05, 1.7605e-05, 1.8827e-05, 8.7339e-06,
        1.5071e-06, 1.2302e-06, 6.1768e-06, 1.2599e-04, 9.7587e-05, 1.3193e-04,
        3.3354e-05, 2.9067e-05, 1.7164e-05, 6.6809e-06, 1.2236e-04, 2.6224e-05,
        1.3311e-05, 1.9824e-05, 2.0753e-06, 1.9676e-05, 1.6687e-05, 3.3354e-07])//
train_examples$110000$10000.0//
train_loss$112000$2.896950403849284e-05//
train_individual_losses$112000$tensor([2.5992e-05, 1.9270e-06, 1.3468e-05, 9.0959e-06, 2.7636e-05, 6.1363e-07,
        3.0844e-05, 5.1036e-05, 1.6646e-05, 1.6877e-05, 1.6742e-05, 3.7253e-06,
        2.4468e-06, 3.5506e-06, 1.0651e-05, 1.2287e-04, 9.0517e-05, 1.2961e-04,
        2.8065e-05, 2.8898e-05, 2.4139e-05, 5.8589e-06, 1.2159e-04, 2.6607e-05,
        1.2004e-05, 1.5517e-05, 3.3014e-06, 1.9632e-05, 8.8638e-06, 3.5412e-07])//
train_examples$112000$10000.0//
train_loss$114000$3.094477653503418e-05//
train_individual_losses$114000$tensor([2.9987e-05, 3.0159e-06, 1.2458e-05, 1.0913e-05, 2.5569e-05, 2.1131e-05,
        4.4849e-05, 5.2125e-05, 1.5559e-05, 1.7543e-05, 1.7403e-05, 5.9041e-06,
        1.4531e-06, 1.5519e-06, 1.5578e-05, 1.1957e-04, 9.6812e-05, 1.3438e-04,
        3.1345e-05, 2.8232e-05, 1.8244e-05, 6.9449e-06, 1.2427e-04, 3.2891e-05,
        8.8533e-06, 1.8173e-05, 2.1188e-06, 2.0908e-05, 1.0314e-05, 2.5075e-07])//
train_examples$114000$10000.0//
train_loss$116000$2.8783623377482096e-05//
train_individual_losses$116000$tensor([2.7145e-05, 1.4820e-06, 1.2908e-05, 1.0057e-05, 2.6322e-05, 9.6921e-07,
        2.9600e-05, 5.3986e-05, 1.6007e-05, 1.7117e-05, 1.7489e-05, 3.4066e-06,
        2.4839e-06, 1.5351e-06, 7.5883e-06, 1.2055e-04, 9.5053e-05, 1.2941e-04,
        2.7948e-05, 2.8864e-05, 1.7543e-05, 6.5370e-06, 1.2382e-04, 2.6077e-05,
        9.3039e-06, 1.5983e-05, 2.0978e-06, 1.9119e-05, 1.2578e-05, 5.2961e-07])//
train_examples$116000$10000.0//
train_loss$118000$2.963549296061198e-05//
train_individual_losses$118000$tensor([2.4640e-05, 2.6753e-06, 1.3038e-05, 9.5931e-06, 2.5108e-05, 4.0385e-07,
        5.0080e-05, 5.1261e-05, 1.4664e-05, 1.7032e-05, 1.5603e-05, 4.0516e-06,
        1.9919e-06, 7.8654e-07, 5.5035e-06, 1.3061e-04, 8.8799e-05, 1.3225e-04,
        3.2196e-05, 2.7451e-05, 2.2445e-05, 6.7406e-06, 1.2177e-04, 2.8066e-05,
        1.0344e-05, 1.9348e-05, 2.5357e-06, 2.2501e-05, 7.3016e-06, 2.6872e-07])//
train_examples$118000$10000.0//
train_loss$120000$2.8545719782511394e-05//
train_individual_losses$120000$tensor([2.3366e-05, 2.6915e-06, 1.2034e-05, 9.8687e-06, 2.4707e-05, 3.8146e-07,
        3.3379e-05, 4.8003e-05, 1.4367e-05, 1.7183e-05, 1.6442e-05, 3.2532e-06,
        2.7842e-06, 1.1020e-06, 6.5485e-06, 1.1890e-04, 8.9811e-05, 1.3001e-04,
        2.8498e-05, 2.7676e-05, 2.5776e-05, 6.3018e-06, 1.2210e-04, 3.1082e-05,
        1.2981e-05, 1.6498e-05, 2.5136e-06, 1.9439e-05, 8.0297e-06, 6.4472e-07])//
train_examples$120000$10000.0//
train_loss$122000$2.927607536315918e-05//
train_individual_losses$122000$tensor([2.4905e-05, 2.8636e-06, 1.4122e-05, 1.0774e-05, 2.5026e-05, 6.9296e-07,
        3.9434e-05, 4.8311e-05, 1.4591e-05, 1.6551e-05, 1.5718e-05, 4.2911e-06,
        2.6455e-06, 1.2040e-06, 9.0353e-06, 1.2191e-04, 8.8747e-05, 1.3029e-04,
        2.7340e-05, 3.0956e-05, 1.5929e-05, 6.5971e-06, 1.2381e-04, 2.9475e-05,
        9.7146e-06, 2.4121e-05, 2.6478e-06, 2.0335e-05, 1.5877e-05, 3.6354e-07])//
train_examples$122000$10000.0//
train_loss$124000$2.8639758427937825e-05//
train_individual_losses$124000$tensor([2.3623e-05, 2.8993e-06, 1.1907e-05, 9.5814e-06, 2.4818e-05, 7.6068e-07,
        2.9365e-05, 5.2664e-05, 1.5570e-05, 1.9336e-05, 1.5155e-05, 5.3926e-06,
        1.4079e-06, 8.0317e-07, 5.3660e-06, 1.2316e-04, 9.2879e-05, 1.3975e-04,
        2.5628e-05, 2.8195e-05, 1.7617e-05, 6.4189e-06, 1.2258e-04, 2.6376e-05,
        9.1318e-06, 1.6064e-05, 1.8584e-06, 1.9975e-05, 8.9113e-06, 1.9941e-06])//
train_examples$124000$10000.0//
train_loss$126000$2.94551944732666e-05//
train_individual_losses$126000$tensor([2.5793e-05, 1.2595e-05, 1.1678e-05, 9.2972e-06, 3.2330e-05, 3.6902e-06,
        3.1814e-05, 4.8923e-05, 1.4877e-05, 1.7216e-05, 1.6622e-05, 3.4106e-06,
        1.8932e-06, 2.6335e-06, 6.0604e-06, 1.2263e-04, 9.1828e-05, 1.3378e-04,
        2.6278e-05, 2.8282e-05, 2.2787e-05, 6.3716e-06, 1.2362e-04, 2.6483e-05,
        8.8477e-06, 1.4790e-05, 6.8319e-06, 2.1344e-05, 1.0052e-05, 9.0327e-07])//
train_examples$126000$10000.0//
train_loss$128000$2.888493855794271e-05//
train_individual_losses$128000$tensor([2.6408e-05, 1.2186e-06, 1.3661e-05, 1.0096e-05, 2.5511e-05, 6.9805e-06,
        4.0717e-05, 5.0299e-05, 1.6453e-05, 1.7047e-05, 1.6173e-05, 3.3892e-06,
        1.8577e-06, 1.7529e-06, 6.6608e-06, 1.1904e-04, 8.9651e-05, 1.3298e-04,
        2.6173e-05, 2.8288e-05, 1.7094e-05, 5.8661e-06, 1.2178e-04, 2.6724e-05,
        9.0474e-06, 1.7071e-05, 7.0346e-06, 1.8214e-05, 9.2205e-06, 1.3893e-07])//
train_examples$128000$10000.0//
train_loss$130000$2.982980728149414e-05//
train_individual_losses$130000$tensor([2.7333e-05, 3.3357e-06, 1.1452e-05, 8.6380e-06, 2.6195e-05, 6.3718e-07,
        3.6398e-05, 4.8407e-05, 1.4217e-05, 1.6338e-05, 1.8194e-05, 2.9627e-06,
        1.8581e-06, 3.3564e-06, 5.0523e-06, 1.3541e-04, 8.7507e-05, 1.3230e-04,
        2.6663e-05, 3.2255e-05, 1.6786e-05, 2.1063e-05, 1.2343e-04, 3.1640e-05,
        9.4330e-06, 1.8679e-05, 7.9148e-06, 1.8209e-05, 8.3677e-06, 8.5658e-07])//
train_examples$130000$10000.0//
train_loss$132000$2.8814160029093423e-05//
train_individual_losses$132000$tensor([2.5277e-05, 2.6118e-06, 1.3552e-05, 9.5473e-06, 2.4860e-05, 3.9390e-07,
        3.3850e-05, 5.4442e-05, 1.4739e-05, 1.7511e-05, 1.4753e-05, 3.1720e-06,
        1.4759e-06, 8.6416e-07, 5.1833e-06, 1.2171e-04, 9.5958e-05, 1.3381e-04,
        2.7278e-05, 2.8023e-05, 1.8264e-05, 6.3930e-06, 1.2187e-04, 2.8498e-05,
        1.0047e-05, 1.6457e-05, 1.9198e-06, 1.9760e-05, 1.1928e-05, 2.6850e-07])//
train_examples$132000$10000.0//
train_loss$134000$2.8970403671264647e-05//
train_individual_losses$134000$tensor([2.8840e-05, 1.9637e-06, 1.2205e-05, 9.5372e-06, 2.7852e-05, 6.9961e-07,
        2.8694e-05, 5.2764e-05, 1.5036e-05, 1.7832e-05, 1.4302e-05, 5.1316e-06,
        1.3461e-06, 9.9728e-07, 4.9803e-06, 1.2325e-04, 9.4868e-05, 1.4050e-04,
        2.7112e-05, 2.8081e-05, 1.7995e-05, 6.1665e-06, 1.2519e-04, 2.7756e-05,
        8.8785e-06, 1.5756e-05, 1.7644e-06, 2.1414e-05, 7.9844e-06, 2.0931e-07])//
train_examples$134000$10000.0//
train_loss$136000$2.8692042032877605e-05//
train_individual_losses$136000$tensor([2.4767e-05, 2.6189e-06, 1.2678e-05, 8.9429e-06, 2.5649e-05, 2.9028e-07,
        2.9751e-05, 5.1082e-05, 1.4056e-05, 1.6737e-05, 1.4635e-05, 5.3236e-06,
        1.3701e-06, 1.8228e-06, 5.6169e-06, 1.2592e-04, 8.9859e-05, 1.3074e-04,
        2.8602e-05, 3.4117e-05, 1.8502e-05, 7.4355e-06, 1.2769e-04, 2.6240e-05,
        9.9602e-06, 1.5339e-05, 2.2097e-06, 1.9545e-05, 9.1652e-06, 9.7571e-08])//
train_examples$136000$10000.0//
train_loss$138000$2.926481564839681e-05//
train_individual_losses$138000$tensor([2.4291e-05, 1.9393e-06, 1.2259e-05, 9.6835e-06, 2.7366e-05, 3.8401e-07,
        3.1686e-05, 4.9786e-05, 1.6172e-05, 1.7190e-05, 1.5361e-05, 3.1344e-06,
        1.3923e-06, 5.2478e-06, 5.9618e-06, 1.2387e-04, 8.6901e-05, 1.4086e-04,
        3.8430e-05, 3.5156e-05, 1.5549e-05, 6.4600e-06, 1.2492e-04, 2.7246e-05,
        1.0291e-05, 1.5048e-05, 1.8514e-06, 2.1593e-05, 7.8294e-06, 8.4399e-08])//
train_examples$138000$10000.0//
train_loss$140000$2.906283378601074e-05//
train_individual_losses$140000$tensor([2.7498e-05, 1.6610e-06, 1.6261e-05, 8.3552e-06, 2.5059e-05, 3.8243e-06,
        3.0919e-05, 5.7666e-05, 1.4277e-05, 1.7344e-05, 1.3366e-05, 1.0043e-05,
        1.4585e-06, 6.2702e-07, 1.2347e-05, 1.2026e-04, 8.8254e-05, 1.3246e-04,
        2.6381e-05, 2.7673e-05, 2.4510e-05, 6.0245e-06, 1.2297e-04, 2.5809e-05,
        1.0210e-05, 1.6136e-05, 2.1568e-06, 1.9464e-05, 8.4275e-06, 4.4521e-07])//
train_examples$140000$10000.0//
train_loss$142000$2.8997008005777993e-05//
train_individual_losses$142000$tensor([2.7145e-05, 2.1836e-06, 1.4316e-05, 9.6018e-06, 2.5948e-05, 1.2186e-06,
        3.0329e-05, 5.0910e-05, 1.4659e-05, 1.7590e-05, 1.2718e-05, 4.4718e-06,
        1.7556e-06, 8.7233e-07, 5.1742e-06, 1.2095e-04, 8.8891e-05, 1.3164e-04,
        3.0502e-05, 2.8642e-05, 2.3643e-05, 6.2367e-06, 1.2235e-04, 2.8188e-05,
        1.2666e-05, 2.1518e-05, 1.8985e-06, 2.4570e-05, 8.6441e-06, 6.8437e-07])//
train_examples$142000$10000.0//
train_loss$144000$2.771092732747396e-05//
train_individual_losses$144000$tensor([2.4855e-05, 1.1374e-06, 1.3315e-05, 8.4818e-06, 2.4262e-05, 3.7499e-07,
        3.5107e-05, 5.0864e-05, 1.4594e-05, 1.6510e-05, 1.2623e-05, 2.8611e-06,
        1.2667e-06, 6.3168e-07, 6.7029e-06, 1.2101e-04, 8.7037e-05, 1.2929e-04,
        2.6601e-05, 2.7886e-05, 1.5017e-05, 6.0597e-06, 1.2183e-04, 2.8310e-05,
        9.1085e-06, 1.5350e-05, 2.1352e-06, 1.9933e-05, 8.0563e-06, 1.1239e-07])//
train_examples$144000$10000.0//
train_loss$146000$2.8670018513997395e-05//
train_individual_losses$146000$tensor([2.6230e-05, 1.4199e-06, 1.1926e-05, 8.2889e-06, 2.4433e-05, 2.6663e-06,
        3.6395e-05, 4.9957e-05, 1.4637e-05, 1.6861e-05, 1.2752e-05, 3.3584e-06,
        1.3634e-06, 8.1078e-07, 5.7006e-06, 1.2647e-04, 8.7803e-05, 1.3477e-04,
        3.8223e-05, 2.8091e-05, 1.7178e-05, 5.8748e-06, 1.2509e-04, 2.6298e-05,
        8.3485e-06, 1.4814e-05, 2.3172e-06, 1.9838e-05, 7.4911e-06, 6.9532e-07])//
train_examples$146000$10000.0//
train_loss$148000$2.8170382181803385e-05//
train_individual_losses$148000$tensor([2.4578e-05, 1.5637e-06, 1.2037e-05, 8.9228e-06, 2.4770e-05, 4.0135e-07,
        3.2747e-05, 5.1897e-05, 1.6019e-05, 1.7449e-05, 1.2222e-05, 3.2639e-06,
        1.7620e-06, 1.0295e-06, 6.0354e-06, 1.2472e-04, 8.6800e-05, 1.3620e-04,
        2.5001e-05, 2.8985e-05, 2.1690e-05, 6.4016e-06, 1.2288e-04, 2.5633e-05,
        8.0834e-06, 1.5527e-05, 2.1652e-06, 1.8377e-05, 7.8424e-06, 1.0931e-07])//
train_examples$148000$10000.0//
train_loss$150000$2.8550389607747397e-05//
train_individual_losses$150000$tensor([2.9035e-05, 3.4270e-06, 1.2676e-05, 9.6679e-06, 2.7939e-05, 1.3441e-06,
        3.0577e-05, 4.7271e-05, 1.5032e-05, 1.7973e-05, 1.4563e-05, 4.0804e-06,
        1.5934e-06, 2.4484e-06, 5.5098e-06, 1.2551e-04, 8.8363e-05, 1.2883e-04,
        2.7159e-05, 3.0357e-05, 1.6425e-05, 5.8340e-06, 1.2765e-04, 2.6841e-05,
        1.1300e-05, 1.5104e-05, 1.7443e-06, 2.0076e-05, 7.0069e-06, 1.1760e-06])//
train_examples$150000$10000.0//
train_loss$152000$2.774649937947591e-05//
train_individual_losses$152000$tensor([2.3983e-05, 1.1440e-06, 1.4029e-05, 9.4722e-06, 2.3969e-05, 2.7639e-07,
        2.8460e-05, 4.9937e-05, 1.3989e-05, 1.7084e-05, 1.3770e-05, 2.5357e-06,
        1.3809e-06, 9.2182e-07, 6.0695e-06, 1.1811e-04, 8.3254e-05, 1.3069e-04,
        2.9637e-05, 2.9194e-05, 1.4355e-05, 5.7041e-06, 1.2235e-04, 2.9312e-05,
        8.2107e-06, 1.5004e-05, 1.9860e-06, 2.0450e-05, 1.6999e-05, 1.2205e-07])//
train_examples$152000$10000.0//
train_loss$154000$2.8851877848307292e-05//
train_individual_losses$154000$tensor([3.5818e-05, 3.9258e-06, 1.1881e-05, 8.4381e-06, 2.6012e-05, 5.2357e-07,
        3.5499e-05, 5.2577e-05, 1.5582e-05, 1.6241e-05, 1.1064e-05, 4.7798e-06,
        1.3253e-06, 1.9454e-06, 6.7281e-06, 1.2068e-04, 8.3653e-05, 1.2927e-04,
        3.4636e-05, 3.5552e-05, 1.5404e-05, 8.3689e-06, 1.2118e-04, 2.8757e-05,
        8.9914e-06, 1.6865e-05, 3.9029e-06, 1.8600e-05, 6.8691e-06, 4.9442e-07])//
train_examples$154000$10000.0//
train_loss$156000$2.753999392191569e-05//
train_individual_losses$156000$tensor([2.3790e-05, 1.3033e-06, 1.1852e-05, 8.1938e-06, 2.5792e-05, 1.9405e-06,
        4.0804e-05, 5.0049e-05, 1.6041e-05, 1.7090e-05, 1.0545e-05, 2.7983e-06,
        2.8564e-06, 5.5620e-07, 5.8221e-06, 1.1957e-04, 7.9160e-05, 1.2872e-04,
        2.4792e-05, 2.7767e-05, 1.4966e-05, 7.3979e-06, 1.2222e-04, 2.5508e-05,
        9.4955e-06, 1.5451e-05, 2.3191e-06, 2.0108e-05, 8.1157e-06, 1.1726e-06])//
train_examples$156000$10000.0//
train_loss$158000$2.8296546936035156e-05//
train_individual_losses$158000$tensor([2.4223e-05, 1.2488e-06, 1.1397e-05, 8.5109e-06, 2.6254e-05, 2.7669e-07,
        3.6179e-05, 5.7821e-05, 1.6574e-05, 1.6585e-05, 1.1047e-05, 3.5183e-06,
        1.4799e-06, 8.1168e-07, 7.3105e-06, 1.2185e-04, 8.1349e-05, 1.3692e-04,
        2.4291e-05, 2.7649e-05, 1.3974e-05, 7.8087e-06, 1.2352e-04, 3.1190e-05,
        8.8532e-06, 1.4163e-05, 3.4002e-06, 2.0265e-05, 9.9943e-06, 4.3257e-07])//
train_examples$158000$10000.0//
train_loss$160000$2.7593104044596355e-05//
train_individual_losses$160000$tensor([2.4657e-05, 2.2802e-06, 1.3136e-05, 8.1261e-06, 2.4276e-05, 2.8568e-07,
        3.5540e-05, 4.8664e-05, 1.5929e-05, 1.7286e-05, 1.2290e-05, 2.7627e-06,
        2.5447e-06, 1.4084e-06, 4.6988e-06, 1.2007e-04, 7.6650e-05, 1.2827e-04,
        2.3996e-05, 3.0051e-05, 1.6904e-05, 6.1278e-06, 1.2070e-04, 2.5684e-05,
        8.4058e-06, 1.6146e-05, 1.7945e-06, 1.7146e-05, 2.1796e-05, 1.7283e-07])//
train_examples$160000$10000.0//
train_loss$162000$2.749995231628418e-05//
train_individual_losses$162000$tensor([1.8945e-05, 1.1496e-06, 1.1814e-05, 8.5614e-06, 2.4817e-05, 2.4976e-07,
        2.8911e-05, 5.1425e-05, 1.4366e-05, 2.2819e-05, 9.5774e-06, 4.8735e-06,
        1.1438e-06, 7.7960e-07, 7.6137e-06, 1.2372e-04, 7.8059e-05, 1.2760e-04,
        2.4359e-05, 2.8374e-05, 1.7409e-05, 5.9136e-06, 1.2118e-04, 2.6916e-05,
        9.0721e-06, 1.4775e-05, 2.0974e-06, 2.8745e-05, 7.0452e-06, 2.6889e-06])//
train_examples$162000$10000.0//
train_loss$164000$2.688323974609375e-05//
train_individual_losses$164000$tensor([3.3688e-05, 1.5448e-06, 1.3264e-05, 8.1414e-06, 2.4146e-05, 4.9255e-07,
        2.9935e-05, 4.8533e-05, 1.3789e-05, 1.7267e-05, 8.0497e-06, 3.0674e-06,
        1.2314e-06, 7.7063e-07, 5.0728e-06, 1.2081e-04, 7.4659e-05, 1.2771e-04,
        2.4201e-05, 2.8867e-05, 1.4755e-05, 6.0767e-06, 1.2049e-04, 2.8747e-05,
        8.8241e-06, 1.6170e-05, 1.9562e-06, 1.6995e-05, 6.8715e-06, 3.7099e-07])//
train_examples$164000$10000.0//
train_loss$166000$2.7482223510742187e-05//
train_individual_losses$166000$tensor([1.4902e-05, 1.1260e-06, 1.1720e-05, 7.9885e-06, 3.0553e-05, 1.7492e-06,
        3.2297e-05, 4.9296e-05, 2.0871e-05, 1.9118e-05, 8.3342e-06, 2.7545e-06,
        1.4033e-06, 7.4718e-07, 5.0896e-06, 1.2058e-04, 7.4766e-05, 1.3196e-04,
        2.3815e-05, 2.7466e-05, 1.4754e-05, 1.7329e-05, 1.2491e-04, 2.5939e-05,
        9.0428e-06, 1.5166e-05, 3.3586e-06, 2.0170e-05, 7.1293e-06, 1.3465e-07])//
train_examples$166000$10000.0//
train_loss$168000$2.7759774525960288e-05//
train_individual_losses$168000$tensor([1.7038e-05, 3.2050e-06, 1.2617e-05, 8.2684e-06, 2.6563e-05, 7.2665e-07,
        2.8361e-05, 4.8652e-05, 1.4625e-05, 1.7438e-05, 7.0786e-06, 2.7556e-06,
        7.6836e-06, 9.6479e-07, 4.3577e-06, 1.2507e-04, 7.3656e-05, 1.3068e-04,
        3.0609e-05, 2.8467e-05, 2.1328e-05, 1.0700e-05, 1.2314e-04, 2.5336e-05,
        9.1459e-06, 1.3829e-05, 1.2293e-05, 1.7651e-05, 1.0404e-05, 1.5345e-07])//
train_examples$168000$10000.0//
train_loss$170000$2.8543701171875e-05//
train_individual_losses$170000$tensor([1.5212e-05, 1.7149e-06, 1.2453e-05, 9.1318e-06, 2.4903e-05, 3.8553e-07,
        4.4535e-05, 4.9531e-05, 1.4618e-05, 1.7607e-05, 7.1261e-06, 2.8093e-06,
        1.0909e-06, 8.1932e-07, 5.9796e-06, 1.1949e-04, 7.3213e-05, 1.3071e-04,
        2.6010e-05, 2.9447e-05, 1.5694e-05, 3.4057e-05, 1.2245e-04, 2.6582e-05,
        9.2505e-06, 2.0387e-05, 6.2701e-06, 1.7206e-05, 1.7560e-05, 7.4061e-08])//
train_examples$170000$10000.0//
train_loss$172000$2.766161282857259e-05//
train_individual_losses$172000$tensor([1.9189e-05, 1.3048e-06, 1.1527e-05, 9.6957e-06, 2.8046e-05, 2.3295e-06,
        2.8263e-05, 4.7810e-05, 1.4140e-05, 1.6719e-05, 1.2955e-05, 3.8834e-06,
        1.0973e-06, 1.0904e-06, 5.2568e-06, 1.2528e-04, 7.2540e-05, 1.3948e-04,
        2.3931e-05, 2.8249e-05, 1.4968e-05, 5.8650e-06, 1.2609e-04, 3.3852e-05,
        1.0103e-05, 1.6019e-05, 2.1807e-06, 1.9275e-05, 8.3126e-06, 4.0280e-07])//
train_examples$172000$10000.0//
train_loss$174000$2.741805076599121e-05//
train_individual_losses$174000$tensor([2.1444e-05, 1.0993e-06, 1.3026e-05, 7.4902e-06, 2.3542e-05, 2.3249e-07,
        3.1676e-05, 4.9194e-05, 1.8023e-05, 2.1529e-05, 8.3972e-06, 3.0461e-06,
        1.0130e-06, 1.7374e-06, 4.3977e-06, 1.2431e-04, 6.9780e-05, 1.3554e-04,
        2.4404e-05, 2.8901e-05, 1.3648e-05, 7.7233e-06, 1.2263e-04, 2.7030e-05,
        8.4269e-06, 2.2669e-05, 2.6458e-06, 1.8655e-05, 7.3888e-06, 2.9412e-06])//
train_examples$174000$10000.0//
train_loss$176000$2.6552840868632e-05//
train_individual_losses$176000$tensor([1.4859e-05, 1.7439e-06, 1.6128e-05, 7.0946e-06, 2.4778e-05, 2.3710e-07,
        3.5010e-05, 4.8924e-05, 1.4627e-05, 1.7941e-05, 7.9939e-06, 3.5619e-06,
        4.0719e-06, 1.8602e-06, 4.9660e-06, 1.1811e-04, 6.8485e-05, 1.3020e-04,
        2.4043e-05, 2.8734e-05, 1.5932e-05, 5.6141e-06, 1.2094e-04, 2.5433e-05,
        8.9651e-06, 1.4415e-05, 3.9063e-06, 1.8179e-05, 9.5759e-06, 2.5629e-07])//
train_examples$176000$10000.0//
train_loss$178000$2.9594351450602214e-05//
train_individual_losses$178000$tensor([1.5371e-05, 3.7677e-05, 1.1425e-05, 7.4477e-06, 2.8990e-05, 3.1677e-07,
        3.3780e-05, 5.3608e-05, 2.1978e-05, 2.1222e-05, 5.4734e-06, 2.8778e-06,
        1.5734e-06, 1.5477e-06, 7.3056e-06, 1.2658e-04, 6.6942e-05, 1.3459e-04,
        2.3825e-05, 2.8381e-05, 1.8248e-05, 1.1419e-05, 1.2614e-04, 2.8988e-05,
        8.6863e-06, 1.9693e-05, 5.0142e-06, 3.1510e-05, 6.8611e-06, 3.5300e-07])//
train_examples$178000$10000.0//
train_loss$180000$2.730865478515625e-05//
train_individual_losses$180000$tensor([1.4891e-05, 4.7751e-06, 1.2301e-05, 6.8980e-06, 2.7961e-05, 3.3152e-07,
        3.3527e-05, 4.7595e-05, 1.3686e-05, 1.6429e-05, 5.6562e-06, 4.7734e-06,
        9.1247e-07, 9.8631e-07, 5.8962e-06, 1.1846e-04, 6.5001e-05, 1.2822e-04,
        2.4521e-05, 3.0277e-05, 1.6734e-05, 7.2036e-06, 1.2257e-04, 3.4793e-05,
        9.9825e-06, 1.5449e-05, 2.1921e-06, 1.7217e-05, 2.9455e-05, 5.6459e-07])//
train_examples$180000$10000.0//
train_loss$182000$2.7256752649943032e-05//
train_individual_losses$182000$tensor([1.5774e-05, 9.4226e-07, 1.3863e-05, 6.8570e-06, 2.5654e-05, 3.3799e-07,
        3.1298e-05, 5.0361e-05, 1.4151e-05, 1.7708e-05, 9.0051e-06, 3.9336e-06,
        1.2349e-06, 5.1917e-07, 5.9688e-06, 1.2128e-04, 6.5540e-05, 1.3642e-04,
        2.4203e-05, 2.7621e-05, 1.4119e-05, 5.8095e-06, 1.2243e-04, 3.6103e-05,
        9.0304e-06, 2.2951e-05, 2.5021e-06, 2.5143e-05, 6.8590e-06, 8.1660e-08])//
train_examples$182000$10000.0//
train_loss$184000$2.6814813613891603e-05//
train_individual_losses$184000$tensor([1.6969e-05, 8.1113e-06, 1.1533e-05, 7.1089e-06, 2.4363e-05, 1.1134e-06,
        3.3509e-05, 4.8873e-05, 1.4053e-05, 1.6226e-05, 5.1200e-06, 2.7286e-06,
        8.8745e-07, 5.4790e-07, 7.1358e-06, 1.1971e-04, 6.4350e-05, 1.2833e-04,
        2.4941e-05, 2.7331e-05, 1.7825e-05, 8.5158e-06, 1.2179e-04, 2.5679e-05,
        8.0547e-06, 1.6066e-05, 6.9619e-06, 2.7226e-05, 9.2306e-06, 1.5446e-07])//
train_examples$184000$10000.0//
train_loss$186000$2.6577990849812826e-05//
train_individual_losses$186000$tensor([1.5338e-05, 1.4642e-06, 1.1686e-05, 7.1748e-06, 3.7098e-05, 6.3829e-07,
        3.0302e-05, 4.7958e-05, 1.3817e-05, 1.6134e-05, 5.5210e-06, 2.4901e-06,
        7.9052e-07, 2.2136e-06, 5.7809e-06, 1.2074e-04, 6.7205e-05, 1.2859e-04,
        2.3959e-05, 2.7405e-05, 1.4679e-05, 5.5572e-06, 1.2104e-04, 2.9997e-05,
        8.5132e-06, 1.9784e-05, 1.7924e-06, 1.9284e-05, 9.9233e-06, 4.6361e-07])//
train_examples$186000$10000.0//
train_loss$188000$2.66773255666097e-05//
train_individual_losses$188000$tensor([1.4993e-05, 1.2673e-06, 1.4627e-05, 5.6206e-06, 2.3548e-05, 2.3289e-07,
        2.8081e-05, 4.9432e-05, 1.5007e-05, 1.6316e-05, 7.6990e-06, 2.8230e-06,
        6.4658e-06, 5.4604e-07, 4.2400e-06, 1.1863e-04, 6.5694e-05, 1.2838e-04,
        2.4019e-05, 2.8607e-05, 2.4013e-05, 5.8179e-06, 1.2079e-04, 2.9051e-05,
        9.9922e-06, 1.5109e-05, 1.9309e-06, 1.9592e-05, 7.1252e-06, 1.0662e-05])//
train_examples$188000$10000.0//
train_loss$190000$2.6056230862935383e-05//
train_individual_losses$190000$tensor([1.9086e-05, 1.2137e-06, 1.1740e-05, 5.1708e-06, 2.4550e-05, 1.5938e-06,
        3.5049e-05, 4.8578e-05, 1.4124e-05, 1.6495e-05, 5.5951e-06, 2.9900e-06,
        8.7830e-07, 6.6272e-07, 4.2124e-06, 1.1782e-04, 6.4336e-05, 1.2945e-04,
        2.4814e-05, 2.9325e-05, 1.7553e-05, 5.9837e-06, 1.2144e-04, 2.6679e-05,
        9.0686e-06, 1.4912e-05, 1.8669e-06, 1.7119e-05, 7.2883e-06, 2.0882e-06])//
train_examples$190000$10000.0//
train_loss$192000$2.72441037495931e-05//
train_individual_losses$192000$tensor([1.5055e-05, 1.9213e-06, 1.1796e-05, 5.1405e-06, 3.3712e-05, 2.6421e-07,
        2.8014e-05, 4.9395e-05, 1.5258e-05, 1.6645e-05, 6.9458e-06, 5.9631e-06,
        7.7839e-07, 1.4017e-06, 4.5053e-06, 1.2388e-04, 6.2826e-05, 1.3232e-04,
        3.0638e-05, 2.9098e-05, 2.1642e-05, 8.2305e-06, 1.2248e-04, 2.7194e-05,
        1.0898e-05, 1.5257e-05, 2.2058e-06, 2.5647e-05, 8.0248e-06, 1.8597e-07])//
train_examples$192000$10000.0//
train_loss$194000$2.7361618677775065e-05//
train_individual_losses$194000$tensor([1.4792e-05, 5.0852e-06, 1.1349e-05, 5.0431e-06, 3.2894e-05, 1.5153e-06,
        2.9881e-05, 5.3728e-05, 1.4196e-05, 1.6224e-05, 4.7202e-06, 1.5716e-05,
        6.3214e-07, 4.6645e-07, 4.0588e-06, 1.2289e-04, 6.3803e-05, 1.4008e-04,
        2.4626e-05, 3.2255e-05, 1.3953e-05, 8.1658e-06, 1.2718e-04, 2.6697e-05,
        8.4065e-06, 1.6005e-05, 1.7038e-06, 1.7121e-05, 7.3029e-06, 3.5672e-07])//
train_examples$194000$10000.0//
train_loss$196000$2.5609067281087238e-05//
train_individual_losses$196000$tensor([1.4360e-05, 3.2455e-06, 1.2614e-05, 5.6961e-06, 2.5119e-05, 6.2813e-07,
        3.1052e-05, 4.8141e-05, 1.3956e-05, 1.6301e-05, 8.7809e-06, 2.5357e-06,
        9.7470e-07, 4.0759e-06, 5.2803e-06, 1.1716e-04, 6.1517e-05, 1.2750e-04,
        2.3191e-05, 2.8463e-05, 1.4686e-05, 6.1848e-06, 1.2055e-04, 2.5378e-05,
        1.0765e-05, 1.4272e-05, 1.7783e-06, 1.6710e-05, 7.1386e-06, 2.2263e-07])//
train_examples$196000$10000.0//
train_loss$198000$2.727776845296224e-05//
train_individual_losses$198000$tensor([1.6464e-05, 2.4737e-06, 1.2212e-05, 5.8866e-06, 3.1788e-05, 2.2075e-06,
        2.8402e-05, 4.9220e-05, 1.3941e-05, 1.6468e-05, 6.2603e-06, 3.6802e-06,
        8.8515e-07, 1.1568e-06, 6.6457e-06, 1.2373e-04, 6.1285e-05, 1.3610e-04,
        2.3768e-05, 3.0188e-05, 1.9520e-05, 5.5474e-06, 1.2411e-04, 4.3988e-05,
        8.2756e-06, 1.4125e-05, 1.7132e-06, 1.9475e-05, 7.9996e-06, 8.2295e-07])//
train_examples$198000$10000.0//
train_loss$200000$2.786977450052897e-05//
train_individual_losses$200000$tensor([1.6222e-05, 1.1568e-06, 1.4185e-05, 5.7343e-06, 2.8544e-05, 2.1011e-06,
        2.7829e-05, 5.1023e-05, 1.4072e-05, 1.6677e-05, 4.9233e-06, 5.2471e-06,
        1.1171e-06, 6.7595e-07, 4.7926e-06, 1.3044e-04, 6.0408e-05, 1.4596e-04,
        2.4135e-05, 2.7410e-05, 3.2914e-05, 5.4689e-06, 1.2702e-04, 2.6481e-05,
        8.8562e-06, 1.9212e-05, 1.9113e-06, 2.4446e-05, 6.8279e-06, 2.9784e-07])//
train_examples$200000$10000.0