train_loss$0$185.29464//
train_individual_losses$0$tensor([147.7997, 157.6373, 167.6765, 193.2971, 162.8470, 198.6547, 198.9305,
        210.6978, 190.3826, 186.7841, 201.0481, 179.5624, 188.4717, 189.2455,
        168.8556, 165.7591, 202.5950, 190.3776, 217.3414, 187.9290])//
train_examples$0$60000.0//
train_loss$9400$10.31855//
train_individual_losses$9400$tensor([ 9.6383,  9.0537, 10.2612, 11.3093, 11.0625, 10.5718, 10.7882,  9.3035,
        10.1924, 10.7561,  9.6360,  9.5908,  9.7767, 10.8793, 11.0034, 11.4814,
        11.1431,  9.4412, 11.4796,  9.0025])//
train_examples$9400$60000.0//
train_loss$18800$8.253346666666667//
train_individual_losses$18800$tensor([ 7.3170,  7.0352,  8.1668,  9.1338,  9.1066,  8.7478,  8.9434,  7.2234,
         8.3531,  8.5050,  7.0835,  6.9598,  7.6080,  8.9952,  9.0310, 10.0482,
         9.0843,  7.1716,  9.4703,  7.0829])//
train_examples$18800$60000.0//
train_loss$28200$7.249258333333334//
train_individual_losses$28200$tensor([6.0679, 6.2454, 6.7046, 8.2246, 8.2187, 7.7626, 8.1525, 6.2824, 7.3741,
        7.5527, 5.7633, 5.4647, 6.6571, 7.8466, 8.0500, 9.3023, 8.1750, 6.2775,
        8.5660, 6.2973])//
train_examples$28200$60000.0//
train_loss$37600$6.61876//
train_individual_losses$37600$tensor([5.3049, 5.7098, 6.0035, 7.6015, 7.5498, 7.2424, 7.6951, 5.6147, 6.7289,
        7.0325, 4.8428, 4.6533, 6.0347, 7.2360, 7.5018, 8.6597, 7.5754, 5.7446,
        7.8818, 5.7621])//
train_examples$37600$60000.0//
train_loss$47000$6.16420375//
train_individual_losses$47000$tensor([4.9163, 5.2694, 5.5691, 7.0515, 6.9489, 6.7675, 7.3954, 5.1355, 6.1573,
        6.6628, 4.2534, 4.1848, 5.6360, 6.8531, 7.1491, 8.1710, 7.1862, 5.4082,
        7.3307, 5.2378])//
train_examples$47000$60000.0//
train_loss$56400$5.7617658333333335//
train_individual_losses$56400$tensor([4.5332, 4.8649, 5.2303, 6.5525, 6.4935, 6.3282, 7.1185, 4.7341, 5.6331,
        6.3629, 3.8911, 3.7502, 5.3209, 6.5271, 6.7593, 7.7205, 6.8406, 5.0868,
        6.8208, 4.6667])//
train_examples$56400$60000.0//
train_loss$65800$5.442175416666666//
train_individual_losses$65800$tensor([4.2686, 4.4676, 4.9616, 6.2485, 6.1224, 6.0546, 6.8524, 4.3977, 5.2016,
        6.1062, 3.6022, 3.3790, 5.0824, 6.2807, 6.4203, 7.4098, 6.5439, 4.8225,
        6.4368, 4.1846])//
train_examples$65800$60000.0//
train_loss$75200$5.16845625//
train_individual_losses$75200$tensor([4.0628, 4.0664, 4.7341, 6.0146, 5.8396, 5.8537, 6.5931, 4.1178, 4.8412,
        5.8907, 3.3277, 3.0906, 4.8726, 6.0880, 6.1594, 7.1492, 6.2734, 4.5652,
        6.1026, 3.7263])//
train_examples$75200$60000.0//
train_loss$84600$4.927958333333334//
train_individual_losses$84600$tensor([3.9045, 3.7718, 4.5229, 5.8078, 5.5778, 5.6629, 6.3885, 3.8137, 4.4411,
        5.6696, 3.0019, 2.8943, 4.7020, 5.9100, 5.9335, 6.9337, 6.0797, 4.3325,
        5.8214, 3.3894])//
train_examples$84600$60000.0//
train_loss$94000$4.69764875//
train_individual_losses$94000$tensor([3.7462, 3.5533, 4.3446, 5.5134, 5.3852, 5.4867, 6.2250, 3.5119, 4.0526,
        5.4008, 2.6504, 2.7331, 4.5706, 5.7243, 5.7307, 6.7126, 5.9170, 4.0685,
        5.5476, 3.0785])//
train_examples$94000$60000.0//
train_loss$103400$4.482248333333334//
train_individual_losses$103400$tensor([3.6045, 3.3741, 4.1883, 5.2863, 5.1044, 5.3349, 6.0811, 3.2950, 3.6412,
        5.1299, 2.2986, 2.5910, 4.4510, 5.5572, 5.5543, 6.4884, 5.7920, 3.8422,
        5.2590, 2.7717])//
train_examples$103400$60000.0//
train_loss$112800$4.309547916666666//
train_individual_losses$112800$tensor([3.4881, 3.2226, 4.0356, 5.1330, 4.8957, 5.2117, 5.9344, 3.1184, 3.3025,
        4.8893, 2.0269, 2.4781, 4.3509, 5.3895, 5.3952, 6.3074, 5.6814, 3.6884,
        5.0916, 2.5505])//
train_examples$112800$60000.0//
train_loss$122200$4.15769//
train_individual_losses$122200$tensor([3.3838, 3.0690, 3.8631, 5.0221, 4.7182, 5.1097, 5.7378, 2.9618, 3.0250,
        4.6851, 1.8007, 2.3775, 4.2538, 5.2438, 5.2362, 6.1621, 5.5656, 3.5761,
        4.9715, 2.3909])//
train_examples$122200$60000.0//
train_loss$131600$4.021893333333334//
train_individual_losses$131600$tensor([3.2946, 2.9375, 3.7235, 4.9470, 4.5352, 5.0176, 5.5011, 2.8543, 2.8030,
        4.5060, 1.5880, 2.2852, 4.1571, 5.1073, 5.1036, 6.0347, 5.4624, 3.4809,
        4.8863, 2.2126])//
train_examples$131600$60000.0//
train_loss$141000$3.8938616666666666//
train_individual_losses$141000$tensor([3.2196, 2.7799, 3.5937, 4.8622, 4.3294, 4.9414, 5.2653, 2.7310, 2.6344,
        4.3600, 1.4156, 2.1952, 4.0732, 4.9786, 4.9662, 5.9190, 5.3571, 3.3974,
        4.8044, 2.0535])//
train_examples$141000$60000.0//
train_loss$150400$3.7787745833333335//
train_individual_losses$150400$tensor([3.1186, 2.5974, 3.5079, 4.7959, 4.1664, 4.8682, 5.0917, 2.6469, 2.5025,
        4.2241, 1.2781, 2.0864, 3.9773, 4.8686, 4.8496, 5.7962, 5.2752, 3.3296,
        4.7363, 1.8585])//
train_examples$150400$60000.0//
train_loss$159800$3.67334//
train_individual_losses$159800$tensor([2.9821, 2.4371, 3.4254, 4.7291, 4.0120, 4.8135, 4.9365, 2.5559, 2.3636,
        4.1025, 1.1657, 1.9959, 3.9019, 4.7590, 4.7506, 5.6780, 5.2285, 3.2743,
        4.6763, 1.6787])//
train_examples$159800$60000.0//
train_loss$169200$3.5778416666666666//
train_individual_losses$169200$tensor([2.8661, 2.2144, 3.3707, 4.6771, 3.8848, 4.7672, 4.8254, 2.4849, 2.2448,
        3.9842, 1.0584, 1.9065, 3.8391, 4.6584, 4.6610, 5.5833, 5.1470, 3.2122,
        4.6218, 1.5495])//
train_examples$169200$60000.0//
train_loss$178600$3.4965220833333333//
train_individual_losses$178600$tensor([2.7984, 2.0511, 3.3156, 4.6172, 3.7816, 4.7291, 4.7242, 2.4157, 2.1492,
        3.8906, 0.9739, 1.8271, 3.7585, 4.5499, 4.5799, 5.4810, 5.0848, 3.1499,
        4.5889, 1.4636])//
train_examples$178600$60000.0//
train_loss$188000$3.42431//
train_individual_losses$188000$tensor([2.7402, 1.9284, 3.2792, 4.5690, 3.6797, 4.6953, 4.6426, 2.3492, 2.0755,
        3.7929, 0.9091, 1.7589, 3.6411, 4.4519, 4.5180, 5.4039, 5.0324, 3.0988,
        4.5263, 1.3938])//
train_examples$188000$60000.0//
train_loss$197400$3.356727916666667//
train_individual_losses$197400$tensor([2.6975, 1.8320, 3.2339, 4.5135, 3.5867, 4.6374, 4.5600, 2.2802, 2.0166,
        3.7027, 0.8639, 1.7028, 3.4952, 4.3697, 4.4512, 5.3172, 4.9975, 3.0538,
        4.4859, 1.3369])//
train_examples$197400$60000.0//
train_loss$206800$3.2904529166666667//
train_individual_losses$206800$tensor([2.6582, 1.7335, 3.1946, 4.4636, 3.4804, 4.5786, 4.4472, 2.2245, 1.9643,
        3.6236, 0.8330, 1.6423, 3.3862, 4.2745, 4.3814, 5.2252, 4.9309, 3.0094,
        4.4596, 1.2982])//
train_examples$206800$60000.0//
train_loss$216200$3.2312727083333335//
train_individual_losses$216200$tensor([2.6084, 1.6218, 3.1499, 4.4229, 3.3852, 4.5227, 4.3539, 2.1714, 1.9211,
        3.5362, 0.8041, 1.5970, 3.2975, 4.1938, 4.3203, 5.1652, 4.9039, 2.9641,
        4.4234, 1.2626])//
train_examples$216200$60000.0//
train_loss$225600$3.1658835416666666//
train_individual_losses$225600$tensor([2.5468, 1.4759, 3.0960, 4.3684, 3.3031, 4.4808, 4.2450, 2.1169, 1.8776,
        3.4273, 0.7627, 1.5571, 3.2034, 4.1026, 4.2467, 5.0834, 4.8612, 2.9257,
        4.3956, 1.2412])//
train_examples$225600$60000.0//
train_loss$235000$3.1037960416666666//
train_individual_losses$235000$tensor([2.4903, 1.3184, 3.0594, 4.3163, 3.2157, 4.4329, 4.1248, 2.0734, 1.8409,
        3.3342, 0.7075, 1.5225, 3.1185, 4.0254, 4.1767, 5.0218, 4.8234, 2.8798,
        4.3735, 1.2206])//
train_examples$235000$60000.0//
train_loss$244400$3.04525625//
train_individual_losses$244400$tensor([2.4616, 1.1753, 3.0287, 4.2663, 3.1399, 4.3250, 4.0001, 2.0351, 1.8007,
        3.2503, 0.6423, 1.4930, 3.0594, 3.9503, 4.0915, 4.9630, 4.8024, 2.8508,
        4.3660, 1.2034])//
train_examples$244400$60000.0//
train_loss$253800$2.9925772916666666//
train_individual_losses$253800$tensor([2.4064, 1.0754, 2.9987, 4.2267, 3.0591, 4.2086, 3.9216, 1.9936, 1.7603,
        3.1895, 0.5957, 1.4780, 3.0133, 3.8512, 4.0153, 4.9200, 4.8017, 2.8219,
        4.3248, 1.1895])//
train_examples$253800$60000.0//
train_loss$263200$2.9404666666666666//
train_individual_losses$263200$tensor([2.3675, 0.9971, 2.9803, 4.1758, 2.9809, 4.1288, 3.8335, 1.9496, 1.7234,
        3.1467, 0.5352, 1.4520, 2.9741, 3.7379, 3.9486, 4.8700, 4.7555, 2.7921,
        4.2834, 1.1771])//
train_examples$263200$60000.0//
train_loss$272600$2.894087916666667//
train_individual_losses$272600$tensor([2.3287, 0.9330, 2.9510, 4.1188, 2.9236, 4.0692, 3.7559, 1.9092, 1.6945,
        3.1028, 0.4605, 1.4339, 2.9409, 3.6612, 3.8387, 4.7994, 4.7521, 2.7691,
        4.2699, 1.1693])//
train_examples$272600$60000.0//
train_loss$282000$2.85237625//
train_individual_losses$282000$tensor([2.2759, 0.8800, 2.9329, 4.0953, 2.8658, 4.0234, 3.6918, 1.8564, 1.6679,
        3.0656, 0.4139, 1.4240, 2.8959, 3.5780, 3.7491, 4.7616, 4.7271, 2.7484,
        4.2399, 1.1547])//
train_examples$282000$60000.0//
train_loss$291400$2.8082002083333335//
train_individual_losses$291400$tensor([2.1836, 0.8355, 2.9061, 4.0144, 2.8194, 3.9814, 3.6310, 1.8005, 1.6400,
        3.0403, 0.3820, 1.4088, 2.8705, 3.5181, 3.6543, 4.7019, 4.6971, 2.7218,
        4.2121, 1.1454])//
train_examples$291400$60000.0//
train_loss$300800$2.768642916666667//
train_individual_losses$300800$tensor([2.0819, 0.7963, 2.8814, 3.9451, 2.7848, 3.9425, 3.5634, 1.7561, 1.6157,
        3.0046, 0.3632, 1.3918, 2.8410, 3.4424, 3.5803, 4.6660, 4.6722, 2.7049,
        4.2007, 1.1386])//
train_examples$300800$60000.0//
train_loss$310200$2.7336845833333334//
train_individual_losses$310200$tensor([1.9988, 0.7609, 2.8650, 3.8946, 2.7665, 3.8927, 3.5220, 1.6865, 1.5889,
        2.9777, 0.3488, 1.3797, 2.8110, 3.3716, 3.5132, 4.6423, 4.6758, 2.6911,
        4.1639, 1.1227])//
train_examples$310200$60000.0//
train_loss$319600$2.6980341666666665//
train_individual_losses$319600$tensor([1.9237, 0.7361, 2.8414, 3.8520, 2.7181, 3.8618, 3.4665, 1.6337, 1.5653,
        2.9514, 0.3393, 1.3605, 2.7844, 3.3110, 3.4547, 4.6099, 4.6540, 2.6611,
        4.1225, 1.1132])//
train_examples$319600$60000.0//
train_loss$329000$2.6660554166666666//
train_individual_losses$329000$tensor([1.8754, 0.7127, 2.8275, 3.8021, 2.6877, 3.8288, 3.3977, 1.5716, 1.5471,
        2.9241, 0.3285, 1.3565, 2.7538, 3.2626, 3.3819, 4.5880, 4.6469, 2.6437,
        4.0795, 1.1048])//
train_examples$329000$60000.0//
train_loss$338400$2.63657875//
train_individual_losses$338400$tensor([1.8193, 0.6966, 2.8107, 3.7586, 2.6631, 3.8068, 3.3506, 1.5206, 1.5238,
        2.9210, 0.3208, 1.3414, 2.7261, 3.2148, 3.3184, 4.5523, 4.6215, 2.6350,
        4.0325, 1.0977])//
train_examples$338400$60000.0//
train_loss$347800$2.6051504166666666//
train_individual_losses$347800$tensor([1.7354, 0.6843, 2.7931, 3.7035, 2.6411, 3.7874, 3.2929, 1.4775, 1.5106,
        2.8891, 0.3145, 1.3229, 2.7167, 3.1729, 3.2457, 4.5203, 4.5969, 2.6121,
        3.9945, 1.0917])//
train_examples$347800$60000.0//
train_loss$357200$2.5770554166666666//
train_individual_losses$357200$tensor([1.6713, 0.6718, 2.7825, 3.6622, 2.6260, 3.7581, 3.2442, 1.4384, 1.4886,
        2.8529, 0.3038, 1.3111, 2.6766, 3.1338, 3.1874, 4.4963, 4.5904, 2.6008,
        3.9586, 1.0865])//
train_examples$357200$60000.0//
train_loss$366600$2.553709583333333//
train_individual_losses$366600$tensor([1.6213, 0.6613, 2.7659, 3.6191, 2.6133, 3.7286, 3.2153, 1.4098, 1.4752,
        2.8303, 0.2971, 1.2950, 2.6567, 3.1161, 3.1399, 4.4645, 4.5817, 2.5855,
        3.9261, 1.0716])//
train_examples$366600$60000.0//
train_loss$376000$2.531276875//
train_individual_losses$376000$tensor([1.5845, 0.6484, 2.7624, 3.5729, 2.5947, 3.7081, 3.1740, 1.3868, 1.4611,
        2.8033, 0.2929, 1.2781, 2.6282, 3.0862, 3.0880, 4.4392, 4.5817, 2.5781,
        3.8898, 1.0673])//
train_examples$376000$60000.0//
train_loss$385400$2.5117025//
train_individual_losses$385400$tensor([1.5628, 0.6388, 2.7422, 3.5383, 2.5886, 3.6929, 3.1371, 1.3759, 1.4479,
        2.7647, 0.2877, 1.2686, 2.6094, 3.0648, 3.0423, 4.4119, 4.5675, 2.5686,
        3.8619, 1.0621])//
train_examples$385400$60000.0//
train_loss$394800$2.4881254166666666//
train_individual_losses$394800$tensor([1.5477, 0.6303, 2.7333, 3.4889, 2.5717, 3.6640, 3.1057, 1.3503, 1.4321,
        2.7282, 0.2768, 1.2615, 2.5740, 3.0374, 3.0031, 4.3830, 4.5395, 2.5494,
        3.8324, 1.0532])//
train_examples$394800$60000.0//
train_loss$404200$2.4710385416666667//
train_individual_losses$404200$tensor([1.5327, 0.6218, 2.7172, 3.4616, 2.5573, 3.6489, 3.0756, 1.3377, 1.4247,
        2.6869, 0.2670, 1.2514, 2.5452, 3.0311, 2.9679, 4.3613, 4.5343, 2.5400,
        3.8089, 1.0492])//
train_examples$404200$60000.0//
train_loss$413600$2.45373125//
train_individual_losses$413600$tensor([1.5230, 0.6192, 2.7071, 3.4226, 2.5423, 3.6174, 3.0549, 1.3285, 1.4126,
        2.6388, 0.2568, 1.2502, 2.5279, 3.0097, 2.9332, 4.3382, 4.5277, 2.5259,
        3.7921, 1.0466])//
train_examples$413600$60000.0//
train_loss$423000$2.4368847916666665//
train_individual_losses$423000$tensor([1.5104, 0.6091, 2.6990, 3.3790, 2.5423, 3.6045, 3.0302, 1.3152, 1.4069,
        2.5934, 0.2421, 1.2341, 2.5001, 2.9973, 2.9172, 4.3097, 4.5283, 2.5185,
        3.7610, 1.0392])//
train_examples$423000$60000.0//
train_loss$432400$2.4225604166666668//
train_individual_losses$432400$tensor([1.4961, 0.6029, 2.6876, 3.3435, 2.5292, 3.5745, 3.0189, 1.3057, 1.3974,
        2.5576, 0.2311, 1.2477, 2.4815, 2.9877, 2.8827, 4.2945, 4.5210, 2.5075,
        3.7459, 1.0383])//
train_examples$432400$60000.0//
train_loss$441800$2.4055527083333335//
train_individual_losses$441800$tensor([1.4887, 0.5979, 2.6802, 3.3026, 2.5173, 3.5576, 3.0077, 1.2959, 1.3901,
        2.5211, 0.2247, 1.2203, 2.4567, 2.9760, 2.8503, 4.2742, 4.5095, 2.4873,
        3.7278, 1.0255])//
train_examples$441800$60000.0//
train_loss$451200$2.389308333333333//
train_individual_losses$451200$tensor([1.4834, 0.5925, 2.6680, 3.2681, 2.5051, 3.5469, 2.9746, 1.2892, 1.3817,
        2.4870, 0.2208, 1.2152, 2.4288, 2.9642, 2.8188, 4.2472, 4.5031, 2.4741,
        3.6998, 1.0176])//
train_examples$451200$60000.0//
train_loss$460600$2.3796754166666667//
train_individual_losses$460600$tensor([1.4810, 0.5908, 2.6602, 3.2332, 2.4978, 3.5267, 2.9672, 1.2862, 1.3691,
        2.4574, 0.2183, 1.2118, 2.4124, 2.9550, 2.8027, 4.2296, 4.4962, 2.4676,
        3.7178, 1.0126])//
train_examples$460600$60000.0//
train_loss$470000$2.363114583333333//
train_individual_losses$470000$tensor([1.4620, 0.5828, 2.6513, 3.1947, 2.4891, 3.5042, 2.9440, 1.2752, 1.3637,
        2.4431, 0.2169, 1.2048, 2.3806, 2.9439, 2.7661, 4.2121, 4.4934, 2.4538,
        3.6768, 1.0039])//
train_examples$470000$60000.0