train_loss$0$3.1482806640625//
train_individual_losses$0$tensor([3.0878, 2.9235, 2.9449, 2.9898, 3.7587, 3.1639, 3.0579, 3.0622, 3.2582,
        3.2613, 3.1539, 2.8501, 3.0089, 2.9520, 3.1641, 3.6871, 3.0024, 3.1392,
        3.3262, 3.1735])//
train_examples$0$8000.0//
train_loss$1600$0.0016565242767333985//
train_individual_losses$1600$tensor([0.0008, 0.0009, 0.0011, 0.0011, 0.0028, 0.0006, 0.0006, 0.0009, 0.0021,
        0.0006, 0.0008, 0.0009, 0.0013, 0.0009, 0.0011, 0.0021, 0.0094, 0.0018,
        0.0017, 0.0018])//
train_examples$1600$8000.0//
train_loss$3200$0.0007048920631408691//
train_individual_losses$3200$tensor([0.0003, 0.0003, 0.0005, 0.0003, 0.0009, 0.0002, 0.0003, 0.0003, 0.0006,
        0.0002, 0.0003, 0.0004, 0.0004, 0.0003, 0.0003, 0.0003, 0.0064, 0.0007,
        0.0007, 0.0005])//
train_examples$3200$8000.0//
train_loss$4800$0.00037104716300964354//
train_individual_losses$4800$tensor([1.3947e-04, 1.4406e-04, 3.0018e-04, 1.8360e-04, 1.6474e-04, 5.6094e-05,
        1.1281e-04, 1.4191e-04, 3.0042e-04, 1.1472e-04, 1.4220e-04, 8.0835e-05,
        1.3220e-04, 1.5292e-04, 1.7758e-04, 1.8233e-04, 3.9656e-03, 4.0307e-04,
        3.5724e-04, 1.6896e-04])//
train_examples$4800$8000.0//
train_loss$6400$0.00018108420372009277//
train_individual_losses$6400$tensor([6.4758e-05, 2.0900e-06, 3.8684e-05, 1.4233e-04, 1.3583e-04, 2.5955e-05,
        4.9508e-05, 1.2644e-04, 9.5954e-05, 6.9781e-05, 2.1440e-05, 2.2212e-06,
        4.9241e-06, 7.8846e-05, 1.6116e-04, 1.6299e-04, 2.0751e-03, 1.5854e-04,
        1.2186e-04, 8.3220e-05])//
train_examples$6400$8000.0//
train_loss$8000$0.00010309052467346191//
train_individual_losses$8000$tensor([2.8529e-05, 1.4532e-07, 3.4579e-06, 8.3100e-05, 1.1763e-04, 4.5337e-06,
        2.6780e-06, 1.1701e-04, 4.1900e-05, 3.7783e-05, 2.8361e-06, 1.0166e-07,
        3.5594e-07, 3.6959e-05, 1.6457e-04, 1.6780e-04, 9.6133e-04, 1.3699e-04,
        1.0519e-04, 4.8904e-05])//
train_examples$8000$8000.0//
train_loss$9600$5.797039270401001e-05//
train_individual_losses$9600$tensor([5.6234e-07, 4.1771e-09, 2.7634e-08, 1.8513e-05, 8.1070e-05, 5.6153e-08,
        4.0003e-08, 8.3693e-05, 3.1611e-06, 2.2978e-06, 4.1315e-08, 2.8513e-09,
        1.1002e-08, 9.2375e-07, 1.6163e-04, 1.6431e-04, 4.4193e-04, 1.0812e-04,
        8.4626e-05, 8.3766e-06])//
train_examples$9600$8000.0//
train_loss$11200$2.8688412904739378e-05//
train_individual_losses$11200$tensor([1.6562e-09, 2.2405e-08, 9.7330e-11, 8.3633e-09, 2.3621e-06, 5.1115e-10,
        1.2491e-09, 7.3012e-07, 3.4693e-08, 7.8129e-09, 3.6111e-10, 7.0307e-11,
        4.2015e-09, 2.5461e-10, 1.6198e-04, 1.5915e-04, 2.0976e-04, 3.7215e-05,
        2.3148e-06, 1.8740e-07])//
train_examples$11200$8000.0//
train_loss$12800$1.9298069179058075e-05//
train_individual_losses$12800$tensor([5.1155e-09, 7.2717e-12, 1.2071e-10, 2.9870e-11, 2.7706e-10, 2.1356e-12,
        1.5660e-08, 1.6718e-10, 3.5159e-09, 7.1795e-08, 6.8459e-11, 1.7196e-11,
        4.0107e-11, 2.4338e-07, 1.6971e-04, 1.6678e-04, 4.9110e-05, 1.9335e-10,
        4.8882e-09, 8.9934e-09])//
train_examples$12800$8000.0//
train_loss$14400$1.7460408806800842e-05//
train_individual_losses$14400$tensor([1.3780e-07, 5.7052e-09, 3.4453e-07, 9.3511e-11, 5.4087e-09, 7.3443e-12,
        4.8548e-07, 7.4846e-10, 5.1425e-10, 1.0243e-06, 8.7879e-07, 1.8391e-11,
        3.6371e-10, 2.1111e-06, 1.6945e-04, 1.6331e-04, 1.1378e-05, 4.5689e-12,
        3.1048e-08, 4.8810e-08])//
train_examples$14400$8000.0//
train_loss$16000$1.635744273662567e-05//
train_individual_losses$16000$tensor([1.5845e-10, 6.7196e-11, 6.4151e-10, 3.4177e-07, 2.8106e-09, 3.8579e-09,
        1.7151e-07, 5.5338e-10, 1.3027e-07, 1.6919e-09, 1.4653e-08, 6.8724e-12,
        3.1697e-07, 1.2390e-09, 1.6107e-04, 1.6188e-04, 3.0384e-06, 4.8744e-10,
        1.1791e-10, 1.8109e-07])//
train_examples$16000$8000.0//
train_loss$17600$1.610629856586456e-05//
train_individual_losses$17600$tensor([1.8929e-10, 2.6043e-12, 1.2003e-08, 1.0027e-09, 5.2936e-10, 1.7658e-10,
        2.7025e-07, 3.7272e-09, 1.9577e-10, 2.7278e-07, 4.2371e-11, 1.7977e-07,
        2.0897e-07, 5.0601e-08, 1.6071e-04, 1.5852e-04, 1.5426e-06, 3.7926e-11,
        1.4488e-08, 3.3354e-07])//
train_examples$17600$8000.0//
train_loss$19200$1.639247387647629e-05//
train_individual_losses$19200$tensor([1.7882e-07, 2.2219e-09, 8.1245e-10, 4.5924e-09, 2.3715e-11, 6.3988e-08,
        5.7638e-11, 7.0057e-08, 6.2034e-09, 7.3781e-08, 2.3734e-07, 1.3868e-11,
        7.9270e-08, 6.8590e-11, 1.6275e-04, 1.6368e-04, 6.4057e-07, 7.8062e-11,
        4.1455e-08, 2.2680e-08])//
train_examples$19200$8000.0//
train_loss$20800$1.6313192248344422e-05//
train_individual_losses$20800$tensor([2.2206e-12, 2.6642e-10, 2.2744e-09, 5.8537e-10, 2.4931e-09, 1.1228e-10,
        3.2653e-09, 8.1100e-11, 6.6994e-08, 1.1463e-11, 1.8739e-07, 2.3182e-10,
        5.3640e-12, 1.6312e-07, 1.6339e-04, 1.6116e-04, 1.2388e-06, 8.1923e-09,
        2.9168e-08, 1.0277e-08])//
train_examples$20800$8000.0//
train_loss$22400$1.6584219038486482e-05//
train_individual_losses$22400$tensor([2.2779e-09, 9.4435e-08, 1.0719e-06, 1.2794e-11, 7.4552e-08, 1.6140e-09,
        6.4844e-10, 3.7617e-08, 6.8847e-10, 3.0232e-10, 4.6365e-11, 4.4069e-12,
        1.9947e-08, 7.1902e-12, 1.6342e-04, 1.6361e-04, 3.6028e-07, 8.2594e-09,
        4.7748e-11, 2.9805e-06])//
train_examples$22400$8000.0//
train_loss$24000$1.6206592321395874e-05//
train_individual_losses$24000$tensor([9.1496e-12, 1.0357e-07, 5.1898e-08, 2.8224e-08, 1.0757e-06, 9.2328e-10,
        3.7909e-07, 1.2426e-10, 3.9402e-10, 1.6919e-11, 2.8153e-09, 2.9894e-11,
        2.4932e-06, 2.5538e-09, 1.6019e-04, 1.5936e-04, 4.6003e-08, 1.0393e-09,
        2.5748e-11, 3.9394e-07])//
train_examples$24000$8000.0//
train_loss$25600$1.6210436820983887e-05//
train_individual_losses$25600$tensor([4.9805e-07, 5.0245e-07, 3.3829e-11, 4.2897e-11, 2.9173e-09, 1.5792e-12,
        1.8719e-11, 1.7511e-11, 8.1425e-08, 2.4710e-11, 1.0328e-07, 1.3767e-10,
        1.7646e-07, 1.5442e-11, 1.6268e-04, 1.6014e-04, 2.4080e-08, 2.1448e-11,
        1.0836e-10, 1.3182e-09])//
train_examples$25600$8000.0//
train_loss$27200$1.6952033340930937e-05//
train_individual_losses$27200$tensor([3.4538e-12, 8.9208e-12, 3.3889e-12, 8.2470e-07, 2.4475e-07, 7.3278e-09,
        2.6578e-07, 3.8251e-09, 5.0205e-11, 4.9107e-07, 3.8492e-09, 1.7414e-10,
        9.7695e-13, 5.7559e-11, 1.6770e-04, 1.6945e-04, 9.1538e-09, 2.8958e-08,
        5.4250e-09, 8.3865e-09])//
train_examples$27200$8000.0//
train_loss$28800$1.6174304485321045e-05//
train_individual_losses$28800$tensor([3.7403e-12, 5.1455e-10, 1.7421e-11, 1.1304e-11, 4.7694e-11, 4.6423e-09,
        5.4327e-12, 5.4781e-11, 3.3586e-08, 2.5978e-11, 5.5342e-12, 1.7167e-11,
        4.9817e-09, 2.5456e-10, 1.6256e-04, 1.6088e-04, 4.2865e-09, 1.1107e-09,
        9.9224e-11, 4.1197e-10])//
train_examples$28800$8000.0//
train_loss$30400$8.315662294626237e-06//
train_individual_losses$30400$tensor([1.8613e-07, 5.1007e-09, 4.1807e-11, 1.0788e-06, 4.7779e-07, 5.6285e-12,
        1.1704e-10, 3.4786e-10, 7.2893e-11, 2.5676e-09, 2.4781e-09, 8.7558e-10,
        4.5049e-08, 8.4661e-11, 1.6304e-04, 3.9246e-08, 1.3696e-06, 2.6911e-09,
        2.6230e-08, 3.6353e-08])//
train_examples$30400$8000.0//
train_loss$32000$8.460833132266999e-06//
train_individual_losses$32000$tensor([1.0958e-10, 1.2937e-10, 4.8214e-07, 3.6142e-06, 2.9980e-07, 4.5810e-09,
        8.3848e-08, 3.4848e-07, 1.0891e-07, 5.9859e-12, 8.0860e-07, 1.2322e-07,
        6.2017e-11, 1.1051e-09, 1.6218e-04, 4.7195e-10, 7.2337e-07, 1.8279e-07,
        2.4661e-07, 8.5491e-09])//
train_examples$32000$8000.0//
train_loss$33600$8.588992059230805e-06//
train_individual_losses$33600$tensor([3.2492e-10, 4.0346e-07, 5.1174e-12, 1.4663e-06, 1.3326e-08, 1.3975e-07,
        6.0191e-12, 7.1719e-08, 3.0033e-09, 6.5849e-07, 1.5350e-09, 9.7603e-12,
        7.0697e-07, 9.1491e-08, 1.6821e-04, 9.3678e-09, 5.4889e-10, 6.4648e-12,
        7.2046e-11, 2.9698e-10])//
train_examples$33600$8000.0//
train_loss$35200$8.869252353906632e-06//
train_individual_losses$35200$tensor([1.4926e-07, 2.3727e-10, 1.0142e-12, 1.3049e-09, 1.8208e-11, 6.3710e-12,
        1.9598e-11, 1.0079e-11, 6.8855e-06, 8.5868e-07, 1.7689e-09, 3.0779e-06,
        4.4528e-12, 3.3470e-08, 1.6545e-04, 1.7978e-09, 8.6510e-07, 5.9217e-08,
        2.3617e-10, 1.5910e-09])//
train_examples$35200$8000.0//
train_loss$36800$8.39012935757637e-06//
train_individual_losses$36800$tensor([7.8187e-12, 2.6542e-09, 1.0156e-07, 1.0037e-10, 1.4050e-08, 2.4084e-08,
        5.4965e-07, 1.6709e-12, 4.4035e-10, 9.2801e-13, 4.0962e-11, 1.9633e-11,
        8.9947e-12, 1.4513e-10, 1.6709e-04, 1.1935e-10, 1.7708e-08, 3.5162e-11,
        1.9315e-09, 3.0647e-09])//
train_examples$36800$8000.0//
train_loss$38400$8.274514228105544e-06//
train_individual_losses$38400$tensor([5.2238e-12, 6.7574e-09, 1.5844e-13, 3.8404e-11, 1.2301e-06, 7.6952e-10,
        3.6875e-09, 1.0525e-08, 6.9275e-08, 5.8937e-12, 1.0603e-11, 1.0250e-09,
        8.6147e-07, 7.7564e-07, 1.6241e-04, 1.0491e-07, 1.7199e-08, 2.2618e-11,
        3.0978e-11, 2.4455e-10])//
train_examples$38400$8000.0//
train_loss$40000$8.70504453778267e-06//
train_individual_losses$40000$tensor([4.6019e-06, 9.6384e-12, 2.2110e-12, 6.6490e-08, 2.9141e-11, 7.7688e-09,
        6.1330e-09, 2.3541e-11, 4.1780e-07, 5.0105e-09, 5.8890e-06, 1.0540e-10,
        2.2260e-06, 3.5275e-07, 1.6052e-04, 1.0059e-11, 4.9182e-11, 3.9601e-10,
        2.7116e-09, 3.1079e-09])//
train_examples$40000$8000.0//
train_loss$41600$8.434022963047028e-06//
train_individual_losses$41600$tensor([3.1006e-09, 8.0832e-12, 3.4661e-13, 2.3686e-11, 4.5811e-08, 1.8515e-07,
        1.7687e-11, 5.3787e-12, 5.4685e-09, 9.3226e-08, 2.6768e-09, 9.6513e-07,
        9.1096e-09, 6.3763e-12, 1.6736e-04, 5.6307e-11, 3.0959e-10, 7.1106e-11,
        1.5016e-10, 7.0186e-09])//
train_examples$41600$8000.0//
train_loss$43200$8.148188889026642e-06//
train_individual_losses$43200$tensor([5.7537e-12, 8.0877e-10, 2.4862e-08, 7.6002e-09, 2.1431e-09, 2.6825e-06,
        1.7930e-07, 3.5867e-08, 2.5403e-10, 2.4031e-09, 1.5959e-09, 2.0079e-08,
        3.7244e-09, 9.0132e-09, 1.5998e-04, 2.7468e-09, 9.8220e-09, 4.0883e-10,
        2.4074e-10, 1.0371e-09])//
train_examples$43200$8000.0//
train_loss$44800$8.613698184490205e-06//
train_individual_losses$44800$tensor([1.8815e-06, 5.1003e-11, 1.9927e-13, 9.0959e-09, 1.8720e-07, 1.1173e-10,
        9.2858e-12, 7.8111e-11, 3.9595e-09, 1.1794e-12, 8.2362e-10, 8.9073e-12,
        8.4469e-07, 3.3523e-07, 1.6894e-04, 2.4527e-11, 5.4357e-08, 5.0760e-09,
        1.5915e-09, 9.7484e-09])//
train_examples$44800$8000.0//
train_loss$46400$8.46095010638237e-06//
train_individual_losses$46400$tensor([2.4253e-06, 3.6229e-10, 2.3169e-08, 6.6886e-07, 2.8017e-07, 1.5022e-07,
        3.0167e-07, 7.0161e-07, 7.6160e-11, 1.2641e-11, 1.2608e-07, 1.5823e-07,
        7.1457e-11, 1.0118e-09, 1.6194e-04, 1.3335e-10, 1.3700e-10, 1.1565e-08,
        6.4713e-07, 1.7877e-06])//
train_examples$46400$8000.0//
train_loss$48000$8.279374986886979e-06//
train_individual_losses$48000$tensor([3.6440e-11, 2.8885e-09, 2.1994e-09, 1.8205e-11, 5.8340e-08, 1.9610e-07,
        8.5195e-10, 2.4851e-08, 1.3382e-10, 1.1549e-07, 4.1577e-08, 5.2813e-11,
        4.8660e-11, 2.5617e-06, 1.6134e-04, 1.0836e-10, 1.0599e-06, 2.2124e-08,
        7.2897e-10, 1.5571e-07])//
train_examples$48000$8000.0//
train_loss$49600$8.648227155208588e-06//
train_individual_losses$49600$tensor([1.1053e-09, 3.9801e-08, 2.2776e-09, 9.4121e-07, 3.5402e-09, 1.3826e-06,
        7.0248e-09, 4.9516e-08, 1.4524e-07, 4.1543e-12, 1.4923e-06, 2.0437e-08,
        4.5557e-12, 8.5055e-08, 1.6876e-04, 2.3086e-08, 2.2761e-09, 2.1680e-10,
        9.4516e-11, 5.9796e-09])//
train_examples$49600$8000.0//
train_loss$51200$8.338504284620285e-06//
train_individual_losses$51200$tensor([1.0668e-10, 1.1841e-06, 2.3625e-08, 8.5375e-12, 2.4661e-09, 1.3813e-06,
        2.1615e-11, 9.2818e-10, 5.1093e-08, 1.9375e-07, 4.4429e-10, 9.5605e-12,
        6.8596e-12, 1.7610e-07, 1.6367e-04, 1.1780e-10, 1.8103e-10, 3.4026e-11,
        3.1684e-10, 8.5398e-08])//
train_examples$51200$8000.0//
train_loss$52800$8.613111078739167e-06//
train_individual_losses$52800$tensor([3.3791e-09, 1.9997e-09, 2.0412e-06, 3.2258e-06, 3.8273e-11, 1.8621e-11,
        3.0092e-07, 4.1746e-07, 2.4233e-08, 5.7743e-08, 2.3688e-07, 6.4849e-07,
        5.5684e-09, 3.3690e-10, 1.6492e-04, 8.6706e-10, 3.3692e-07, 2.4726e-08,
        8.6402e-09, 2.7363e-09])//
train_examples$52800$8000.0//
train_loss$54400$8.642831444740295e-06//
train_individual_losses$54400$tensor([3.2974e-12, 2.7070e-08, 1.4155e-12, 4.2693e-11, 1.9762e-07, 2.5079e-08,
        3.9585e-06, 6.3285e-06, 1.3616e-07, 3.2592e-12, 6.7178e-08, 2.5094e-11,
        2.5600e-11, 5.8343e-10, 1.6208e-04, 1.3934e-08, 1.5021e-10, 1.7090e-08,
        1.0166e-09, 5.6235e-10])//
train_examples$54400$8000.0//
train_loss$56000$8.107512444257737e-06//
train_individual_losses$56000$tensor([3.0295e-09, 5.2048e-07, 5.6017e-09, 1.5520e-09, 8.3080e-08, 3.0393e-12,
        4.0094e-10, 1.3177e-08, 1.5058e-10, 2.3110e-11, 1.9365e-08, 1.4954e-06,
        1.6164e-11, 4.2612e-12, 1.5998e-04, 8.4135e-10, 1.2389e-09, 7.2519e-10,
        4.8099e-11, 2.5384e-08])//
train_examples$56000$8000.0//
train_loss$57600$8.223053812980651e-06//
train_individual_losses$57600$tensor([6.6199e-07, 5.8351e-10, 1.1442e-07, 5.5429e-07, 2.4253e-07, 1.7156e-06,
        3.2809e-09, 2.3440e-08, 6.8234e-08, 1.2107e-08, 4.9943e-12, 2.4007e-09,
        1.7497e-07, 2.8236e-09, 1.6078e-04, 6.8494e-10, 7.4113e-09, 5.1309e-09,
        1.1396e-09, 9.0983e-08])//
train_examples$57600$8000.0//
train_loss$59200$8.206968009471894e-06//
train_individual_losses$59200$tensor([3.7626e-10, 6.1634e-10, 7.1709e-08, 6.9081e-11, 4.2451e-11, 2.7387e-09,
        3.6809e-10, 1.3899e-09, 4.9958e-07, 2.3539e-07, 4.3667e-10, 6.5514e-09,
        1.0713e-07, 7.7519e-09, 1.6308e-04, 2.6455e-10, 5.1184e-08, 9.2164e-09,
        5.2394e-08, 1.2213e-08])//
train_examples$59200$8000.0//
train_loss$60800$8.490778505802155e-06//
train_individual_losses$60800$tensor([2.0239e-12, 5.6218e-10, 2.1464e-12, 8.7723e-10, 2.1908e-10, 9.7382e-07,
        3.1521e-08, 3.8334e-06, 3.1049e-11, 1.6326e-08, 4.3617e-11, 6.8140e-09,
        5.5012e-12, 2.2766e-08, 1.6186e-04, 1.3637e-08, 1.9131e-09, 5.6789e-08,
        2.9982e-06, 1.2735e-09])//
train_examples$60800$8000.0//
train_loss$62400$8.253710716962814e-06//
train_individual_losses$62400$tensor([1.4151e-07, 6.5860e-11, 2.5810e-09, 5.0214e-11, 7.6854e-10, 2.5893e-06,
        3.7357e-11, 1.2643e-08, 6.3159e-10, 2.6324e-10, 1.2524e-06, 2.0934e-08,
        6.0352e-12, 8.4014e-11, 1.6082e-04, 4.2995e-09, 8.3068e-11, 9.6161e-12,
        7.2086e-09, 2.1882e-07])//
train_examples$62400$8000.0//
train_loss$64000$8.274421840906144e-06//
train_individual_losses$64000$tensor([9.4115e-11, 1.8611e-11, 1.2397e-12, 9.3397e-08, 8.6662e-11, 1.5641e-07,
        2.8885e-12, 3.2366e-10, 6.7109e-11, 6.5243e-07, 4.5834e-07, 2.1042e-08,
        3.4397e-09, 8.8391e-10, 1.6173e-04, 3.3348e-09, 2.3234e-06, 3.6845e-10,
        3.9135e-08, 1.1667e-09])//
train_examples$64000$8000.0//
train_loss$65600$8.581962436437607e-06//
train_individual_losses$65600$tensor([4.2916e-12, 1.2506e-06, 7.7898e-11, 1.0967e-08, 7.5051e-07, 9.6146e-09,
        6.7315e-12, 2.0353e-10, 4.2950e-11, 6.7149e-10, 9.0209e-10, 3.3458e-11,
        1.3813e-11, 6.4173e-11, 1.6607e-04, 1.8974e-10, 3.5461e-06, 1.8754e-09,
        7.2601e-11, 2.5431e-10])//
train_examples$65600$8000.0//
train_loss$67200$8.319158107042313e-06//
train_individual_losses$67200$tensor([2.1040e-12, 1.1579e-07, 1.4328e-11, 6.7484e-11, 2.8139e-10, 1.4341e-08,
        1.2579e-08, 2.0020e-10, 2.8597e-10, 1.4979e-07, 1.2880e-07, 2.6935e-07,
        3.9884e-11, 4.4690e-08, 1.6464e-04, 3.8920e-07, 2.2763e-11, 3.0446e-10,
        2.7278e-09, 6.1047e-07])//
train_examples$67200$8000.0//
train_loss$68800$8.313611149787903e-06//
train_individual_losses$68800$tensor([6.9759e-12, 7.9973e-11, 1.4454e-11, 1.6645e-06, 2.1876e-07, 3.1621e-09,
        4.3675e-11, 8.2169e-10, 2.3140e-08, 9.3296e-11, 2.1728e-08, 9.9218e-10,
        3.2968e-10, 3.2574e-10, 1.6425e-04, 1.7524e-10, 9.4025e-12, 3.3958e-11,
        8.5104e-08, 1.5407e-09])//
train_examples$68800$8000.0//
train_loss$70400$8.108286559581756e-06//
train_individual_losses$70400$tensor([3.9510e-07, 1.3372e-11, 8.3754e-10, 5.9903e-08, 5.3812e-09, 1.1828e-08,
        9.9901e-11, 9.0871e-08, 3.5507e-09, 2.7969e-09, 2.5640e-11, 8.5707e-08,
        1.9696e-07, 2.4887e-10, 1.6120e-04, 4.6398e-11, 6.8430e-08, 4.2185e-12,
        4.6735e-08, 3.6198e-10])//
train_examples$70400$8000.0//
train_loss$72000$8.253051340579986e-06//
train_individual_losses$72000$tensor([4.4956e-11, 1.9200e-09, 4.6709e-13, 1.8144e-11, 1.6837e-08, 3.8086e-12,
        4.0426e-08, 1.7691e-08, 5.3499e-11, 2.2398e-12, 6.7692e-10, 1.1843e-11,
        9.7682e-09, 3.2251e-09, 1.6475e-04, 5.5917e-11, 1.0553e-07, 1.0386e-11,
        1.0795e-07, 9.6124e-09])//
train_examples$72000$8000.0//
train_loss$73600$8.909566700458526e-06//
train_individual_losses$73600$tensor([3.2449e-07, 4.2606e-11, 2.8116e-09, 1.0727e-08, 4.2057e-06, 3.9719e-10,
        1.0821e-08, 1.2187e-08, 5.7288e-09, 4.7249e-12, 2.7768e-09, 2.2723e-11,
        6.6010e-13, 1.7294e-10, 1.7360e-04, 3.9916e-09, 9.8524e-12, 3.0811e-09,
        1.2913e-09, 4.6302e-09])//
train_examples$73600$8000.0//
train_loss$75200$8.418840169906616e-06//
train_individual_losses$75200$tensor([1.0089e-10, 1.5402e-09, 1.4284e-10, 6.8758e-07, 1.5557e-09, 1.1446e-07,
        1.2590e-11, 2.0000e-09, 1.0532e-09, 7.8384e-07, 4.2711e-12, 1.4601e-07,
        3.1434e-06, 5.4995e-11, 1.6141e-04, 1.8589e-07, 2.8965e-09, 1.8898e-06,
        1.1207e-10, 4.6025e-09])//
train_examples$75200$8000.0//
train_loss$76800$8.755014091730117e-06//
train_individual_losses$76800$tensor([6.4945e-12, 2.5916e-07, 3.6710e-11, 3.5107e-08, 6.7171e-11, 8.7322e-11,
        3.0266e-10, 1.2152e-05, 7.4858e-09, 5.9486e-09, 2.8561e-08, 8.6800e-12,
        4.0402e-07, 2.1859e-08, 1.6216e-04, 1.1865e-08, 1.4861e-10, 1.3366e-09,
        1.5505e-08, 1.8272e-10])//
train_examples$76800$8000.0//
train_loss$78400$8.33183228969574e-06//
train_individual_losses$78400$tensor([1.0349e-10, 3.5786e-07, 6.0738e-08, 4.2862e-09, 2.7110e-09, 1.0927e-06,
        1.6040e-11, 1.9838e-09, 9.6857e-10, 5.0299e-11, 1.0594e-08, 2.6877e-08,
        6.2824e-11, 6.5590e-09, 1.6261e-04, 1.6252e-09, 1.2489e-11, 8.8652e-11,
        1.2429e-06, 1.2137e-06])//
train_examples$78400$8000.0//
train_loss$80000$8.350759744644165e-06//
train_individual_losses$80000$tensor([5.3847e-07, 2.8863e-10, 1.2069e-12, 1.2841e-11, 3.9584e-09, 1.6383e-11,
        7.5050e-08, 1.7759e-08, 7.4357e-09, 3.2661e-11, 3.0299e-11, 5.9260e-12,
        1.2721e-09, 1.4038e-07, 1.6478e-04, 2.1377e-11, 7.9847e-12, 1.4533e-06,
        5.1663e-10, 7.2331e-10])//
train_examples$80000$8000.0//
train_loss$81600$8.23904499411583e-06//
train_individual_losses$81600$tensor([9.0345e-08, 2.8328e-11, 4.3488e-09, 8.4565e-11, 1.4254e-10, 1.4781e-06,
        3.7983e-12, 3.6546e-07, 1.4896e-10, 2.7723e-12, 2.5740e-08, 4.8573e-11,
        5.9266e-11, 3.4674e-08, 1.6191e-04, 5.3159e-07, 1.0149e-11, 1.2883e-11,
        3.3925e-07, 2.2830e-09])//
train_examples$81600$8000.0//
train_loss$83200$8.144234865903854e-06//
train_individual_losses$83200$tensor([3.0211e-08, 4.1617e-08, 7.4932e-14, 3.7584e-07, 1.9889e-07, 8.8067e-10,
        6.0402e-12, 4.7926e-09, 1.0073e-10, 8.9619e-08, 3.8953e-12, 5.5210e-07,
        1.7217e-10, 2.7837e-07, 1.6129e-04, 1.0838e-08, 3.7630e-09, 3.1532e-09,
        2.5657e-10, 2.5657e-10])//
train_examples$83200$8000.0//
train_loss$84800$8.817476779222489e-06//
train_individual_losses$84800$tensor([7.0942e-12, 7.0063e-07, 1.5910e-06, 2.9807e-10, 4.4617e-08, 1.0261e-07,
        3.6801e-12, 5.9441e-11, 5.9849e-11, 7.6295e-07, 1.1201e-06, 4.9914e-07,
        1.1185e-09, 3.7365e-06, 1.6415e-04, 8.7768e-10, 1.0664e-07, 2.0643e-12,
        3.3736e-06, 1.5441e-07])//
train_examples$84800$8000.0//
train_loss$86400$8.466242253780365e-06//
train_individual_losses$86400$tensor([3.1609e-12, 5.4642e-08, 1.9321e-13, 3.9295e-11, 9.2616e-12, 2.7131e-06,
        1.7194e-07, 3.6845e-07, 1.6667e-07, 2.2766e-12, 1.0742e-06, 1.7732e-11,
        4.9443e-07, 9.1477e-10, 1.6335e-04, 1.2110e-07, 6.5589e-12, 9.0533e-08,
        7.2081e-07, 1.8258e-09])//
train_examples$86400$8000.0//
train_loss$88000$8.111936599016189e-06//
train_individual_losses$88000$tensor([3.2040e-12, 7.1641e-12, 3.5864e-08, 1.3927e-09, 3.8509e-10, 1.6016e-07,
        5.1424e-11, 2.5087e-12, 9.7002e-11, 2.9762e-12, 6.1139e-11, 1.0142e-11,
        3.0649e-08, 4.8056e-09, 1.6197e-04, 5.2086e-11, 8.7566e-12, 4.4402e-12,
        3.0839e-08, 2.6345e-10])//
train_examples$88000$8000.0//
train_loss$89600$8.104735612869262e-06//
train_individual_losses$89600$tensor([3.8677e-12, 1.1329e-11, 1.1990e-12, 2.2085e-10, 1.6986e-07, 2.3363e-11,
        2.1280e-09, 1.0083e-09, 3.7070e-10, 5.3931e-09, 2.1916e-08, 8.9316e-10,
        4.1311e-12, 2.9627e-07, 1.6137e-04, 5.3208e-08, 4.7480e-10, 1.1658e-07,
        5.2431e-08, 2.3709e-09])//
train_examples$89600$8000.0//
train_loss$91200$8.081626892089843e-06//
train_individual_losses$91200$tensor([1.8469e-11, 1.4240e-09, 1.7048e-13, 1.0985e-07, 2.8045e-09, 3.0339e-08,
        7.5943e-12, 5.7322e-11, 1.7167e-08, 7.0857e-12, 1.1696e-06, 1.4369e-11,
        3.0486e-11, 1.4678e-12, 1.6029e-04, 2.1910e-11, 9.2173e-12, 2.1497e-09,
        2.6590e-09, 2.4862e-09])//
train_examples$91200$8000.0//
train_loss$92800$8.369211852550506e-06//
train_individual_losses$92800$tensor([2.6792e-07, 2.9645e-06, 7.7739e-12, 1.5467e-09, 1.0734e-08, 7.8100e-07,
        4.5077e-08, 1.8580e-10, 6.2421e-09, 1.1944e-07, 5.2855e-07, 2.5471e-09,
        3.7110e-11, 2.8142e-06, 1.5979e-04, 1.7817e-10, 4.8935e-08, 4.4724e-10,
        2.4813e-09, 3.1680e-09])//
train_examples$92800$8000.0//
train_loss$94400$8.01454707980156e-06//
train_individual_losses$94400$tensor([9.4972e-09, 7.6921e-11, 1.2391e-12, 3.5228e-11, 1.9848e-07, 1.9889e-07,
        3.4101e-09, 1.4693e-10, 1.2621e-09, 7.3991e-08, 2.2290e-07, 8.7114e-12,
        2.9132e-10, 1.1946e-10, 1.5914e-04, 5.7863e-10, 3.2284e-07, 3.7275e-09,
        5.0145e-09, 1.0518e-07])//
train_examples$94400$8000.0//
train_loss$96000$8.098231256008149e-06//
train_individual_losses$96000$tensor([1.0049e-11, 1.9885e-11, 9.9074e-09, 2.6150e-11, 1.7268e-07, 3.1185e-07,
        1.6531e-11, 5.6920e-07, 1.6578e-08, 1.9059e-11, 6.4246e-11, 5.7205e-09,
        3.2500e-07, 1.2611e-10, 1.6015e-04, 3.4578e-07, 7.5950e-11, 1.1439e-09,
        4.3531e-11, 5.1871e-08])//
train_examples$96000$8000.0//
train_loss$97600$8.050993829965591e-06//
train_individual_losses$97600$tensor([3.9367e-12, 2.9019e-09, 9.2643e-11, 1.7392e-10, 1.5198e-09, 5.1369e-12,
        1.0729e-11, 2.0341e-11, 1.5469e-09, 9.9873e-12, 7.3446e-09, 4.1466e-12,
        1.4173e-09, 1.8897e-09, 1.6085e-04, 9.1418e-11, 1.7813e-08, 1.2437e-10,
        5.6751e-10, 1.3077e-07])//
train_examples$97600$8000.0//
train_loss$99200$8.092759549617768e-06//
train_individual_losses$99200$tensor([1.9761e-11, 1.8553e-10, 7.3680e-08, 6.0742e-08, 1.7925e-11, 4.4038e-08,
        7.8443e-09, 1.5299e-12, 5.7493e-08, 5.5717e-08, 6.2766e-12, 3.2697e-11,
        3.1392e-11, 1.3526e-08, 1.5888e-04, 7.5873e-11, 1.5113e-11, 3.9689e-12,
        3.4429e-07, 2.3201e-06])//
train_examples$99200$8000.0//
train_loss$100800$8.245419710874557e-06//
train_individual_losses$100800$tensor([2.3070e-08, 8.6276e-11, 1.3117e-12, 2.3888e-11, 1.6434e-11, 9.2588e-12,
        1.0262e-09, 1.7946e-09, 1.2173e-09, 3.8295e-07, 1.7490e-10, 2.0200e-09,
        2.5712e-11, 6.8423e-12, 1.6210e-04, 2.7556e-08, 2.3644e-06, 1.6940e-11,
        2.3866e-11, 1.8495e-10])//
train_examples$100800$8000.0//
train_loss$102400$8.054851740598679e-06//
train_individual_losses$102400$tensor([1.5997e-09, 1.6108e-07, 3.5128e-11, 8.0197e-11, 2.1480e-11, 2.2695e-08,
        4.4054e-12, 3.6203e-12, 7.2295e-11, 1.5806e-09, 1.0135e-11, 3.4304e-10,
        8.9852e-11, 2.7422e-07, 1.6062e-04, 8.1710e-09, 4.2010e-09, 9.0276e-11,
        2.7961e-11, 4.2125e-09])//
train_examples$102400$8000.0//
train_loss$104000$8.55211690068245e-06//
train_individual_losses$104000$tensor([2.8329e-12, 4.6922e-10, 6.0575e-12, 9.0834e-11, 1.0568e-11, 9.3020e-10,
        1.3619e-09, 8.2986e-12, 3.6400e-11, 1.2480e-09, 1.4603e-07, 3.9847e-11,
        1.0199e-11, 4.7673e-09, 1.7053e-04, 3.5394e-09, 3.0988e-07, 1.8881e-08,
        4.8200e-11, 2.2833e-08])//
train_examples$104000$8000.0//
train_loss$105600$8.134952187538147e-06//
train_individual_losses$105600$tensor([7.4276e-12, 2.4449e-08, 2.0486e-09, 1.7443e-07, 5.8381e-11, 5.5456e-08,
        2.2126e-09, 3.0297e-10, 9.7915e-08, 1.4843e-11, 2.8100e-06, 5.8312e-07,
        1.9515e-09, 1.3932e-07, 1.5879e-04, 2.8273e-11, 8.3873e-12, 3.5683e-12,
        8.1049e-10, 2.0440e-08])//
train_examples$105600$8000.0//
train_loss$107200$8.08958038687706e-06//
train_individual_losses$107200$tensor([2.1717e-09, 2.5387e-07, 1.6754e-12, 4.2048e-11, 3.4859e-09, 2.6771e-08,
        2.8206e-07, 1.3850e-10, 1.0188e-08, 2.0229e-11, 2.2247e-11, 1.4730e-08,
        3.2675e-12, 3.8633e-08, 1.6096e-04, 1.8676e-11, 1.1943e-11, 1.1671e-11,
        2.0376e-07, 3.9151e-10])//
train_examples$107200$8000.0//
train_loss$108800$8.024077862501145e-06//
train_individual_losses$108800$tensor([1.9366e-10, 4.9731e-09, 7.2461e-08, 1.5939e-10, 3.5806e-10, 1.1356e-08,
        4.7094e-11, 3.3320e-11, 4.5532e-07, 2.5993e-09, 8.6937e-12, 6.5428e-12,
        1.6345e-09, 1.0109e-09, 1.5954e-04, 3.5655e-09, 2.7129e-09, 2.2185e-07,
        1.0512e-07, 5.3612e-08])//
train_examples$108800$8000.0//
train_loss$110400$8.195117115974427e-06//
train_individual_losses$110400$tensor([1.6476e-12, 9.1549e-09, 4.3764e-13, 2.3055e-11, 9.9597e-09, 1.0149e-06,
        1.7454e-11, 6.2719e-11, 1.8908e-06, 5.8985e-12, 1.6898e-08, 1.2024e-11,
        3.1144e-08, 5.2426e-07, 1.5922e-04, 1.5031e-11, 1.0724e-06, 3.8472e-08,
        7.7595e-08, 2.7255e-10])//
train_examples$110400$8000.0//
train_loss$112000$8.39185044169426e-06//
train_individual_losses$112000$tensor([1.4985e-10, 9.2834e-12, 8.0219e-13, 8.9984e-09, 5.0877e-08, 8.8697e-08,
        2.1789e-09, 3.1171e-09, 6.9670e-08, 2.9743e-12, 5.6663e-08, 5.8947e-07,
        1.1133e-09, 1.7737e-11, 1.6532e-04, 1.5178e-06, 7.9027e-12, 7.0170e-08,
        5.7195e-08, 1.2379e-09])//
train_examples$112000$8000.0//
train_loss$113600$8.061368763446807e-06//
train_individual_losses$113600$tensor([2.0479e-12, 9.8122e-09, 5.0006e-13, 4.0961e-11, 9.1727e-12, 1.8201e-08,
        2.7568e-09, 4.4635e-12, 2.9913e-07, 3.6327e-09, 3.4068e-09, 3.9173e-08,
        7.0892e-08, 1.9625e-07, 1.6049e-04, 7.6091e-11, 7.6665e-09, 6.5134e-10,
        7.4759e-08, 6.5930e-09])//
train_examples$113600$8000.0//
train_loss$115200$8.442452549934387e-06//
train_individual_losses$115200$tensor([1.7418e-12, 3.3345e-12, 1.1058e-13, 2.4429e-11, 7.9393e-11, 7.8695e-12,
        1.3277e-11, 6.2437e-11, 1.5995e-09, 3.7450e-11, 5.9254e-08, 2.4059e-06,
        1.4282e-09, 1.3606e-09, 1.6457e-04, 1.1732e-10, 8.6710e-07, 4.1688e-07,
        1.0398e-07, 4.2152e-07])//
train_examples$115200$8000.0//
train_loss$116800$8.366362005472183e-06//
train_individual_losses$116800$tensor([5.5380e-11, 3.1122e-07, 9.9943e-07, 2.1370e-08, 5.4385e-11, 1.8271e-10,
        5.0325e-10, 6.4757e-11, 1.4858e-10, 1.4244e-07, 6.9479e-08, 6.5399e-11,
        1.0441e-07, 1.6183e-10, 1.6559e-04, 4.5577e-10, 9.4962e-12, 7.3561e-08,
        1.1586e-08, 1.1208e-09])//
train_examples$116800$8000.0//
train_loss$118400$8.319878578186034e-06//
train_individual_losses$118400$tensor([5.2257e-08, 8.2002e-08, 2.9288e-13, 3.7498e-08, 4.9667e-11, 1.9315e-11,
        6.5170e-12, 3.1850e-06, 3.9540e-11, 6.5392e-12, 1.8631e-07, 3.3854e-11,
        1.0910e-07, 2.0674e-08, 1.6246e-04, 3.9602e-10, 3.9946e-08, 2.2833e-07,
        3.7955e-11, 1.7417e-10])//
train_examples$118400$8000.0//
train_loss$120000$8.171823620796203e-06//
train_individual_losses$120000$tensor([5.0024e-12, 2.9741e-08, 2.1569e-08, 3.9098e-09, 2.7024e-09, 6.4424e-12,
        9.2700e-08, 2.5599e-10, 1.2916e-08, 5.0609e-12, 9.5519e-12, 1.9281e-11,
        2.7096e-12, 5.1525e-12, 1.6285e-04, 7.5882e-10, 2.6532e-07, 1.9103e-08,
        1.7290e-09, 1.3964e-07])//
train_examples$120000$8000.0//
train_loss$121600$8.077302575111389e-06//
train_individual_losses$121600$tensor([1.9463e-10, 1.5178e-11, 1.0228e-06, 2.5744e-07, 3.3906e-11, 4.0165e-10,
        1.9542e-08, 3.0282e-12, 6.1816e-07, 6.7342e-08, 8.7796e-11, 1.6967e-11,
        2.5592e-12, 9.0143e-07, 1.5863e-04, 2.8718e-11, 2.1154e-10, 2.5075e-12,
        1.1428e-10, 2.6706e-08])//
train_examples$121600$8000.0//
train_loss$123200$8.691203594207764e-06//
train_individual_losses$123200$tensor([7.3998e-07, 1.1198e-07, 3.6537e-12, 1.0004e-09, 2.6423e-07, 1.4907e-10,
        5.1634e-06, 4.4145e-08, 1.0823e-08, 5.7307e-08, 5.6151e-10, 4.6670e-11,
        1.9433e-09, 3.1998e-11, 1.6323e-04, 3.6554e-06, 3.6867e-07, 4.4865e-08,
        9.6916e-10, 1.2568e-07])//
train_examples$123200$8000.0//
train_loss$124800$8.392082899808883e-06//
train_individual_losses$124800$tensor([1.0440e-12, 2.1103e-07, 8.1534e-07, 1.4021e-09, 2.5091e-09, 5.3675e-10,
        4.3711e-09, 4.8121e-10, 5.2187e-07, 1.1006e-08, 4.9673e-08, 8.4117e-11,
        1.1518e-10, 5.0724e-09, 1.6482e-04, 1.3100e-06, 3.1225e-08, 5.6780e-08,
        2.0921e-10, 2.9534e-10])//
train_examples$124800$8000.0//
train_loss$126400$8.288437128067017e-06//
train_individual_losses$126400$tensor([7.4605e-10, 2.2365e-07, 8.2860e-14, 2.9348e-07, 5.5959e-09, 3.7991e-07,
        2.2371e-10, 1.3162e-10, 3.3642e-10, 1.2020e-06, 2.9530e-10, 6.8731e-07,
        2.6977e-12, 1.3479e-09, 1.6236e-04, 5.4449e-07, 4.5112e-08, 3.4221e-09,
        1.8320e-08, 3.8384e-09])//
train_examples$126400$8000.0//
train_loss$128000$7.999767363071442e-06//
train_individual_losses$128000$tensor([3.1497e-12, 2.3106e-09, 2.9659e-13, 4.3373e-11, 5.7204e-07, 3.4725e-08,
        1.3701e-08, 1.9901e-09, 9.3653e-11, 7.9853e-11, 2.7299e-09, 2.7205e-08,
        1.3884e-10, 2.0762e-10, 1.5927e-04, 1.1350e-08, 1.0120e-09, 1.7134e-09,
        5.4462e-08, 1.5695e-09])//
train_examples$128000$8000.0//
train_loss$129600$8.193841576576233e-06//
train_individual_losses$129600$tensor([1.1853e-06, 3.2185e-10, 8.3262e-07, 3.5095e-07, 1.0202e-10, 6.5273e-10,
        4.6056e-11, 1.0809e-10, 1.5152e-08, 6.6202e-08, 2.7489e-12, 2.0706e-08,
        1.5819e-09, 7.5038e-12, 1.6134e-04, 8.3686e-11, 9.4794e-12, 3.7576e-08,
        7.9885e-11, 2.8747e-08])//
train_examples$129600$8000.0//
train_loss$131200$8.067714422941208e-06//
train_individual_losses$131200$tensor([3.2785e-08, 4.4506e-08, 1.9879e-09, 6.2112e-08, 1.1740e-10, 1.2853e-10,
        2.2665e-07, 6.0677e-11, 6.8734e-10, 1.9459e-12, 6.4430e-10, 3.8483e-11,
        2.5984e-08, 2.3473e-08, 1.6075e-04, 7.3935e-11, 2.4603e-09, 1.7299e-07,
        7.3416e-09, 2.4346e-09])//
train_examples$131200$8000.0//
train_loss$132800$8.558142185211181e-06//
train_individual_losses$132800$tensor([1.3117e-10, 4.9044e-07, 9.1134e-07, 7.5295e-08, 3.9023e-07, 9.0158e-09,
        1.5134e-11, 8.7163e-08, 1.1885e-08, 6.3037e-07, 6.6111e-08, 5.1404e-07,
        3.9300e-12, 5.9708e-11, 1.6796e-04, 2.4868e-11, 6.6714e-10, 3.8191e-12,
        5.0726e-09, 9.2118e-09])//
train_examples$132800$8000.0//
train_loss$134400$8.126049488782883e-06//
train_individual_losses$134400$tensor([2.1514e-12, 4.5256e-09, 4.8276e-13, 1.8996e-09, 4.3491e-09, 8.3108e-08,
        8.2831e-12, 6.8801e-07, 3.7761e-08, 9.8510e-11, 9.2854e-10, 1.8155e-11,
        2.1676e-10, 8.4442e-09, 1.5929e-04, 2.8397e-09, 7.5475e-12, 3.6489e-08,
        6.9075e-07, 1.6733e-06])//
train_examples$134400$8000.0//
train_loss$136000$8.325766772031784e-06//
train_individual_losses$136000$tensor([9.0871e-11, 1.4349e-08, 1.8816e-08, 2.5027e-10, 1.8887e-11, 1.6812e-06,
        2.0502e-11, 2.2512e-07, 9.2757e-08, 4.2484e-12, 2.4809e-12, 1.7612e-07,
        4.8948e-08, 1.3853e-06, 1.6093e-04, 4.2042e-09, 1.5367e-07, 7.3701e-11,
        1.7850e-06, 2.4659e-10])//
train_examples$136000$8000.0//
train_loss$137600$8.312315493822098e-06//
train_individual_losses$137600$tensor([2.7272e-12, 6.7039e-12, 3.6799e-07, 1.7015e-10, 1.2539e-07, 5.3775e-11,
        3.7549e-08, 5.3317e-09, 1.2254e-07, 1.8026e-10, 3.6353e-08, 1.6937e-07,
        4.8069e-06, 7.4008e-07, 1.5963e-04, 1.6093e-08, 1.8492e-07, 6.3155e-12,
        1.1655e-10, 1.6369e-09])//
train_examples$137600$8000.0//
train_loss$139200$8.957047015428544e-06//
train_individual_losses$139200$tensor([3.6247e-12, 3.6089e-09, 1.4303e-09, 1.6106e-11, 1.5991e-08, 4.7812e-07,
        3.1106e-09, 4.8759e-08, 1.5582e-09, 1.1768e-10, 2.7445e-08, 1.6794e-11,
        1.0374e-06, 2.3121e-09, 1.7619e-04, 1.3103e-06, 1.3660e-11, 9.0650e-10,
        1.7289e-08, 2.7705e-10])//
train_examples$139200$8000.0//
train_loss$140800$8.638236671686173e-06//
train_individual_losses$140800$tensor([2.4144e-09, 2.4516e-11, 9.6332e-09, 2.9667e-11, 4.6660e-11, 2.6925e-07,
        1.3847e-06, 4.8865e-12, 1.4524e-10, 2.4117e-09, 3.1360e-10, 3.4858e-12,
        3.3093e-08, 1.3295e-10, 1.7088e-04, 6.1864e-10, 2.8135e-11, 7.3250e-08,
        1.7745e-09, 1.0245e-07])//
train_examples$140800$8000.0//
train_loss$142400$8.303592354059219e-06//
train_individual_losses$142400$tensor([3.3009e-09, 3.5074e-10, 1.4770e-11, 4.6559e-08, 4.3853e-08, 1.0997e-08,
        1.4564e-07, 6.3264e-10, 3.1239e-08, 9.5102e-08, 5.4329e-08, 5.1314e-09,
        7.4507e-09, 1.7865e-08, 1.6534e-04, 3.0571e-08, 3.9587e-08, 1.0020e-09,
        2.0060e-07, 8.5351e-10])//
train_examples$142400$8000.0//
train_loss$144000$8.184251934289933e-06//
train_individual_losses$144000$tensor([2.8245e-12, 2.8048e-11, 1.9740e-11, 3.9859e-11, 3.3743e-07, 1.0155e-07,
        2.7558e-09, 1.1064e-11, 1.1348e-10, 4.2676e-08, 7.8494e-12, 4.6757e-10,
        1.1611e-11, 2.1180e-11, 1.6318e-04, 1.0602e-09, 1.1696e-11, 1.5970e-08,
        1.5396e-09, 4.8101e-09])//
train_examples$144000$8000.0//
train_loss$145600$8.777888119220734e-06//
train_individual_losses$145600$tensor([1.2505e-06, 1.7396e-11, 1.7726e-07, 2.0925e-10, 1.1507e-07, 5.8634e-10,
        3.0932e-07, 2.8729e-07, 2.4134e-08, 1.0337e-07, 4.6418e-07, 2.0856e-10,
        2.6599e-11, 5.6670e-10, 1.7257e-04, 1.0914e-08, 1.0974e-08, 6.9295e-12,
        8.9832e-09, 2.2134e-07])//
train_examples$145600$8000.0//
train_loss$147200$8.09517651796341e-06//
train_individual_losses$147200$tensor([1.1725e-10, 6.4362e-09, 5.6861e-14, 9.9790e-08, 4.6608e-07, 2.3948e-08,
        8.9105e-12, 7.9952e-09, 4.3146e-11, 8.2511e-09, 7.1557e-12, 8.2123e-09,
        1.5616e-11, 3.8350e-11, 1.5948e-04, 9.3120e-07, 7.8003e-07, 7.7464e-10,
        8.8139e-08, 3.4123e-10])//
train_examples$147200$8000.0//
train_loss$148800$8.232679963111878e-06//
train_individual_losses$148800$tensor([1.4813e-10, 2.8268e-08, 1.8184e-08, 8.7839e-11, 6.0353e-12, 4.6720e-08,
        1.0402e-08, 6.1277e-12, 3.6627e-08, 2.8398e-10, 2.9708e-07, 7.9080e-11,
        2.2890e-07, 2.1716e-08, 1.6386e-04, 5.9946e-08, 2.0238e-09, 1.0486e-08,
        3.1251e-08, 1.9995e-10])//
train_examples$148800$8000.0//
train_loss$150400$8.021393418312073e-06//
train_individual_losses$150400$tensor([3.1968e-12, 3.1184e-12, 3.6020e-13, 4.2175e-08, 4.7465e-10, 2.6860e-07,
        2.1548e-09, 2.9064e-12, 9.4948e-08, 8.9564e-10, 3.7459e-12, 1.2507e-08,
        1.7564e-11, 4.2564e-11, 1.5997e-04, 3.1687e-09, 3.1443e-11, 2.1712e-11,
        3.5747e-08, 5.4194e-10])//
train_examples$150400$8000.0//
train_loss$152000$8.284558355808258e-06//
train_individual_losses$152000$tensor([3.0766e-06, 1.1226e-09, 9.4899e-13, 8.4489e-09, 5.4854e-10, 1.3888e-11,
        5.0532e-08, 8.9384e-08, 3.4873e-08, 4.3041e-12, 9.7689e-09, 2.6060e-08,
        4.5148e-12, 4.5429e-08, 1.6132e-04, 2.9469e-11, 7.6508e-07, 2.4670e-12,
        3.4342e-11, 2.5971e-07])//
train_examples$152000$8000.0//
train_loss$153600$8.276526629924775e-06//
train_individual_losses$153600$tensor([1.6054e-12, 7.3914e-08, 9.0224e-09, 1.7253e-09, 1.0583e-08, 3.1688e-08,
        1.1777e-11, 2.8133e-12, 4.1638e-11, 2.0487e-11, 2.0039e-07, 1.9550e-11,
        5.1366e-12, 1.5600e-08, 1.6510e-04, 2.1160e-11, 4.0805e-08, 1.6101e-09,
        1.8140e-08, 3.0906e-08])//
train_examples$153600$8000.0//
train_loss$155200$8.246337622404098e-06//
train_individual_losses$155200$tensor([5.2131e-07, 4.0562e-12, 4.6167e-09, 2.3850e-06, 1.1635e-08, 2.4243e-08,
        1.7879e-11, 6.6140e-07, 3.2570e-11, 4.9152e-11, 8.9277e-08, 1.0500e-06,
        4.7684e-10, 2.2891e-11, 1.6013e-04, 2.8717e-11, 2.9724e-11, 9.9721e-10,
        1.6848e-10, 4.8794e-08])//
train_examples$155200$8000.0//
train_loss$156800$8.07354599237442e-06//
train_individual_losses$156800$tensor([3.6957e-07, 1.8050e-10, 8.0953e-08, 5.5569e-11, 2.0996e-07, 3.2737e-09,
        3.5416e-08, 3.0691e-12, 3.1724e-11, 5.6020e-10, 8.1842e-11, 9.9191e-08,
        8.0001e-07, 5.9654e-11, 1.5975e-04, 4.9961e-09, 1.1609e-08, 8.5014e-12,
        1.0869e-07, 2.6663e-10])//
train_examples$156800$8000.0//
train_loss$158400$8.05189535021782e-06//
train_individual_losses$158400$tensor([1.5820e-11, 2.7634e-12, 3.3519e-13, 5.7357e-10, 3.2103e-09, 4.5769e-08,
        6.6359e-10, 6.5547e-09, 9.4921e-11, 1.0151e-07, 3.7003e-07, 8.0387e-07,
        4.5556e-13, 8.4741e-08, 1.5959e-04, 1.9674e-10, 6.4931e-09, 2.0547e-08,
        9.3148e-11, 1.7591e-10])//
train_examples$158400$8000.0//
train_loss$160000$8.25069472193718e-06//
train_individual_losses$160000$tensor([1.6370e-12, 4.1164e-12, 9.6048e-09, 3.9158e-07, 5.7513e-07, 4.2999e-10,
        2.5380e-08, 3.3454e-09, 1.1234e-11, 4.9730e-12, 4.4969e-10, 3.0324e-12,
        1.7958e-07, 5.8303e-11, 1.6351e-04, 2.7101e-07, 7.6179e-12, 7.4858e-09,
        1.3591e-08, 2.3671e-08])//
train_examples$160000$8000.0