train_loss$0$0.6479655729166667//
train_individual_losses$0$tensor([0.7274, 0.2951, 0.4402, 0.4869, 0.6177, 0.6186, 0.5368, 0.2958, 0.2261,
        1.5294, 0.2445, 0.5965, 1.1686, 0.7329, 1.1391, 1.1770, 0.5864, 0.5408,
        0.5992, 0.4616, 0.1830, 0.6146, 1.5309, 0.4530, 0.4169, 0.2485, 0.3669,
        0.9393, 0.9843, 0.6810])//
train_examples$0$10000.0//
train_loss$2000$0.009873120930989583//
train_individual_losses$2000$tensor([0.0108, 0.0085, 0.0127, 0.0027, 0.0090, 0.0129, 0.0077, 0.0068, 0.0026,
        0.0147, 0.0053, 0.0071, 0.0204, 0.0152, 0.0078, 0.0157, 0.0087, 0.0078,
        0.0123, 0.0057, 0.0067, 0.0078, 0.0323, 0.0072, 0.0070, 0.0048, 0.0058,
        0.0097, 0.0125, 0.0082])//
train_examples$2000$10000.0//
train_loss$4000$0.0033966796875//
train_individual_losses$4000$tensor([0.0053, 0.0022, 0.0041, 0.0008, 0.0031, 0.0040, 0.0036, 0.0026, 0.0005,
        0.0049, 0.0020, 0.0034, 0.0060, 0.0055, 0.0026, 0.0048, 0.0036, 0.0035,
        0.0044, 0.0020, 0.0023, 0.0037, 0.0066, 0.0021, 0.0033, 0.0015, 0.0018,
        0.0037, 0.0050, 0.0030])//
train_examples$4000$10000.0//
train_loss$6000$0.0016781962076822916//
train_individual_losses$6000$tensor([0.0025, 0.0008, 0.0015, 0.0003, 0.0020, 0.0021, 0.0019, 0.0013, 0.0002,
        0.0023, 0.0010, 0.0012, 0.0029, 0.0031, 0.0014, 0.0024, 0.0022, 0.0020,
        0.0023, 0.0011, 0.0014, 0.0020, 0.0027, 0.0012, 0.0017, 0.0009, 0.0007,
        0.0020, 0.0027, 0.0008])//
train_examples$6000$10000.0//
train_loss$8000$0.0009753349812825521//
train_individual_losses$8000$tensor([1.3408e-03, 4.3860e-04, 9.2244e-04, 1.4698e-04, 1.4881e-03, 1.0882e-03,
        1.3437e-03, 7.6820e-04, 6.3534e-05, 1.1741e-03, 4.9276e-04, 5.2348e-04,
        1.7446e-03, 1.4958e-03, 7.2999e-04, 8.7931e-04, 1.4650e-03, 1.4804e-03,
        1.3463e-03, 8.3439e-04, 9.6944e-04, 1.3989e-03, 1.2901e-03, 7.7596e-04,
        1.0265e-03, 3.8241e-04, 4.2342e-04, 1.3011e-03, 1.6541e-03, 2.7118e-04])//
train_examples$8000$10000.0//
train_loss$10000$0.0005741327412923177//
train_individual_losses$10000$tensor([4.5744e-04, 2.7724e-04, 6.6643e-04, 1.0073e-04, 8.8318e-04, 6.6707e-04,
        1.0027e-03, 5.3847e-04, 3.6681e-05, 8.4558e-04, 1.9118e-04, 3.0918e-04,
        1.0053e-03, 4.0813e-04, 1.8406e-04, 2.5974e-04, 9.1406e-04, 1.1265e-03,
        8.6490e-04, 5.6032e-04, 6.0169e-04, 9.1534e-04, 9.5432e-04, 5.8306e-04,
        2.6283e-04, 1.2201e-04, 2.5504e-04, 8.5866e-04, 1.2121e-03, 1.5997e-04])//
train_examples$10000$10000.0//
train_loss$12000$0.00032238171895345054//
train_individual_losses$12000$tensor([2.5949e-04, 1.9040e-04, 4.4759e-04, 7.1590e-05, 4.8163e-04, 3.5933e-04,
        7.6980e-04, 4.1747e-04, 2.8866e-05, 1.4429e-04, 9.6011e-05, 2.2118e-04,
        6.1246e-04, 2.5291e-04, 9.7864e-05, 1.2443e-04, 3.9403e-04, 8.7025e-04,
        1.4544e-04, 1.5956e-04, 1.4694e-04, 5.6991e-04, 7.2068e-04, 4.2208e-04,
        1.2595e-04, 7.8467e-05, 1.8264e-04, 5.3370e-04, 6.4023e-04, 1.0627e-04])//
train_examples$12000$10000.0//
train_loss$14000$0.00021049184163411458//
train_individual_losses$14000$tensor([1.8392e-04, 1.5192e-04, 2.9834e-04, 3.2152e-05, 3.2240e-04, 2.0105e-04,
        5.3476e-04, 3.2199e-04, 2.4599e-05, 7.2382e-05, 6.7280e-05, 1.3956e-04,
        2.8355e-04, 1.7353e-04, 6.2069e-05, 7.2144e-05, 1.7629e-04, 6.9872e-04,
        8.3146e-05, 9.7418e-05, 8.3262e-05, 3.7635e-04, 5.6434e-04, 2.7273e-04,
        7.6637e-05, 6.0340e-05, 1.4252e-04, 3.5385e-04, 3.1097e-04, 7.6535e-05])//
train_examples$14000$10000.0//
train_loss$16000$0.00015301258087158204//
train_individual_losses$16000$tensor([1.2992e-04, 1.3277e-04, 2.3466e-04, 2.2232e-05, 2.4067e-04, 1.4119e-04,
        3.7882e-04, 1.7294e-04, 2.1218e-05, 4.8660e-05, 5.4164e-05, 1.0985e-04,
        1.6584e-04, 1.4222e-04, 5.3582e-05, 4.7405e-05, 1.3785e-04, 5.6802e-04,
        5.8019e-05, 6.8795e-05, 6.6472e-05, 2.6241e-04, 4.6023e-04, 1.8393e-04,
        5.2624e-05, 4.7931e-05, 1.1656e-04, 2.5975e-04, 1.5984e-04, 5.1801e-05])//
train_examples$16000$10000.0//
train_loss$18000$0.0001176080322265625//
train_individual_losses$18000$tensor([9.1804e-05, 1.2412e-04, 2.0393e-04, 1.9251e-05, 1.8648e-04, 1.1103e-04,
        3.2000e-04, 1.4115e-04, 1.9611e-05, 3.6849e-05, 4.5340e-05, 9.4954e-05,
        1.2857e-04, 3.9672e-05, 4.3445e-05, 3.4051e-05, 1.2384e-04, 4.3690e-04,
        2.3465e-05, 5.4773e-05, 5.4034e-05, 1.5334e-04, 3.9803e-04, 1.4154e-04,
        3.7240e-05, 3.5244e-05, 9.6398e-05, 1.9880e-04, 9.2105e-05, 4.2284e-05])//
train_examples$18000$10000.0//
train_loss$20000$9.984504699707032e-05//
train_individual_losses$20000$tensor([7.1461e-05, 1.1392e-04, 1.8901e-04, 1.6595e-05, 1.5820e-04, 7.8859e-05,
        2.8377e-04, 1.2610e-04, 1.8474e-05, 2.9094e-05, 4.0492e-05, 8.4287e-05,
        1.0748e-04, 2.8858e-05, 3.9934e-05, 2.4131e-05, 1.1231e-04, 3.6692e-04,
        1.8556e-05, 4.6208e-05, 4.3688e-05, 1.1226e-04, 3.6281e-04, 1.2285e-04,
        2.7133e-05, 2.9577e-05, 7.9393e-05, 1.6040e-04, 6.6337e-05, 3.6241e-05])//
train_examples$20000$10000.0//
train_loss$22000$8.68311627705892e-05//
train_individual_losses$22000$tensor([5.7527e-05, 8.4227e-05, 1.7948e-04, 1.5404e-05, 1.3718e-04, 6.5572e-05,
        2.4598e-04, 1.0634e-04, 1.7742e-05, 2.2831e-05, 3.5851e-05, 7.8629e-05,
        8.3756e-05, 2.5068e-05, 3.7345e-05, 1.8168e-05, 1.0233e-04, 3.2858e-04,
        1.4851e-05, 3.7414e-05, 2.8334e-05, 9.5593e-05, 3.4023e-04, 1.1092e-04,
        2.1889e-05, 2.4070e-05, 6.8334e-05, 1.3533e-04, 5.2359e-05, 3.3589e-05])//
train_examples$22000$10000.0//
train_loss$24000$7.611566543579101e-05//
train_individual_losses$24000$tensor([4.7483e-05, 4.6917e-05, 1.7083e-04, 1.2411e-05, 1.2194e-04, 5.6671e-05,
        2.1355e-04, 9.5984e-05, 1.6841e-05, 1.8595e-05, 3.2852e-05, 7.1946e-05,
        6.7862e-05, 2.2965e-05, 3.4580e-05, 1.4700e-05, 9.5189e-05, 2.8904e-04,
        1.3271e-05, 3.2225e-05, 2.3449e-05, 8.3533e-05, 3.0723e-04, 1.0172e-04,
        1.7479e-05, 2.0379e-05, 5.9566e-05, 1.1948e-04, 4.3693e-05, 3.1084e-05])//
train_examples$24000$10000.0//
train_loss$26000$6.580206553141277e-05//
train_individual_losses$26000$tensor([4.0450e-05, 3.5745e-05, 1.6421e-04, 1.1272e-05, 1.1227e-04, 4.8756e-05,
        1.8352e-04, 8.8822e-05, 1.6361e-05, 1.5445e-05, 3.1427e-05, 6.6289e-05,
        5.5435e-05, 2.2017e-05, 3.0614e-05, 1.2509e-05, 9.1144e-05, 1.7953e-04,
        1.2168e-05, 2.8986e-05, 1.9234e-05, 7.5375e-05, 2.7948e-04, 9.6453e-05,
        1.5092e-05, 1.7150e-05, 5.2519e-05, 1.0475e-04, 3.7268e-05, 2.9779e-05])//
train_examples$26000$10000.0//
train_loss$28000$5.6883252461751304e-05//
train_individual_losses$28000$tensor([3.5540e-05, 3.0322e-05, 1.4377e-04, 1.0686e-05, 6.9402e-05, 4.1986e-05,
        1.5655e-04, 8.2097e-05, 1.5877e-05, 1.2984e-05, 2.9025e-05, 6.0972e-05,
        4.6377e-05, 2.0698e-05, 2.6021e-05, 1.0716e-05, 8.6713e-05, 1.5367e-04,
        1.1479e-05, 2.5180e-05, 1.6212e-05, 6.7816e-05, 2.3647e-04, 9.3174e-05,
        1.3547e-05, 1.5352e-05, 4.4752e-05, 8.7421e-05, 3.3351e-05, 2.8338e-05])//
train_examples$28000$10000.0//
train_loss$30000$5.010631879170736e-05//
train_individual_losses$30000$tensor([3.2415e-05, 2.6839e-05, 1.3029e-04, 1.0164e-05, 5.9916e-05, 3.8702e-05,
        1.3321e-04, 7.6828e-05, 1.5208e-05, 1.0977e-05, 2.7532e-05, 5.7254e-05,
        3.8994e-05, 1.9822e-05, 2.4045e-05, 9.2996e-06, 8.2947e-05, 1.3625e-04,
        1.0367e-05, 2.2520e-05, 1.4112e-05, 6.0810e-05, 1.7978e-04, 9.0768e-05,
        1.2558e-05, 1.4386e-05, 3.7555e-05, 7.2801e-05, 2.9778e-05, 2.7067e-05])//
train_examples$30000$10000.0//
train_loss$32000$4.407354990641276e-05//
train_individual_losses$32000$tensor([2.8650e-05, 2.3389e-05, 1.2089e-04, 1.0422e-05, 5.5166e-05, 3.6155e-05,
        1.1497e-04, 7.4106e-05, 1.4836e-05, 9.5040e-06, 2.6349e-05, 5.4189e-05,
        3.3350e-05, 1.9501e-05, 2.1932e-05, 8.0831e-06, 8.0056e-05, 1.2345e-04,
        9.5492e-06, 2.0386e-05, 1.2483e-05, 5.4713e-05, 1.0605e-04, 8.7438e-05,
        1.1680e-05, 1.3763e-05, 3.4286e-05, 6.3391e-05, 2.7487e-05, 2.5984e-05])//
train_examples$32000$10000.0//
train_loss$34000$3.924635569254557e-05//
train_individual_losses$34000$tensor([2.6128e-05, 1.8277e-05, 1.1429e-04, 9.6072e-06, 5.1325e-05, 3.3499e-05,
        6.6743e-05, 7.0198e-05, 1.3796e-05, 8.0623e-06, 2.5584e-05, 5.1842e-05,
        2.8930e-05, 1.8799e-05, 2.0779e-05, 7.4264e-06, 7.6044e-05, 1.1403e-04,
        9.0974e-06, 1.8573e-05, 1.1277e-05, 5.0307e-05, 8.6169e-05, 8.6146e-05,
        1.1045e-05, 1.3296e-05, 3.1979e-05, 5.4812e-05, 2.5338e-05, 2.3990e-05])//
train_examples$34000$10000.0//
train_loss$36000$3.672670046488444e-05//
train_individual_losses$36000$tensor([2.3840e-05, 1.5451e-05, 1.1008e-04, 9.3857e-06, 4.9382e-05, 3.0688e-05,
        6.0877e-05, 6.7453e-05, 1.3363e-05, 6.9646e-06, 2.4816e-05, 5.0235e-05,
        2.5150e-05, 1.9361e-05, 1.9673e-05, 6.7690e-06, 7.2966e-05, 1.0312e-04,
        8.4193e-06, 1.7053e-05, 1.0811e-05, 4.7442e-05, 7.5386e-05, 8.4141e-05,
        1.0574e-05, 1.2896e-05, 3.0874e-05, 4.7672e-05, 2.4201e-05, 2.2750e-05])//
train_examples$36000$10000.0//
train_loss$38000$3.4189872741699216e-05//
train_individual_losses$38000$tensor([2.1762e-05, 1.3219e-05, 1.0514e-04, 9.0858e-06, 4.4791e-05, 2.7968e-05,
        5.5227e-05, 6.4036e-05, 1.3145e-05, 5.8684e-06, 2.3912e-05, 4.7220e-05,
        2.1623e-05, 1.7811e-05, 1.8725e-05, 6.1048e-06, 6.9229e-05, 9.3609e-05,
        8.0749e-06, 1.5604e-05, 1.0029e-05, 4.4306e-05, 6.7789e-05, 8.2935e-05,
        9.9623e-06, 1.2809e-05, 2.8998e-05, 4.2673e-05, 2.2160e-05, 2.1878e-05])//
train_examples$38000$10000.0//
train_loss$40000$3.237198193868001e-05//
train_individual_losses$40000$tensor([2.0475e-05, 1.2344e-05, 1.0283e-04, 8.7987e-06, 4.2456e-05, 2.7040e-05,
        5.1248e-05, 6.0921e-05, 1.2364e-05, 4.8174e-06, 2.3212e-05, 4.5587e-05,
        1.8836e-05, 1.8181e-05, 1.8063e-05, 5.7816e-06, 6.6061e-05, 8.5194e-05,
        7.5681e-06, 1.4597e-05, 1.0087e-05, 4.2060e-05, 6.1680e-05, 8.1910e-05,
        9.5591e-06, 1.2360e-05, 2.6638e-05, 3.8777e-05, 2.0554e-05, 2.1158e-05])//
train_examples$40000$10000.0//
train_loss$42000$3.057042121887207e-05//
train_individual_losses$42000$tensor([1.8490e-05, 1.1567e-05, 1.0065e-04, 8.5791e-06, 3.9213e-05, 2.6215e-05,
        4.7811e-05, 6.0846e-05, 1.2292e-05, 3.9768e-06, 2.2556e-05, 4.2967e-05,
        1.6143e-05, 1.7005e-05, 1.7285e-05, 5.5350e-06, 6.2299e-05, 7.5860e-05,
        7.3035e-06, 1.3251e-05, 9.7147e-06, 4.0028e-05, 5.6844e-05, 8.0322e-05,
        9.3746e-06, 1.1998e-05, 2.5158e-05, 3.4114e-05, 1.9081e-05, 2.0636e-05])//
train_examples$42000$10000.0//
train_loss$44000$2.8647133509318034e-05//
train_individual_losses$44000$tensor([1.6948e-05, 1.1132e-05, 9.8722e-05, 8.4729e-06, 3.6773e-05, 2.4839e-05,
        4.2822e-05, 5.6417e-05, 1.1971e-05, 3.4506e-06, 2.2015e-05, 4.0583e-05,
        1.4134e-05, 1.6982e-05, 1.6676e-05, 5.1204e-06, 5.6663e-05, 6.9585e-05,
        7.0570e-06, 1.2425e-05, 9.6506e-06, 3.8982e-05, 5.1143e-05, 7.3120e-05,
        8.7762e-06, 1.1938e-05, 2.3793e-05, 3.1317e-05, 1.7787e-05, 2.0117e-05])//
train_examples$44000$10000.0//
train_loss$46000$2.7003402709960938e-05//
train_individual_losses$46000$tensor([1.5940e-05, 1.0574e-05, 9.7375e-05, 8.2374e-06, 3.4618e-05, 2.4210e-05,
        4.0721e-05, 5.4945e-05, 1.1548e-05, 3.3151e-06, 2.1809e-05, 3.5620e-05,
        1.2076e-05, 1.6579e-05, 1.6107e-05, 4.7485e-06, 5.2428e-05, 6.4406e-05,
        6.8265e-06, 1.2471e-05, 8.8757e-06, 3.6976e-05, 4.2922e-05, 6.8088e-05,
        8.5376e-06, 1.2149e-05, 2.2482e-05, 2.9291e-05, 1.6875e-05, 1.9353e-05])//
train_examples$46000$10000.0//
train_loss$48000$2.5434961318969727e-05//
train_individual_losses$48000$tensor([1.4797e-05, 1.0362e-05, 9.5972e-05, 8.0245e-06, 3.2811e-05, 2.3650e-05,
        3.6592e-05, 5.4260e-05, 1.1401e-05, 2.7231e-06, 2.1132e-05, 3.0340e-05,
        1.0469e-05, 1.6499e-05, 1.5629e-05, 4.5201e-06, 4.8920e-05, 6.0618e-05,
        6.8120e-06, 1.1199e-05, 8.8014e-06, 3.5043e-05, 3.5898e-05, 6.3737e-05,
        8.2762e-06, 1.1765e-05, 2.1001e-05, 2.7368e-05, 1.5662e-05, 1.8767e-05])//
train_examples$48000$10000.0//
train_loss$50000$2.4204104741414388e-05//
train_individual_losses$50000$tensor([1.3400e-05, 9.9023e-06, 9.4636e-05, 7.7246e-06, 2.9902e-05, 2.2522e-05,
        3.4420e-05, 5.3770e-05, 1.1115e-05, 2.5027e-06, 1.9671e-05, 2.7490e-05,
        8.7084e-06, 1.6252e-05, 1.4812e-05, 4.4306e-06, 4.6248e-05, 5.7292e-05,
        6.6297e-06, 1.0441e-05, 8.9916e-06, 3.3903e-05, 3.2290e-05, 6.0155e-05,
        8.0214e-06, 1.1274e-05, 2.0419e-05, 2.6474e-05, 1.4559e-05, 1.8169e-05])//
train_examples$50000$10000.0//
train_loss$52000$2.3047928810119627e-05//
train_individual_losses$52000$tensor([1.2502e-05, 9.6556e-06, 9.2553e-05, 7.6229e-06, 2.7964e-05, 2.1580e-05,
        3.0663e-05, 5.5031e-05, 1.0985e-05, 2.2562e-06, 1.8731e-05, 2.5207e-05,
        7.4924e-06, 1.5990e-05, 1.4300e-05, 4.1933e-06, 4.2043e-05, 5.4176e-05,
        6.5263e-06, 9.7150e-06, 8.6675e-06, 3.3604e-05, 2.9638e-05, 5.6798e-05,
        7.8562e-06, 1.1133e-05, 1.9089e-05, 2.3874e-05, 1.3606e-05, 1.7985e-05])//
train_examples$52000$10000.0//
train_loss$54000$2.1993271509806314e-05//
train_individual_losses$54000$tensor([1.1537e-05, 9.5089e-06, 9.1670e-05, 7.3645e-06, 2.6448e-05, 2.0280e-05,
        2.8332e-05, 5.5025e-05, 1.0870e-05, 2.1468e-06, 1.8316e-05, 2.3345e-05,
        6.3734e-06, 1.6828e-05, 1.4155e-05, 3.9843e-06, 3.9219e-05, 5.1119e-05,
        6.6106e-06, 9.2502e-06, 8.6431e-06, 3.0624e-05, 2.5130e-05, 5.3426e-05,
        7.7385e-06, 1.1054e-05, 1.7434e-05, 2.2553e-05, 1.2898e-05, 1.7914e-05])//
train_examples$54000$10000.0//
train_loss$56000$2.099585215250651e-05//
train_individual_losses$56000$tensor([1.0924e-05, 9.2223e-06, 8.9280e-05, 7.3490e-06, 2.4201e-05, 2.0322e-05,
        2.6114e-05, 5.2638e-05, 1.0710e-05, 1.9638e-06, 1.7224e-05, 2.1821e-05,
        5.5964e-06, 1.5818e-05, 1.3314e-05, 4.0729e-06, 3.6299e-05, 5.0510e-05,
        6.3886e-06, 8.8477e-06, 8.5715e-06, 3.0910e-05, 2.1804e-05, 5.0663e-05,
        7.6605e-06, 1.0989e-05, 1.6708e-05, 2.1119e-05, 1.1402e-05, 1.7432e-05])//
train_examples$56000$10000.0//
train_loss$58000$2.0094545682271322e-05//
train_individual_losses$58000$tensor([1.0193e-05, 9.2689e-06, 8.7816e-05, 7.1653e-06, 2.2473e-05, 1.9385e-05,
        2.3701e-05, 5.3894e-05, 1.0673e-05, 1.8274e-06, 1.6490e-05, 2.1196e-05,
        4.9424e-06, 1.5694e-05, 1.2762e-05, 3.5977e-06, 3.4168e-05, 4.6209e-05,
        6.4715e-06, 8.3351e-06, 8.5841e-06, 2.7956e-05, 1.9672e-05, 4.8078e-05,
        7.6724e-06, 1.1115e-05, 1.6035e-05, 1.9888e-05, 1.0532e-05, 1.7042e-05])//
train_examples$58000$10000.0//
train_loss$60000$1.936184247334798e-05//
train_individual_losses$60000$tensor([9.5279e-06, 8.7788e-06, 8.6039e-05, 7.3475e-06, 2.0697e-05, 1.9082e-05,
        2.2119e-05, 5.1499e-05, 1.0529e-05, 1.8154e-06, 1.6173e-05, 1.9955e-05,
        4.4548e-06, 1.5689e-05, 1.2368e-05, 3.5628e-06, 3.2547e-05, 4.6569e-05,
        6.4143e-06, 7.9261e-06, 8.6160e-06, 2.6791e-05, 1.8212e-05, 4.4994e-05,
        7.3693e-06, 1.0467e-05, 1.5628e-05, 1.8704e-05, 9.6141e-06, 1.7367e-05])//
train_examples$60000$10000.0//
train_loss$62000$1.8458201090494793e-05//
train_individual_losses$62000$tensor([8.8288e-06, 8.8185e-06, 8.3792e-05, 6.9572e-06, 1.9002e-05, 1.9509e-05,
        2.1341e-05, 5.1119e-05, 1.0318e-05, 1.6562e-06, 1.6170e-05, 1.8613e-05,
        4.0750e-06, 1.5563e-05, 1.1901e-05, 3.5938e-06, 3.0236e-05, 4.0164e-05,
        6.2598e-06, 7.5075e-06, 8.4801e-06, 2.5185e-05, 1.6887e-05, 4.2255e-05,
        7.2102e-06, 1.0378e-05, 1.4855e-05, 1.7529e-05, 8.6923e-06, 1.6848e-05])//
train_examples$62000$10000.0//
train_loss$64000$1.7764786084493e-05//
train_individual_losses$64000$tensor([8.3044e-06, 8.4717e-06, 8.1609e-05, 6.7601e-06, 1.7325e-05, 1.9034e-05,
        1.9817e-05, 5.1149e-05, 1.0195e-05, 1.6122e-06, 1.5519e-05, 1.8670e-05,
        3.5992e-06, 1.5560e-05, 1.1810e-05, 3.2852e-06, 2.9009e-05, 3.7694e-05,
        6.2204e-06, 7.4241e-06, 8.4628e-06, 2.4412e-05, 1.5831e-05, 3.8297e-05,
        7.1416e-06, 1.0192e-05, 1.4268e-05, 1.6649e-05, 7.9761e-06, 1.6645e-05])//
train_examples$64000$10000.0//
train_loss$66000$1.6937451362609862e-05//
train_individual_losses$66000$tensor([7.8525e-06, 8.2472e-06, 7.9581e-05, 6.6319e-06, 1.6353e-05, 1.8438e-05,
        1.9182e-05, 5.0067e-05, 1.0423e-05, 1.6962e-06, 1.4970e-05, 1.7358e-05,
        3.3488e-06, 1.5856e-05, 1.1561e-05, 3.2210e-06, 2.7417e-05, 3.0275e-05,
        6.2913e-06, 7.0669e-06, 8.4167e-06, 2.3738e-05, 1.4054e-05, 3.4556e-05,
        7.1331e-06, 1.0060e-05, 1.4317e-05, 1.5758e-05, 7.4083e-06, 1.6847e-05])//
train_examples$66000$10000.0//
train_loss$68000$1.6063262621561686e-05//
train_individual_losses$68000$tensor([7.2136e-06, 8.0167e-06, 7.5528e-05, 6.8158e-06, 1.4369e-05, 1.8345e-05,
        1.8594e-05, 4.9661e-05, 1.0075e-05, 1.5703e-06, 1.5091e-05, 1.6303e-05,
        3.0017e-06, 1.5265e-05, 1.1553e-05, 3.0054e-06, 2.5812e-05, 2.5579e-05,
        6.2453e-06, 6.7454e-06, 8.3930e-06, 2.3294e-05, 1.3245e-05, 2.9886e-05,
        7.1174e-06, 9.9262e-06, 1.3667e-05, 1.4918e-05, 6.6788e-06, 1.5983e-05])//
train_examples$68000$10000.0//
train_loss$70000$1.5358119010925292e-05//
train_individual_losses$70000$tensor([6.7286e-06, 7.7238e-06, 7.1283e-05, 6.4172e-06, 1.2879e-05, 1.8204e-05,
        1.8365e-05, 4.9332e-05, 9.8805e-06, 1.4580e-06, 1.4849e-05, 1.5603e-05,
        2.7882e-06, 1.5869e-05, 1.1107e-05, 3.0532e-06, 2.4639e-05, 2.2301e-05,
        6.3043e-06, 6.4203e-06, 8.3746e-06, 2.2530e-05, 1.2991e-05, 2.4984e-05,
        6.9687e-06, 9.9652e-06, 1.2857e-05, 1.4278e-05, 6.1932e-06, 1.6399e-05])//
train_examples$70000$10000.0//
train_loss$72000$1.4619903564453126e-05//
train_individual_losses$72000$tensor([6.3178e-06, 7.5847e-06, 6.3743e-05, 6.5251e-06, 1.1648e-05, 1.8109e-05,
        1.7628e-05, 4.9227e-05, 9.9837e-06, 1.4164e-06, 1.4379e-05, 1.4979e-05,
        2.6616e-06, 1.5297e-05, 1.1025e-05, 2.8542e-06, 2.3627e-05, 2.0189e-05,
        6.1583e-06, 6.1980e-06, 8.3910e-06, 2.2026e-05, 1.2681e-05, 2.1427e-05,
        6.9148e-06, 9.7367e-06, 1.2610e-05, 1.3785e-05, 5.8168e-06, 1.5658e-05])//
train_examples$72000$10000.0//
train_loss$74000$1.3976267178853353e-05//
train_individual_losses$74000$tensor([5.8783e-06, 7.4416e-06, 5.7382e-05, 6.2666e-06, 1.0034e-05, 1.7862e-05,
        1.6861e-05, 4.8716e-05, 9.7309e-06, 1.3926e-06, 1.4591e-05, 1.4743e-05,
        2.5318e-06, 1.5176e-05, 1.0898e-05, 2.8136e-06, 2.2498e-05, 1.8767e-05,
        6.0954e-06, 5.9994e-06, 8.6282e-06, 2.1855e-05, 1.2115e-05, 1.8593e-05,
        6.7542e-06, 9.6537e-06, 1.2512e-05, 1.2683e-05, 5.3238e-06, 1.5492e-05])//
train_examples$74000$10000.0//
train_loss$76000$1.344140370686849e-05//
train_individual_losses$76000$tensor([5.5679e-06, 7.4015e-06, 5.1674e-05, 6.1690e-06, 8.9817e-06, 1.8075e-05,
        1.6498e-05, 4.8517e-05, 9.5637e-06, 1.4327e-06, 1.4005e-05, 1.4376e-05,
        2.2533e-06, 1.4895e-05, 1.0685e-05, 2.6314e-06, 2.2045e-05, 1.7756e-05,
        6.0498e-06, 5.7256e-06, 8.3270e-06, 2.1065e-05, 1.1655e-05, 1.6525e-05,
        7.0443e-06, 9.5872e-06, 1.1915e-05, 1.1991e-05, 5.1940e-06, 1.5636e-05])//
train_examples$76000$10000.0//
train_loss$78000$1.3030006090799967e-05//
train_individual_losses$78000$tensor([5.4267e-06, 7.3743e-06, 4.7748e-05, 6.2246e-06, 7.7170e-06, 1.7725e-05,
        1.6088e-05, 4.7823e-05, 9.8299e-06, 1.4423e-06, 1.3934e-05, 1.3625e-05,
        2.1702e-06, 1.4642e-05, 1.1252e-05, 2.6248e-06, 2.0930e-05, 1.7389e-05,
        6.0229e-06, 5.8225e-06, 8.2851e-06, 2.0941e-05, 1.1481e-05, 1.4979e-05,
        6.9971e-06, 9.4112e-06, 1.1826e-05, 1.1320e-05, 4.4550e-06, 1.5396e-05])//
train_examples$78000$10000.0//
train_loss$80000$1.2581085364023845e-05//
train_individual_losses$80000$tensor([4.9383e-06, 6.9306e-06, 4.3841e-05, 6.2548e-06, 6.7279e-06, 1.7377e-05,
        1.6321e-05, 4.8026e-05, 9.4317e-06, 1.3571e-06, 1.4250e-05, 1.2732e-05,
        2.0922e-06, 1.4567e-05, 1.0474e-05, 2.6478e-06, 2.0069e-05, 1.6296e-05,
        5.9198e-06, 5.3558e-06, 8.3285e-06, 2.0136e-05, 1.1268e-05, 1.3672e-05,
        6.7397e-06, 9.5085e-06, 1.2103e-05, 1.0621e-05, 4.1221e-06, 1.5323e-05])//
train_examples$80000$10000.0//
train_loss$82000$1.2118980884552001e-05//
train_individual_losses$82000$tensor([4.7197e-06, 6.8012e-06, 4.0417e-05, 5.2065e-06, 6.0049e-06, 1.7278e-05,
        1.5570e-05, 4.7466e-05, 9.4672e-06, 1.4098e-06, 1.3611e-05, 1.2268e-05,
        1.9692e-06, 1.4041e-05, 1.0557e-05, 2.5177e-06, 1.9216e-05, 1.5332e-05,
        5.8432e-06, 5.1500e-06, 8.3873e-06, 1.9815e-05, 1.0918e-05, 1.2886e-05,
        6.6259e-06, 9.6665e-06, 1.1327e-05, 9.9940e-06, 3.8396e-06, 1.5265e-05])//
train_examples$82000$10000.0//
train_loss$84000$1.1841800212860107e-05//
train_individual_losses$84000$tensor([4.3842e-06, 6.1626e-06, 3.6952e-05, 5.1261e-06, 5.5088e-06, 1.7076e-05,
        1.5170e-05, 4.7074e-05, 9.8168e-06, 1.7292e-06, 1.3495e-05, 1.2047e-05,
        1.8993e-06, 1.3623e-05, 1.0251e-05, 2.4069e-06, 1.8678e-05, 1.4841e-05,
        5.8945e-06, 5.3728e-06, 8.4854e-06, 2.0067e-05, 1.0663e-05, 1.2142e-05,
        6.7221e-06, 9.4511e-06, 1.1954e-05, 9.4466e-06, 3.7988e-06, 1.5017e-05])//
train_examples$84000$10000.0//
train_loss$86000$1.147339661916097e-05//
train_individual_losses$86000$tensor([4.1523e-06, 5.8280e-06, 3.3926e-05, 5.0252e-06, 4.9379e-06, 1.6877e-05,
        1.5001e-05, 4.6755e-05, 9.1668e-06, 1.4342e-06, 1.3512e-05, 1.2121e-05,
        1.7923e-06, 1.3682e-05, 1.0591e-05, 2.3616e-06, 1.8536e-05, 1.4503e-05,
        5.9304e-06, 4.7012e-06, 8.2271e-06, 1.9305e-05, 1.0453e-05, 1.1253e-05,
        6.5372e-06, 9.1303e-06, 1.1181e-05, 9.1484e-06, 3.2183e-06, 1.4916e-05])//
train_examples$86000$10000.0//
train_loss$88000$1.109604279200236e-05//
train_individual_losses$88000$tensor([3.9319e-06, 5.3103e-06, 3.0446e-05, 4.8897e-06, 4.3357e-06, 1.6820e-05,
        1.4726e-05, 4.6755e-05, 9.2516e-06, 1.2464e-06, 1.3133e-05, 1.0841e-05,
        1.6296e-06, 1.4226e-05, 1.0138e-05, 2.3229e-06, 1.6475e-05, 1.4286e-05,
        5.7043e-06, 5.2394e-06, 8.4226e-06, 1.8705e-05, 1.0304e-05, 1.0733e-05,
        6.5987e-06, 9.1013e-06, 1.0896e-05, 8.3701e-06, 2.9803e-06, 1.5061e-05])//
train_examples$88000$10000.0//
train_loss$90000$1.0778622627258301e-05//
train_individual_losses$90000$tensor([3.7535e-06, 5.0335e-06, 2.7678e-05, 4.8562e-06, 4.2400e-06, 1.6754e-05,
        1.4415e-05, 4.6354e-05, 9.2483e-06, 1.2983e-06, 1.3167e-05, 1.0521e-05,
        1.5813e-06, 1.3559e-05, 1.0142e-05, 2.1958e-06, 1.5351e-05, 1.4027e-05,
        5.6819e-06, 4.3290e-06, 8.3092e-06, 1.8312e-05, 1.0180e-05, 1.0351e-05,
        6.5294e-06, 9.1668e-06, 1.0685e-05, 8.0498e-06, 2.7660e-06, 1.4823e-05])//
train_examples$90000$10000.0//
train_loss$92000$1.0509665807088216e-05//
train_individual_losses$92000$tensor([3.5463e-06, 4.8056e-06, 2.4731e-05, 4.7092e-06, 3.6594e-06, 1.6724e-05,
        1.4049e-05, 4.7716e-05, 8.9382e-06, 1.3229e-06, 1.2844e-05, 1.0250e-05,
        1.4939e-06, 1.3192e-05, 9.9896e-06, 2.1374e-06, 1.4733e-05, 1.3116e-05,
        5.6585e-06, 4.3593e-06, 8.2498e-06, 1.8182e-05, 9.9944e-06, 9.5848e-06,
        6.6196e-06, 8.9276e-06, 1.0501e-05, 7.7715e-06, 2.7827e-06, 1.4701e-05])//
train_examples$92000$10000.0//
train_loss$94000$1.0217217604319255e-05//
train_individual_losses$94000$tensor([3.4426e-06, 4.7018e-06, 2.2308e-05, 4.6529e-06, 3.4811e-06, 1.6818e-05,
        1.3715e-05, 4.5865e-05, 8.9813e-06, 1.2256e-06, 1.2782e-05, 1.0157e-05,
        1.5356e-06, 1.2845e-05, 1.0039e-05, 2.0696e-06, 1.4253e-05, 1.2780e-05,
        5.6022e-06, 4.0287e-06, 8.3261e-06, 1.7912e-05, 9.9982e-06, 9.0415e-06,
        6.4230e-06, 9.0551e-06, 1.0226e-05, 6.8475e-06, 2.4493e-06, 1.4955e-05])//
train_examples$94000$10000.0//
train_loss$96000$1.0028691291809083e-05//
train_individual_losses$96000$tensor([3.2558e-06, 4.5108e-06, 2.0462e-05, 4.7009e-06, 3.1767e-06, 1.6356e-05,
        1.3513e-05, 4.8380e-05, 8.9887e-06, 1.2285e-06, 1.2604e-05, 9.9243e-06,
        1.4328e-06, 1.2314e-05, 9.8915e-06, 1.9949e-06, 1.3791e-05, 1.2564e-05,
        5.6402e-06, 3.9719e-06, 8.1216e-06, 1.7161e-05, 9.8515e-06, 8.5813e-06,
        6.4237e-06, 8.8798e-06, 1.0201e-05, 6.0840e-06, 2.3542e-06, 1.4501e-05])//
train_examples$96000$10000.0//
train_loss$98000$9.844605127970377e-06//
train_individual_losses$98000$tensor([3.0929e-06, 4.4794e-06, 1.8708e-05, 4.4289e-06, 3.3552e-06, 1.6388e-05,
        1.3057e-05, 4.5821e-05, 9.2793e-06, 1.1776e-06, 1.2662e-05, 1.0417e-05,
        1.4130e-06, 1.2031e-05, 9.9055e-06, 1.9539e-06, 1.3355e-05, 1.2470e-05,
        5.6738e-06, 3.9141e-06, 8.2689e-06, 1.6880e-05, 9.6710e-06, 8.5742e-06,
        6.7006e-06, 9.1034e-06, 9.9585e-06, 5.5625e-06, 2.5444e-06, 1.4493e-05])//
train_examples$98000$10000.0//
train_loss$100000$9.522810777028402e-06//
train_individual_losses$100000$tensor([3.0153e-06, 4.2667e-06, 1.7668e-05, 4.3653e-06, 2.8344e-06, 1.6347e-05,
        1.2949e-05, 4.5202e-05, 8.4935e-06, 1.2134e-06, 1.2323e-05, 8.8786e-06,
        1.3734e-06, 1.1714e-05, 9.9070e-06, 1.9099e-06, 1.2783e-05, 1.1984e-05,
        5.5760e-06, 3.7750e-06, 8.3110e-06, 1.6781e-05, 9.5534e-06, 7.8312e-06,
        6.2541e-06, 8.8161e-06, 1.0204e-05, 4.8721e-06, 2.1115e-06, 1.4372e-05])//
train_examples$100000$10000.0