train_loss$0$3.2392928125//
train_individual_losses$0$tensor([3.1666, 3.5261, 2.8603, 3.1944, 3.1073, 2.8445, 3.9200, 3.2742, 3.4068,
        3.3759, 3.3212, 3.1285, 2.9167, 2.8064, 3.5801, 3.2293, 3.5581, 3.0938,
        3.3652, 3.1105])//
train_examples$0$10000.0//
train_loss$2000$0.004441831970214844//
train_individual_losses$2000$tensor([0.0018, 0.0014, 0.0014, 0.0014, 0.0561, 0.0008, 0.0022, 0.0014, 0.0022,
        0.0022, 0.0030, 0.0013, 0.0016, 0.0004, 0.0024, 0.0016, 0.0031, 0.0015,
        0.0007, 0.0022])//
train_examples$2000$10000.0//
train_loss$4000$0.0011534993743896485//
train_individual_losses$4000$tensor([3.5189e-04, 3.9846e-04, 7.5857e-04, 3.9691e-04, 1.5852e-02, 2.6234e-04,
        5.5902e-04, 1.6339e-04, 3.6182e-04, 4.9588e-04, 3.7323e-04, 2.8223e-04,
        4.4519e-04, 1.7926e-05, 7.0516e-04, 4.7611e-04, 1.7293e-04, 2.1076e-04,
        2.7889e-04, 5.0713e-04])//
train_examples$4000$10000.0//
train_loss$6000$0.0003021337890625//
train_individual_losses$6000$tensor([2.4614e-04, 1.4690e-04, 2.6821e-04, 2.7369e-04, 2.7252e-03, 3.2809e-05,
        2.6092e-04, 3.6484e-06, 1.4819e-04, 1.6382e-04, 2.6381e-04, 1.8805e-05,
        4.0230e-05, 2.0177e-07, 5.1457e-04, 1.3355e-04, 1.2327e-04, 1.5074e-04,
        2.6362e-04, 2.6441e-04])//
train_examples$6000$10000.0//
train_loss$8000$0.00013661100387573241//
train_individual_losses$8000$tensor([2.3937e-04, 4.7339e-07, 2.4524e-04, 2.7545e-04, 4.9583e-04, 1.8924e-08,
        2.5536e-04, 5.9403e-08, 5.8082e-05, 1.5281e-04, 2.6477e-04, 3.2503e-08,
        3.8365e-08, 1.8368e-08, 1.7381e-04, 2.5934e-06, 7.2387e-06, 3.0243e-05,
        2.6416e-04, 2.6662e-04])//
train_examples$8000$10000.0//
train_loss$10000$0.00010861561775207519//
train_individual_losses$10000$tensor([2.3459e-04, 6.2987e-09, 2.3859e-04, 2.7372e-04, 2.2229e-04, 1.1297e-09,
        2.4848e-04, 3.1460e-09, 4.2639e-09, 1.0999e-04, 2.6150e-04, 8.7800e-10,
        1.0283e-09, 1.4269e-09, 5.4633e-05, 1.0372e-09, 6.9194e-09, 1.4762e-06,
        2.6346e-04, 2.6355e-04])//
train_examples$10000$10000.0//
train_loss$12000$9.190703392028809e-05//
train_individual_losses$12000$tensor([2.3878e-04, 3.0802e-10, 2.4278e-04, 2.7677e-04, 5.8087e-06, 4.3433e-09,
        2.5511e-04, 1.6994e-10, 3.0939e-06, 2.0691e-07, 2.6936e-04, 1.4622e-07,
        2.2117e-09, 1.4734e-10, 1.6640e-09, 8.3270e-10, 4.9283e-09, 1.0617e-06,
        2.7203e-04, 2.7298e-04])//
train_examples$12000$10000.0//
train_loss$14000$9.258328437805175e-05//
train_individual_losses$14000$tensor([2.2137e-04, 5.6782e-09, 2.3924e-04, 2.6945e-04, 8.0503e-07, 6.1421e-10,
        2.6670e-04, 2.7612e-10, 9.0900e-07, 4.0918e-07, 2.8624e-04, 1.9786e-11,
        4.8563e-11, 6.4053e-11, 6.6378e-11, 3.3389e-09, 1.6186e-08, 6.1190e-09,
        2.7758e-04, 2.8893e-04])//
train_examples$14000$10000.0//
train_loss$16000$9.077698707580567e-05//
train_individual_losses$16000$tensor([1.9288e-04, 4.2873e-11, 2.4408e-04, 2.6710e-04, 1.9305e-07, 7.1208e-10,
        2.5356e-04, 1.9352e-07, 8.5842e-11, 1.3319e-06, 2.8858e-04, 8.8304e-08,
        1.7713e-09, 1.8093e-09, 2.5954e-11, 5.6161e-11, 1.4358e-11, 1.7416e-07,
        2.7554e-04, 2.9181e-04])//
train_examples$16000$10000.0//
train_loss$18000$7.650442123413085e-05//
train_individual_losses$18000$tensor([1.3547e-08, 4.1859e-09, 2.1931e-04, 2.4501e-04, 9.7149e-06, 3.5138e-09,
        2.5227e-04, 7.3861e-12, 3.7457e-11, 1.0103e-09, 2.6951e-04, 9.9059e-10,
        6.7859e-11, 4.5125e-12, 8.0811e-12, 9.6976e-10, 1.6021e-07, 1.7394e-08,
        2.6160e-04, 2.7247e-04])//
train_examples$18000$10000.0//
train_loss$20000$6.445888042449951e-05//
train_individual_losses$20000$tensor([4.0889e-07, 1.9879e-10, 9.1116e-08, 2.4536e-04, 7.2021e-06, 2.8390e-11,
        2.4470e-04, 1.6160e-09, 1.9241e-06, 1.3411e-09, 2.6225e-04, 5.0570e-13,
        2.4985e-06, 2.5621e-06, 2.4386e-11, 5.4334e-12, 9.8385e-08, 6.0204e-07,
        2.5892e-04, 2.6256e-04])//
train_examples$20000$10000.0//
train_loss$22000$5.14666223526001e-05//
train_individual_losses$22000$tensor([2.3010e-10, 6.6203e-09, 1.2688e-07, 1.0168e-08, 7.7086e-06, 1.1726e-06,
        2.4218e-04, 3.4632e-07, 6.3279e-11, 8.4649e-08, 2.6081e-04, 3.7838e-10,
        4.3961e-11, 1.3187e-07, 2.5984e-11, 1.3410e-09, 2.5218e-11, 1.9438e-11,
        2.5425e-04, 2.6250e-04])//
train_examples$22000$10000.0//
train_loss$24000$5.2215723991394045e-05//
train_individual_losses$24000$tensor([4.9656e-11, 6.5918e-08, 1.9742e-11, 8.2025e-11, 3.3221e-07, 2.5198e-07,
        2.4547e-04, 1.0510e-11, 4.7598e-09, 6.4314e-11, 2.7130e-04, 1.8585e-11,
        4.8173e-10, 6.6171e-12, 2.7868e-11, 1.9729e-07, 2.8899e-08, 1.7907e-11,
        2.5692e-04, 2.6974e-04])//
train_examples$24000$10000.0//
train_loss$26000$4.8257913589477536e-05//
train_individual_losses$26000$tensor([2.3109e-08, 1.5011e-06, 2.0156e-08, 2.1290e-09, 1.1626e-07, 2.8744e-11,
        1.6462e-04, 2.2874e-09, 5.1361e-08, 2.3812e-07, 2.6769e-04, 5.0746e-06,
        4.5686e-10, 1.4179e-09, 2.1487e-11, 9.9456e-12, 3.8406e-07, 4.1523e-08,
        2.5374e-04, 2.7165e-04])//
train_examples$26000$10000.0//
train_loss$28000$3.93187952041626e-05//
train_individual_losses$28000$tensor([2.6992e-10, 1.6881e-08, 8.0567e-10, 3.0062e-10, 1.5288e-06, 2.0536e-11,
        9.0159e-09, 1.6649e-11, 1.2174e-07, 2.6255e-10, 2.7000e-04, 1.9945e-06,
        7.8242e-09, 1.2675e-11, 1.5697e-11, 2.1508e-11, 9.2767e-10, 1.3576e-11,
        2.3937e-04, 2.7333e-04])//
train_examples$28000$10000.0//
train_loss$30000$3.9672741889953614e-05//
train_individual_losses$30000$tensor([2.6725e-11, 1.0467e-10, 9.1989e-11, 3.8588e-08, 3.1050e-10, 1.0924e-09,
        2.5356e-10, 1.9949e-08, 2.7558e-12, 1.7163e-09, 2.7575e-04, 7.0543e-12,
        1.1882e-07, 1.5968e-11, 2.5525e-06, 1.3455e-06, 9.9708e-08, 9.2494e-12,
        2.3329e-04, 2.8024e-04])//
train_examples$30000$10000.0//
train_loss$32000$3.763742685317993e-05//
train_individual_losses$32000$tensor([4.7981e-11, 2.2857e-08, 1.5830e-06, 2.7769e-12, 1.1126e-09, 2.1549e-11,
        3.1608e-08, 2.2887e-09, 2.7937e-08, 6.1368e-11, 2.6062e-04, 5.4265e-07,
        8.0096e-11, 2.2213e-12, 7.8836e-08, 4.2697e-10, 4.9161e-08, 1.1560e-08,
        2.2610e-04, 2.6369e-04])//
train_examples$32000$10000.0//
train_loss$34000$4.0129079818725585e-05//
train_individual_losses$34000$tensor([1.2757e-10, 3.1981e-11, 6.8500e-07, 5.9660e-13, 6.5718e-09, 3.1648e-08,
        2.1545e-08, 3.6272e-09, 6.8513e-07, 3.0093e-09, 2.7936e-04, 3.6801e-08,
        2.1697e-07, 9.7506e-08, 1.4507e-06, 5.4490e-10, 1.7597e-11, 3.2533e-11,
        2.3730e-04, 2.8268e-04])//
train_examples$34000$10000.0//
train_loss$36000$3.913779973983765e-05//
train_individual_losses$36000$tensor([6.6071e-06, 6.7388e-06, 2.2806e-07, 1.2221e-07, 3.1862e-06, 1.4097e-09,
        9.1824e-09, 9.2734e-10, 8.3067e-10, 4.4833e-10, 2.6094e-04, 1.0686e-08,
        2.5176e-11, 1.5032e-10, 1.5437e-07, 1.7869e-11, 5.0388e-07, 1.1605e-10,
        2.3960e-04, 2.6465e-04])//
train_examples$36000$10000.0//
train_loss$38000$3.9792454242706296e-05//
train_individual_losses$38000$tensor([9.6647e-11, 4.6477e-07, 2.5020e-10, 6.2787e-09, 3.5975e-11, 2.0022e-11,
        2.7087e-07, 2.4129e-09, 9.8376e-09, 6.6443e-07, 2.7821e-04, 2.0564e-11,
        5.2937e-11, 6.0080e-06, 1.0743e-10, 2.9894e-08, 2.4707e-11, 4.6815e-08,
        2.3023e-04, 2.7991e-04])//
train_examples$38000$10000.0//
train_loss$40000$3.817546129226685e-05//
train_individual_losses$40000$tensor([2.7304e-07, 4.1956e-11, 1.5559e-09, 2.4441e-13, 5.9496e-11, 2.2168e-09,
        5.8087e-07, 7.1765e-08, 8.5360e-08, 2.3434e-08, 2.6439e-04, 1.0940e-09,
        4.7322e-09, 6.9264e-09, 1.0026e-06, 9.0441e-08, 1.1071e-06, 9.6863e-07,
        2.2385e-04, 2.7105e-04])//
train_examples$40000$10000.0//
train_loss$42000$3.808216094970703e-05//
train_individual_losses$42000$tensor([1.0502e-11, 3.7354e-10, 4.1560e-09, 9.1121e-13, 1.8272e-10, 3.2243e-07,
        1.3486e-09, 2.9811e-08, 6.3183e-12, 9.2685e-08, 2.6317e-04, 5.7743e-07,
        7.6775e-11, 6.7899e-11, 7.6436e-08, 2.0356e-10, 1.5385e-10, 1.9430e-11,
        2.3193e-04, 2.6544e-04])//
train_examples$42000$10000.0//
train_loss$44000$3.8600351810455323e-05//
train_individual_losses$44000$tensor([2.7140e-09, 1.1662e-10, 2.5121e-07, 3.2552e-09, 1.8714e-11, 1.1198e-11,
        1.4890e-09, 2.9685e-09, 1.1880e-06, 1.1233e-10, 2.6680e-04, 1.4684e-09,
        3.2892e-11, 6.9073e-09, 6.3940e-10, 5.1073e-08, 6.9684e-12, 8.9992e-10,
        2.3071e-04, 2.7298e-04])//
train_examples$44000$10000.0//
train_loss$46000$3.739795207977295e-05//
train_individual_losses$46000$tensor([5.7076e-07, 1.1032e-09, 1.7814e-11, 2.9027e-08, 1.9647e-11, 4.5219e-07,
        9.0407e-11, 2.0422e-07, 2.3497e-11, 1.3835e-10, 2.5879e-04, 2.3078e-11,
        1.2288e-10, 9.3426e-12, 8.4330e-11, 6.8290e-12, 1.1077e-07, 2.1087e-09,
        2.2484e-04, 2.6296e-04])//
train_examples$46000$10000.0//
train_loss$48000$3.7949347496032714e-05//
train_individual_losses$48000$tensor([3.3842e-07, 8.9306e-08, 5.8713e-09, 3.1892e-12, 1.6863e-07, 1.4035e-06,
        4.1798e-08, 1.2041e-09, 8.5558e-10, 8.6933e-10, 2.6330e-04, 4.9190e-10,
        5.5712e-07, 1.4222e-08, 1.9041e-07, 1.0283e-07, 3.8382e-11, 1.3527e-11,
        2.2389e-04, 2.6889e-04])//
train_examples$48000$10000.0//
train_loss$50000$3.993223190307617e-05//
train_individual_losses$50000$tensor([6.0243e-12, 5.5310e-11, 5.1234e-11, 4.8651e-07, 1.8998e-10, 4.0722e-10,
        9.0000e-10, 2.0774e-11, 1.6592e-06, 1.7654e-09, 2.7688e-04, 7.0730e-08,
        9.1799e-11, 1.4359e-11, 2.8325e-10, 3.8923e-10, 3.7864e-11, 4.7719e-08,
        2.3477e-04, 2.8473e-04])//
train_examples$50000$10000.0//
train_loss$52000$3.9341528415679934e-05//
train_individual_losses$52000$tensor([6.6210e-12, 2.3262e-09, 9.0271e-07, 1.5399e-10, 3.3523e-11, 5.6538e-08,
        8.4501e-08, 2.7353e-09, 9.5889e-08, 2.4651e-09, 2.7320e-04, 1.0930e-09,
        1.0117e-06, 7.0782e-09, 3.4213e-08, 1.5941e-07, 3.5696e-10, 3.8136e-11,
        2.3403e-04, 2.7724e-04])//
train_examples$52000$10000.0//
train_loss$54000$3.6805145740509034e-05//
train_individual_losses$54000$tensor([9.5504e-10, 2.7764e-10, 1.1926e-10, 2.9797e-11, 6.7513e-07, 1.1610e-11,
        2.4977e-06, 1.6723e-08, 3.0745e-06, 1.1072e-06, 2.3152e-04, 1.5386e-08,
        9.1356e-08, 1.1002e-07, 4.4891e-10, 4.6714e-08, 4.9296e-06, 8.6152e-09,
        2.2708e-04, 2.6493e-04])//
train_examples$54000$10000.0//
train_loss$56000$3.589014768600464e-05//
train_individual_losses$56000$tensor([2.1165e-07, 6.6823e-06, 9.3167e-10, 2.6162e-10, 1.9125e-11, 2.7808e-10,
        8.8317e-11, 8.8670e-10, 1.1605e-11, 3.3170e-10, 2.2110e-04, 9.2538e-10,
        7.0960e-07, 1.3840e-06, 1.9814e-11, 1.5511e-09, 1.0873e-10, 5.0798e-09,
        2.2483e-04, 2.6287e-04])//
train_examples$56000$10000.0//
train_loss$58000$2.646516799926758e-05//
train_individual_losses$58000$tensor([3.9601e-08, 1.0415e-10, 1.7350e-07, 8.4969e-13, 7.7736e-11, 1.5008e-11,
        1.8066e-11, 1.3762e-11, 1.3667e-08, 2.8272e-09, 6.0796e-06, 6.1148e-07,
        1.5538e-07, 4.9431e-11, 3.9298e-11, 6.9474e-11, 3.2783e-07, 6.8102e-07,
        2.4350e-04, 2.7772e-04])//
train_examples$58000$10000.0//
train_loss$60000$2.5303690433502198e-05//
train_individual_losses$60000$tensor([8.7673e-09, 5.9067e-11, 1.2470e-10, 8.2836e-11, 1.8629e-07, 3.4052e-09,
        2.2960e-06, 2.3767e-07, 1.2591e-07, 1.3628e-06, 4.7609e-08, 1.7677e-09,
        6.5005e-06, 6.5327e-12, 1.2579e-09, 8.0644e-08, 1.6656e-09, 8.3000e-08,
        2.2633e-04, 2.6881e-04])//
train_examples$60000$10000.0//
train_loss$62000$2.516892671585083e-05//
train_individual_losses$62000$tensor([1.2992e-09, 2.4579e-11, 2.7777e-08, 4.7537e-07, 5.3647e-11, 3.3792e-06,
        1.0938e-09, 1.2796e-09, 4.8315e-11, 4.4781e-11, 4.1032e-08, 4.6383e-08,
        7.9310e-11, 8.4029e-12, 7.9210e-12, 8.7646e-08, 4.9877e-12, 1.3836e-11,
        2.3036e-04, 2.6896e-04])//
train_examples$62000$10000.0//
train_loss$64000$2.5330288410186768e-05//
train_individual_losses$64000$tensor([1.8277e-09, 3.4183e-08, 1.6307e-10, 8.7290e-06, 1.1725e-06, 6.9159e-08,
        7.7947e-08, 7.7858e-09, 5.6381e-11, 3.0685e-09, 6.3108e-07, 5.3192e-10,
        5.7837e-09, 2.3467e-09, 3.0563e-08, 1.6539e-11, 5.4369e-09, 1.9583e-11,
        2.2485e-04, 2.7098e-04])//
train_examples$64000$10000.0//
train_loss$66000$2.484360933303833e-05//
train_individual_losses$66000$tensor([8.6269e-11, 3.8176e-10, 2.3862e-09, 3.1772e-08, 2.4842e-10, 1.9540e-08,
        1.0818e-07, 2.3108e-07, 1.6211e-11, 8.0959e-09, 1.2410e-08, 4.6060e-10,
        9.7467e-10, 1.8976e-11, 7.2341e-11, 4.4352e-12, 9.4992e-12, 1.8345e-09,
        2.3768e-04, 2.5877e-04])//
train_examples$66000$10000.0//
train_loss$68000$2.3437964916229247e-05//
train_individual_losses$68000$tensor([1.4742e-11, 3.1437e-11, 9.6863e-11, 1.6286e-07, 7.2707e-06, 3.5623e-11,
        4.4761e-11, 2.1522e-06, 9.2631e-12, 1.2569e-08, 3.9561e-11, 9.3479e-12,
        6.9600e-11, 1.1973e-11, 6.2186e-07, 6.6134e-10, 4.0078e-11, 8.7916e-11,
        2.2440e-04, 2.3413e-04])//
train_examples$68000$10000.0//
train_loss$70000$2.3340671062469482e-05//
train_individual_losses$70000$tensor([1.6746e-11, 2.9846e-11, 2.5233e-10, 5.2459e-12, 1.5474e-09, 6.5010e-08,
        1.4371e-10, 3.6767e-11, 8.9617e-11, 2.3518e-07, 1.8599e-07, 6.1923e-07,
        2.9843e-07, 2.0636e-12, 9.9173e-12, 1.1595e-09, 8.8162e-07, 7.2713e-11,
        2.3064e-04, 2.3389e-04])//
train_examples$70000$10000.0//
train_loss$72000$2.268418073654175e-05//
train_individual_losses$72000$tensor([1.1558e-08, 1.0375e-10, 6.0614e-08, 9.0559e-10, 1.4360e-08, 1.5145e-08,
        1.1209e-10, 1.8744e-06, 3.9358e-10, 2.6040e-10, 1.9338e-09, 2.4852e-10,
        4.5976e-09, 1.1462e-09, 6.3019e-10, 1.1699e-11, 3.0068e-11, 1.5977e-08,
        2.2360e-04, 2.2808e-04])//
train_examples$72000$10000.0//
train_loss$74000$2.348550319671631e-05//
train_individual_losses$74000$tensor([5.2981e-11, 3.4834e-08, 6.8639e-10, 1.8113e-11, 1.7712e-08, 6.6581e-11,
        2.1535e-07, 2.7891e-07, 2.0890e-06, 7.0545e-07, 1.7896e-09, 4.5988e-07,
        9.2601e-11, 5.0594e-11, 1.0990e-10, 4.4302e-12, 1.9516e-09, 1.4818e-11,
        2.2993e-04, 2.3598e-04])//
train_examples$74000$10000.0//
train_loss$76000$2.300819158554077e-05//
train_individual_losses$76000$tensor([1.2209e-09, 7.9981e-11, 7.7796e-11, 5.4575e-08, 1.4463e-11, 4.6872e-11,
        2.1329e-10, 1.3688e-09, 1.8442e-06, 1.8457e-10, 1.3421e-11, 7.8840e-10,
        1.1811e-07, 7.3999e-08, 6.5465e-10, 4.4351e-12, 2.2607e-10, 1.0608e-09,
        2.2638e-04, 2.3169e-04])//
train_examples$76000$10000.0//
train_loss$78000$2.2907094955444335e-05//
train_individual_losses$78000$tensor([5.3222e-11, 1.6339e-10, 8.7939e-11, 1.7890e-09, 4.7360e-11, 1.3104e-08,
        1.5567e-11, 1.2892e-11, 3.8031e-09, 2.4968e-10, 6.5076e-10, 4.3748e-11,
        2.8225e-09, 6.0336e-12, 2.4305e-11, 6.2535e-07, 8.4590e-12, 1.5507e-10,
        2.2904e-04, 2.2845e-04])//
train_examples$78000$10000.0//
train_loss$80000$1.2003087997436523e-05//
train_individual_losses$80000$tensor([1.9843e-06, 7.3227e-08, 6.0442e-10, 2.1110e-09, 3.2777e-06, 3.5101e-06,
        3.8835e-10, 8.3633e-08, 2.6348e-08, 5.9214e-08, 1.7123e-09, 1.8854e-06,
        1.1561e-08, 2.7312e-08, 5.7540e-10, 6.3265e-09, 8.3736e-10, 5.2917e-10,
        2.2909e-04, 2.1024e-08])//
train_examples$80000$10000.0//
train_loss$82000$1.1789427995681763e-05//
train_individual_losses$82000$tensor([8.9575e-10, 3.3496e-11, 4.1020e-07, 3.6110e-11, 6.6028e-11, 1.1856e-11,
        9.8396e-09, 4.4705e-07, 1.4339e-07, 3.2557e-07, 4.8860e-12, 1.7402e-11,
        3.7643e-11, 7.7930e-06, 5.8991e-07, 2.3189e-11, 2.2636e-07, 1.7080e-08,
        2.2582e-04, 1.8782e-10])//
train_examples$82000$10000.0//
train_loss$84000$1.1916676759719849e-05//
train_individual_losses$84000$tensor([4.2240e-11, 7.2223e-11, 1.8409e-06, 7.5968e-13, 1.3412e-11, 2.1252e-07,
        2.1154e-10, 3.5949e-10, 6.5382e-08, 3.5674e-07, 5.8872e-08, 8.6724e-09,
        4.8835e-11, 4.5764e-10, 3.8680e-10, 2.1865e-11, 3.9002e-11, 9.4645e-12,
        2.3579e-04, 1.1129e-11])//
train_examples$84000$10000.0//
train_loss$86000$1.2155685424804687e-05//
train_individual_losses$86000$tensor([3.7189e-06, 3.4116e-07, 5.4727e-10, 3.3295e-10, 2.8679e-11, 8.2539e-12,
        6.4621e-10, 7.8714e-12, 1.5027e-08, 2.0003e-10, 2.0895e-12, 1.2052e-11,
        2.7370e-06, 1.6538e-09, 1.3829e-11, 6.4826e-11, 3.7129e-11, 9.3911e-10,
        2.3573e-04, 5.7100e-07])//
train_examples$86000$10000.0//
train_loss$88000$1.1540595293045043e-05//
train_individual_losses$88000$tensor([9.8602e-11, 1.0018e-06, 1.1911e-07, 2.4058e-06, 1.4782e-11, 5.3811e-11,
        8.9941e-10, 1.4659e-10, 2.1639e-11, 4.3131e-07, 2.6935e-07, 1.1893e-09,
        6.9051e-11, 7.1360e-09, 1.4888e-11, 2.9022e-10, 2.3511e-10, 3.6881e-11,
        2.2657e-04, 6.8920e-11])//
train_examples$88000$10000.0//
train_loss$90000$1.1631845235824585e-05//
train_individual_losses$90000$tensor([1.0333e-07, 2.3646e-09, 5.9588e-06, 7.9574e-08, 9.8929e-09, 1.2096e-07,
        9.1129e-07, 1.3266e-11, 5.6376e-07, 1.5599e-09, 2.0913e-08, 5.1331e-10,
        6.4825e-11, 1.3854e-09, 8.9988e-12, 1.2147e-07, 7.9475e-11, 6.0383e-09,
        2.2473e-04, 7.8203e-11])//
train_examples$90000$10000.0//
train_loss$92000$1.1571471691131592e-05//
train_individual_losses$92000$tensor([4.0050e-08, 5.8408e-08, 5.3161e-08, 4.4724e-09, 4.4500e-10, 2.3930e-11,
        3.1269e-07, 5.4646e-10, 1.5904e-07, 5.8594e-11, 1.1934e-09, 4.2232e-12,
        7.6164e-08, 2.9516e-10, 9.6352e-11, 5.2562e-08, 1.7844e-08, 3.4746e-08,
        2.3056e-04, 6.1897e-08])//
train_examples$92000$10000.0//
train_loss$94000$1.2536299228668212e-05//
train_individual_losses$94000$tensor([2.1029e-08, 8.2476e-10, 8.9093e-09, 4.1389e-08, 1.8232e-07, 5.1352e-07,
        9.0794e-06, 7.4259e-08, 2.1036e-09, 1.1840e-07, 6.5182e-10, 1.6320e-10,
        2.3623e-11, 9.1791e-12, 3.3010e-11, 2.6017e-11, 1.4710e-07, 1.8046e-09,
        2.4053e-04, 2.1638e-11])//
train_examples$94000$10000.0//
train_loss$96000$1.1322730779647827e-05//
train_individual_losses$96000$tensor([3.5928e-08, 1.1420e-06, 7.5340e-08, 3.7591e-13, 8.3530e-11, 1.0665e-08,
        3.5217e-07, 6.6245e-08, 1.2697e-11, 6.8481e-11, 3.0499e-12, 3.6419e-09,
        4.6973e-10, 1.8784e-11, 6.4393e-08, 2.5560e-11, 2.1038e-12, 5.4865e-11,
        2.2470e-04, 3.4546e-10])//
train_examples$96000$10000.0//
train_loss$98000$1.1725924015045167e-05//
train_individual_losses$98000$tensor([3.7426e-11, 2.3254e-06, 3.1069e-08, 2.2919e-09, 4.7517e-08, 2.6365e-09,
        7.9367e-11, 3.1307e-11, 1.1906e-07, 1.1379e-09, 7.2960e-11, 7.2584e-12,
        3.9837e-11, 1.1492e-11, 7.9713e-08, 3.1607e-09, 1.9201e-08, 1.3580e-07,
        2.3154e-04, 2.0724e-07])//
train_examples$98000$10000.0//
train_loss$100000$1.1589139699935914e-05//
train_individual_losses$100000$tensor([3.3877e-11, 4.3515e-07, 3.8444e-10, 2.1369e-10, 1.5634e-11, 9.9285e-08,
        3.5182e-10, 1.0429e-06, 6.6351e-08, 1.5280e-10, 3.6389e-10, 7.0653e-12,
        1.0292e-07, 6.4015e-07, 5.1570e-09, 3.0735e-07, 2.0305e-07, 3.1144e-06,
        2.2576e-04, 3.5025e-11])//
train_examples$100000$10000.0//
train_loss$102000$1.2285044193267821e-05//
train_individual_losses$102000$tensor([4.2929e-10, 6.8340e-11, 3.5474e-11, 6.2786e-10, 3.3487e-11, 1.7017e-11,
        8.7532e-10, 1.7271e-11, 1.0068e-11, 6.4105e-11, 3.1073e-07, 6.0357e-12,
        4.4971e-11, 6.3677e-06, 6.1369e-12, 8.0821e-12, 1.5309e-06, 2.0453e-08,
        2.3747e-04, 2.8298e-11])//
train_examples$102000$10000.0//
train_loss$104000$1.2272268533706665e-05//
train_individual_losses$104000$tensor([5.7544e-07, 9.7766e-11, 6.9143e-10, 9.2636e-08, 1.4182e-10, 9.2906e-09,
        2.3192e-11, 1.9602e-09, 2.1434e-10, 2.9594e-10, 1.1212e-09, 3.5493e-06,
        5.8318e-11, 8.5723e-11, 4.0683e-11, 1.6237e-06, 1.5991e-11, 6.2417e-07,
        2.3893e-04, 3.2835e-08])//
train_examples$104000$10000.0//
train_loss$106000$1.1796523332595826e-05//
train_individual_losses$106000$tensor([3.4244e-11, 9.8204e-11, 3.3385e-11, 2.7459e-10, 6.7641e-10, 2.8869e-11,
        1.3581e-08, 1.9359e-08, 2.2388e-07, 8.9949e-10, 5.6027e-11, 2.1825e-11,
        3.3731e-11, 2.9738e-09, 7.9454e-08, 4.9333e-07, 3.7476e-08, 2.5325e-09,
        2.3506e-04, 6.8272e-11])//
train_examples$106000$10000.0//
train_loss$108000$1.2681151628494263e-05//
train_individual_losses$108000$tensor([3.2643e-06, 3.1359e-06, 7.2044e-06, 9.2130e-09, 5.7413e-07, 2.3187e-07,
        4.6458e-11, 1.6361e-11, 1.0059e-07, 2.9620e-09, 2.6269e-12, 1.2365e-06,
        2.8930e-11, 3.9959e-07, 1.9399e-10, 6.7736e-08, 4.7362e-09, 1.4602e-06,
        2.3593e-04, 3.5101e-09])//
train_examples$108000$10000.0//
train_loss$110000$1.1730279922485352e-05//
train_individual_losses$110000$tensor([5.9007e-11, 4.3225e-11, 9.0983e-10, 1.4617e-08, 1.2715e-10, 6.0171e-08,
        1.0876e-06, 1.8253e-07, 2.8300e-07, 3.7594e-09, 5.7994e-11, 5.3519e-11,
        1.2911e-07, 3.2209e-08, 7.1096e-06, 7.2255e-08, 7.7619e-07, 8.0596e-11,
        2.2485e-04, 8.4392e-10])//
train_examples$110000$10000.0//
train_loss$112000$1.1227799654006958e-05//
train_individual_losses$112000$tensor([8.2967e-09, 1.5684e-07, 4.7761e-11, 4.2322e-12, 1.4717e-07, 6.3149e-09,
        3.3153e-10, 3.0561e-10, 1.9857e-10, 3.5578e-08, 2.7262e-08, 4.7781e-11,
        8.8286e-11, 9.0150e-08, 1.8696e-11, 2.1186e-11, 7.7480e-08, 1.1223e-07,
        2.2389e-04, 3.9539e-09])//
train_examples$112000$10000.0//
train_loss$114000$1.1280677318572999e-05//
train_individual_losses$114000$tensor([1.9201e-08, 9.0568e-09, 8.4649e-08, 1.0539e-12, 1.1908e-10, 2.6504e-11,
        1.7972e-08, 2.4727e-11, 7.9375e-08, 7.1177e-07, 9.1767e-08, 7.3916e-12,
        1.1204e-08, 2.1249e-11, 2.3222e-10, 1.6699e-11, 4.7948e-12, 1.0772e-11,
        2.2459e-04, 5.9058e-11])//
train_examples$114000$10000.0//
train_loss$116000$1.2415236234664918e-05//
train_individual_losses$116000$tensor([4.5418e-12, 1.7691e-10, 2.5464e-10, 6.9819e-11, 1.7720e-11, 2.3488e-11,
        1.2185e-07, 1.4233e-07, 3.9662e-10, 2.7118e-09, 2.7649e-12, 2.0428e-11,
        3.0114e-08, 6.7284e-08, 9.5818e-06, 3.5826e-11, 1.0732e-05, 1.6025e-11,
        2.2763e-04, 2.4499e-11])//
train_examples$116000$10000.0//
train_loss$118000$1.1362305879592895e-05//
train_individual_losses$118000$tensor([1.9570e-07, 3.9286e-08, 1.1380e-07, 1.6933e-07, 9.2167e-09, 3.5725e-07,
        5.6040e-08, 3.6053e-07, 1.6107e-08, 1.3132e-09, 1.5483e-10, 1.6311e-08,
        1.4077e-10, 7.7642e-10, 3.8925e-07, 1.5640e-07, 1.0573e-06, 3.8972e-07,
        2.2391e-04, 1.0810e-08])//
train_examples$118000$10000.0//
train_loss$120000$1.2298668622970582e-05//
train_individual_losses$120000$tensor([3.8605e-10, 1.0902e-08, 1.3547e-10, 3.6601e-11, 3.1999e-11, 1.7155e-11,
        2.4196e-10, 1.1724e-10, 1.9605e-07, 3.8701e-09, 4.2783e-12, 4.0195e-07,
        4.4250e-07, 1.7374e-11, 4.6190e-08, 8.4529e-06, 1.4092e-08, 2.0027e-10,
        2.3640e-04, 3.1095e-11])//
train_examples$120000$10000.0//
train_loss$122000$1.1968889236450196e-05//
train_individual_losses$122000$tensor([3.7750e-11, 1.7723e-08, 6.5144e-09, 8.2920e-13, 2.4714e-11, 3.1722e-09,
        4.9916e-08, 2.3225e-11, 6.2238e-12, 8.4782e-09, 7.4713e-07, 8.0387e-12,
        2.2861e-06, 1.0425e-08, 4.3113e-09, 3.2692e-06, 6.6754e-06, 1.9472e-08,
        2.2562e-04, 6.6394e-07])//
train_examples$122000$10000.0//
train_loss$124000$1.1554138660430909e-05//
train_individual_losses$124000$tensor([1.2104e-11, 8.6046e-11, 4.8158e-07, 7.2582e-09, 1.8964e-10, 1.0124e-11,
        5.5425e-09, 1.4495e-11, 4.0466e-09, 9.0573e-11, 6.2335e-12, 1.4784e-07,
        2.1267e-06, 4.0866e-07, 7.4974e-11, 1.5117e-08, 1.5402e-11, 7.0042e-12,
        2.2774e-04, 1.4716e-07])//
train_examples$124000$10000.0//
train_loss$126000$1.2465555667877197e-05//
train_individual_losses$126000$tensor([5.7840e-09, 1.7710e-06, 3.2560e-10, 1.4981e-10, 2.9431e-11, 3.4783e-11,
        7.1553e-08, 2.1694e-08, 2.0759e-07, 5.3724e-07, 5.2678e-06, 2.4849e-07,
        4.6571e-10, 4.7537e-10, 1.8541e-06, 5.3512e-06, 4.6408e-07, 1.1295e-11,
        2.3343e-04, 7.8158e-08])//
train_examples$126000$10000.0//
train_loss$128000$1.1522475481033325e-05//
train_individual_losses$128000$tensor([8.4864e-12, 9.8967e-11, 4.6885e-08, 1.3239e-08, 1.9970e-09, 2.7631e-09,
        4.5542e-08, 1.5134e-09, 1.2187e-10, 1.7130e-06, 4.8768e-12, 7.5596e-11,
        4.3129e-11, 1.7059e-10, 1.3117e-10, 2.5461e-10, 1.5894e-07, 5.5929e-11,
        2.2846e-04, 3.9651e-09])//
train_examples$128000$10000.0//
train_loss$130000$1.1824336051940917e-05//
train_individual_losses$130000$tensor([6.9045e-12, 3.9543e-09, 3.4890e-09, 1.3186e-08, 1.7631e-08, 1.3992e-11,
        3.0509e-10, 1.2737e-06, 5.8566e-11, 1.3185e-08, 2.4251e-06, 2.9660e-11,
        1.6047e-10, 1.3983e-08, 1.3381e-11, 5.5527e-12, 2.2165e-10, 1.0525e-10,
        2.3271e-04, 8.6051e-09])//
train_examples$130000$10000.0//
train_loss$132000$1.1315314769744874e-05//
train_individual_losses$132000$tensor([4.4488e-12, 9.9908e-11, 1.9697e-10, 2.2930e-09, 6.6703e-08, 6.6638e-08,
        4.5122e-08, 9.8913e-09, 8.1692e-09, 2.7559e-06, 2.9122e-11, 1.1921e-12,
        3.2517e-10, 4.0358e-10, 6.5850e-10, 4.6207e-10, 1.2959e-11, 1.7762e-10,
        2.2334e-04, 1.0295e-08])//
train_examples$132000$10000.0//
train_loss$134000$1.175071120262146e-05//
train_individual_losses$134000$tensor([1.2513e-06, 7.6442e-10, 3.8053e-10, 1.7221e-06, 5.8230e-08, 3.6138e-09,
        1.9197e-07, 9.0617e-09, 1.3432e-07, 1.3544e-10, 5.3248e-12, 6.8025e-07,
        9.9758e-10, 1.0503e-10, 4.3673e-07, 1.2135e-08, 4.8303e-08, 2.7486e-09,
        2.3046e-04, 2.2449e-09])//
train_examples$134000$10000.0//
train_loss$136000$1.2716602087020873e-05//
train_individual_losses$136000$tensor([2.4365e-07, 2.0713e-10, 6.4672e-08, 5.8355e-09, 5.9065e-08, 1.2009e-11,
        1.0846e-09, 1.0281e-07, 1.0689e-10, 3.2908e-08, 5.1899e-12, 1.0896e-08,
        1.5815e-05, 9.0302e-12, 3.3562e-08, 1.4048e-07, 5.6748e-07, 3.6469e-06,
        2.3341e-04, 1.9843e-07])//
train_examples$136000$10000.0//
train_loss$138000$1.2388420104980469e-05//
train_individual_losses$138000$tensor([4.5488e-06, 1.2396e-10, 3.1250e-10, 2.6644e-06, 1.5851e-11, 1.1030e-08,
        7.8594e-09, 1.6109e-11, 2.3628e-08, 2.5739e-10, 8.2138e-09, 6.6182e-06,
        1.3931e-10, 1.7891e-10, 9.4136e-09, 1.3746e-10, 1.2268e-07, 5.1798e-08,
        2.3216e-04, 1.5442e-06])//
train_examples$138000$10000.0//
train_loss$140000$1.1830573081970215e-05//
train_individual_losses$140000$tensor([9.4311e-12, 3.8827e-10, 2.3680e-11, 1.8365e-08, 2.8768e-11, 4.0351e-09,
        2.2865e-11, 9.2626e-08, 1.5736e-07, 1.6387e-07, 1.2306e-11, 1.4191e-06,
        8.7177e-09, 2.7147e-06, 1.8582e-07, 3.8373e-06, 2.7990e-06, 1.4466e-08,
        2.2520e-04, 9.6081e-11])//
train_examples$140000$10000.0//
train_loss$142000$1.1443223953247071e-05//
train_individual_losses$142000$tensor([6.5781e-07, 1.3947e-10, 5.5553e-07, 1.4715e-07, 1.3906e-06, 1.0314e-11,
        2.0248e-07, 6.6059e-09, 9.1002e-10, 1.1754e-09, 6.0368e-09, 3.5170e-11,
        1.2070e-08, 2.0774e-10, 2.0989e-11, 2.8803e-12, 5.9136e-09, 1.8174e-10,
        2.2588e-04, 1.1465e-10])//
train_examples$142000$10000.0//
train_loss$144000$1.2063533067703248e-05//
train_individual_losses$144000$tensor([1.4909e-10, 7.3700e-11, 3.4171e-08, 4.9009e-12, 3.6700e-08, 3.0810e-09,
        1.6467e-10, 1.3829e-10, 3.1907e-08, 2.6041e-10, 1.7122e-11, 3.3152e-12,
        1.5833e-08, 8.7770e-06, 6.4974e-11, 6.8037e-11, 4.4329e-06, 2.4546e-10,
        2.2787e-04, 6.5819e-08])//
train_examples$144000$10000.0//
train_loss$146000$1.2006978988647461e-05//
train_individual_losses$146000$tensor([1.2215e-10, 5.5139e-11, 4.7739e-06, 5.4936e-13, 1.8217e-11, 6.8099e-07,
        7.6410e-07, 1.2750e-06, 2.2450e-06, 6.4883e-11, 1.4817e-11, 6.3269e-09,
        4.7935e-10, 7.4858e-07, 9.5633e-11, 1.7773e-08, 5.9405e-10, 8.6145e-10,
        2.2963e-04, 1.6139e-10])//
train_examples$146000$10000.0//
train_loss$148000$1.1579668521881103e-05//
train_individual_losses$148000$tensor([2.1941e-07, 1.2687e-08, 8.2869e-07, 1.1565e-10, 2.3587e-09, 3.0970e-09,
        6.8156e-09, 4.2108e-11, 5.4378e-11, 5.0820e-11, 5.8416e-08, 5.7486e-12,
        1.9094e-06, 1.9420e-09, 3.2617e-09, 1.5274e-07, 5.6322e-07, 1.5095e-11,
        2.2781e-04, 1.8380e-08])//
train_examples$148000$10000.0//
train_loss$150000$1.1733123064041138e-05//
train_individual_losses$150000$tensor([2.3260e-07, 2.6026e-06, 1.5185e-09, 3.4524e-11, 1.0264e-08, 8.0203e-11,
        2.7769e-07, 1.1273e-11, 7.8725e-12, 2.4432e-10, 1.3837e-09, 3.8330e-10,
        3.7297e-07, 9.6127e-11, 5.0469e-12, 2.8206e-12, 1.1031e-10, 6.6730e-06,
        2.2449e-04, 1.7627e-11])//
train_examples$150000$10000.0//
train_loss$152000$1.1552940607070922e-05//
train_individual_losses$152000$tensor([3.3656e-10, 2.4262e-09, 2.0387e-06, 1.7586e-09, 2.1185e-09, 6.6243e-07,
        1.1815e-07, 1.3516e-10, 4.6249e-11, 1.0099e-10, 4.8149e-11, 1.4247e-11,
        4.0542e-11, 2.9647e-08, 2.1758e-07, 9.1861e-10, 1.5957e-07, 3.2615e-09,
        2.2779e-04, 3.1230e-08])//
train_examples$152000$10000.0//
train_loss$154000$1.160500168800354e-05//
train_individual_losses$154000$tensor([5.1722e-09, 8.0316e-08, 1.0513e-07, 3.4183e-09, 1.3541e-09, 1.4142e-11,
        3.5312e-07, 5.8696e-09, 5.7945e-08, 3.2601e-07, 6.7249e-12, 2.0082e-08,
        3.1966e-10, 6.9949e-12, 6.0432e-12, 4.3943e-10, 3.1122e-10, 4.1608e-08,
        2.3100e-04, 9.7731e-08])//
train_examples$154000$10000.0//
train_loss$156000$1.1930470466613769e-05//
train_individual_losses$156000$tensor([1.2250e-07, 7.6456e-08, 1.5390e-10, 2.9638e-09, 2.2342e-11, 2.5858e-07,
        3.5328e-10, 3.2988e-06, 6.0189e-07, 1.4496e-08, 8.3164e-12, 3.4072e-07,
        7.1404e-11, 1.1595e-10, 4.0045e-10, 2.1782e-06, 9.2811e-08, 2.3572e-07,
        2.3133e-04, 5.0461e-08])//
train_examples$156000$10000.0//
train_loss$158000$1.133969783782959e-05//
train_individual_losses$158000$tensor([3.3430e-11, 1.8114e-10, 1.3682e-08, 5.4458e-08, 4.3461e-11, 2.7236e-11,
        3.7173e-11, 1.0019e-06, 4.5751e-08, 3.7281e-11, 6.7249e-11, 2.7829e-09,
        2.1258e-07, 8.9857e-09, 6.8729e-13, 7.4161e-12, 1.3049e-11, 4.3369e-09,
        2.2545e-04, 4.6499e-11])//
train_examples$158000$10000.0//
train_loss$160000$1.2444238662719727e-05//
train_individual_losses$160000$tensor([4.1300e-08, 5.8803e-11, 3.7771e-11, 1.5858e-08, 3.7855e-10, 2.7380e-10,
        7.8420e-10, 3.7089e-08, 4.4948e-10, 1.3205e-10, 1.2694e-11, 6.3972e-11,
        3.3101e-11, 7.6002e-11, 1.6087e-06, 8.2686e-11, 2.6073e-08, 2.3135e-06,
        2.2536e-04, 1.9485e-05])//
train_examples$160000$10000.0//
train_loss$162000$1.1481754779815674e-05//
train_individual_losses$162000$tensor([1.5553e-11, 2.2835e-10, 1.2987e-06, 1.5565e-06, 1.9963e-09, 8.8929e-11,
        5.2667e-11, 1.0634e-11, 6.7333e-07, 1.1665e-10, 1.3348e-11, 2.6301e-11,
        1.2473e-09, 6.3372e-11, 6.1201e-09, 3.3479e-12, 1.4984e-11, 9.7951e-11,
        2.2571e-04, 3.8236e-07])//
train_examples$162000$10000.0//
train_loss$164000$1.1263463497161865e-05//
train_individual_losses$164000$tensor([1.0928e-11, 5.9005e-10, 1.9333e-07, 2.7021e-11, 1.2347e-09, 7.0686e-11,
        1.6528e-10, 4.8082e-09, 9.0461e-09, 4.3190e-10, 1.1916e-08, 8.2423e-12,
        3.5237e-11, 5.7987e-12, 3.8784e-12, 7.4460e-09, 4.8268e-12, 6.0667e-07,
        2.2395e-04, 4.8365e-07])//
train_examples$164000$10000.0//
train_loss$166000$1.1598576307296754e-05//
train_individual_losses$166000$tensor([2.8843e-11, 1.8624e-07, 2.6896e-11, 7.2785e-08, 1.8997e-11, 3.3642e-08,
        4.4208e-09, 2.5778e-09, 5.2203e-07, 4.5639e-08, 3.9066e-07, 1.2440e-11,
        1.8264e-07, 2.9030e-12, 2.4917e-10, 1.4499e-12, 9.0052e-07, 5.4120e-10,
        2.2725e-04, 2.3778e-06])//
train_examples$166000$10000.0//
train_loss$168000$1.2527350187301636e-05//
train_individual_losses$168000$tensor([1.1725e-11, 2.4427e-11, 5.2345e-11, 6.1418e-10, 4.1030e-09, 3.8050e-11,
        2.4344e-08, 1.8679e-11, 4.3669e-09, 1.1737e-10, 2.6150e-07, 2.3593e-07,
        1.0304e-10, 3.5962e-08, 2.1221e-09, 1.1427e-05, 2.6258e-07, 1.6644e-11,
        2.3792e-04, 3.6781e-07])//
train_examples$168000$10000.0//
train_loss$170000$1.1268233060836791e-05//
train_individual_losses$170000$tensor([8.7920e-11, 1.3598e-07, 3.0489e-11, 1.3456e-06, 1.9478e-08, 6.4511e-08,
        6.8221e-09, 1.0951e-11, 3.3510e-10, 1.1594e-10, 4.5466e-08, 2.3795e-09,
        4.7684e-09, 1.0872e-11, 1.4706e-07, 1.2148e-07, 9.9685e-12, 3.3484e-10,
        2.2347e-04, 3.0816e-11])//
train_examples$170000$10000.0//
train_loss$172000$1.1369976997375489e-05//
train_individual_losses$172000$tensor([1.5070e-09, 6.9552e-09, 4.0588e-11, 4.8116e-09, 1.7381e-11, 1.5339e-09,
        4.8032e-10, 4.3608e-10, 9.9827e-12, 6.6612e-11, 1.7942e-08, 1.9545e-11,
        1.3342e-10, 6.8003e-12, 2.0874e-11, 9.0923e-09, 1.5916e-07, 9.9385e-10,
        2.2720e-04, 3.4489e-10])//
train_examples$172000$10000.0//
train_loss$174000$1.1491713523864746e-05//
train_individual_losses$174000$tensor([2.1417e-06, 1.2909e-10, 6.0556e-11, 1.5723e-07, 1.3788e-11, 1.2110e-10,
        6.0333e-10, 2.7286e-11, 1.0065e-11, 2.3907e-09, 1.0642e-08, 1.8485e-11,
        2.5781e-11, 2.2489e-07, 2.8209e-12, 4.5800e-09, 2.0296e-06, 5.2039e-07,
        2.2474e-04, 8.4115e-10])//
train_examples$174000$10000.0//
train_loss$176000$1.150356411933899e-05//
train_individual_losses$176000$tensor([2.0189e-09, 3.7304e-11, 1.5010e-11, 1.1679e-10, 7.5925e-07, 1.7679e-06,
        1.9525e-07, 7.1215e-10, 1.3630e-11, 8.8870e-07, 3.3439e-09, 5.0048e-07,
        2.9513e-08, 8.2558e-08, 1.3407e-09, 3.6744e-11, 4.1615e-09, 7.7480e-07,
        2.2506e-04, 4.7128e-12])//
train_examples$176000$10000.0//
train_loss$178000$1.1534343957901002e-05//
train_individual_losses$178000$tensor([3.6844e-12, 3.1186e-11, 5.6496e-10, 7.0336e-09, 4.7761e-09, 1.6231e-10,
        4.2759e-11, 1.0052e-10, 6.3690e-10, 7.2956e-11, 2.9118e-09, 1.9137e-06,
        9.7566e-07, 3.3482e-07, 6.5429e-09, 7.4789e-11, 6.0290e-11, 4.1145e-11,
        2.2744e-04, 7.7947e-12])//
train_examples$178000$10000.0//
train_loss$180000$1.2782069444656372e-05//
train_individual_losses$180000$tensor([4.4187e-06, 4.0742e-08, 6.1429e-11, 4.5970e-13, 7.6811e-08, 4.6831e-07,
        5.1122e-10, 7.4733e-11, 6.3567e-10, 6.1823e-06, 7.5537e-11, 2.2450e-06,
        3.4264e-06, 2.1579e-09, 2.2888e-08, 1.4487e-10, 2.1412e-10, 1.3104e-07,
        2.3838e-04, 2.4647e-07])//
train_examples$180000$10000.0//
train_loss$182000$1.1274101734161377e-05//
train_individual_losses$182000$tensor([2.3082e-12, 7.8104e-11, 2.5678e-11, 2.0228e-11, 1.3307e-06, 6.9226e-11,
        8.0163e-10, 2.8580e-08, 3.3215e-10, 8.5374e-10, 5.6582e-11, 4.8083e-10,
        7.7030e-09, 5.1380e-11, 4.7488e-12, 3.2403e-12, 1.8446e-07, 5.9080e-11,
        2.2388e-04, 4.7248e-08])//
train_examples$182000$10000.0//
train_loss$184000$1.2599254846572875e-05//
train_individual_losses$184000$tensor([4.3325e-12, 2.0692e-10, 2.7134e-09, 8.7891e-09, 4.4082e-06, 6.0250e-10,
        2.8627e-09, 1.1149e-11, 3.4031e-07, 1.3950e-09, 8.3425e-12, 5.1771e-08,
        4.0233e-09, 1.1073e-11, 9.9066e-13, 4.2282e-10, 1.8183e-11, 8.8576e-11,
        2.4716e-04, 1.5676e-09])//
train_examples$184000$10000.0//
train_loss$186000$1.1898444890975952e-05//
train_individual_losses$186000$tensor([4.2614e-11, 6.3165e-08, 1.2060e-07, 1.2677e-12, 1.1201e-09, 1.8297e-11,
        1.0948e-07, 1.5507e-11, 2.3155e-10, 2.3358e-06, 1.6913e-09, 8.9519e-08,
        4.3664e-11, 1.8307e-07, 5.7208e-06, 1.2378e-09, 1.2208e-11, 2.9571e-09,
        2.2908e-04, 2.6200e-07])//
train_examples$186000$10000.0//
train_loss$188000$1.19075608253479e-05//
train_individual_losses$188000$tensor([3.0832e-08, 5.3682e-11, 5.5834e-06, 1.1607e-09, 4.0288e-11, 2.9608e-11,
        7.3374e-11, 2.0320e-10, 7.9900e-11, 8.7170e-09, 5.2567e-12, 6.1058e-12,
        5.6551e-10, 6.2950e-11, 5.5887e-11, 9.8065e-13, 7.3263e-09, 1.3313e-11,
        2.3252e-04, 1.0356e-11])//
train_examples$188000$10000.0//
train_loss$190000$1.1967695951461791e-05//
train_individual_losses$190000$tensor([1.4897e-10, 1.0197e-06, 4.3962e-11, 1.4379e-10, 3.3174e-07, 3.5816e-08,
        2.5528e-11, 1.3614e-06, 1.5624e-11, 1.1866e-10, 3.8784e-11, 4.9831e-08,
        7.3465e-06, 1.6143e-11, 6.6543e-11, 3.0099e-12, 5.9872e-07, 1.3460e-06,
        2.2614e-04, 1.1233e-06])//
train_examples$190000$10000.0//
train_loss$192000$1.1425464153289795e-05//
train_individual_losses$192000$tensor([2.5429e-09, 1.3568e-10, 8.4340e-11, 9.1407e-11, 6.1540e-10, 1.5426e-08,
        1.9936e-11, 3.1710e-10, 3.9050e-11, 6.7231e-10, 3.2893e-11, 5.9380e-09,
        1.5505e-06, 2.4355e-10, 2.5102e-06, 3.6378e-07, 5.7827e-11, 7.5272e-09,
        2.2383e-04, 2.2084e-07])//
train_examples$192000$10000.0//
train_loss$194000$1.1533102989196777e-05//
train_individual_losses$194000$tensor([3.0926e-08, 1.4200e-07, 8.0833e-07, 3.1559e-13, 3.0074e-11, 1.8708e-06,
        3.2259e-11, 2.4525e-07, 6.2112e-07, 3.0120e-08, 6.5266e-12, 4.9642e-12,
        7.9430e-10, 1.0007e-07, 8.8887e-08, 3.0692e-08, 5.9304e-10, 1.3092e-06,
        2.2527e-04, 1.1152e-07])//
train_examples$194000$10000.0//
train_loss$196000$1.1573110818862915e-05//
train_individual_losses$196000$tensor([8.9459e-09, 1.6538e-07, 3.8247e-09, 3.8420e-10, 2.6442e-07, 3.3796e-08,
        1.2435e-06, 8.9629e-08, 1.2287e-07, 1.5375e-06, 4.0452e-08, 2.8823e-07,
        1.5159e-11, 1.0281e-07, 2.5495e-09, 3.9966e-12, 1.7193e-07, 6.6328e-10,
        2.2733e-04, 5.3103e-08])//
train_examples$196000$10000.0//
train_loss$198000$1.1501375436782837e-05//
train_individual_losses$198000$tensor([9.9179e-07, 2.2377e-10, 1.8854e-06, 4.6188e-07, 2.8410e-07, 9.2980e-07,
        4.2628e-11, 5.1868e-10, 6.1879e-08, 6.6039e-11, 4.0675e-10, 8.5153e-12,
        3.5267e-11, 4.9018e-07, 5.2024e-08, 1.0776e-10, 1.5470e-11, 1.2673e-08,
        2.2486e-04, 7.3537e-11])//
train_examples$198000$10000.0//
train_loss$200000$1.1497859954833985e-05//
train_individual_losses$200000$tensor([1.1543e-06, 1.0405e-07, 2.5142e-07, 7.2624e-12, 2.6222e-11, 5.7869e-09,
        1.2437e-10, 4.5193e-09, 3.5064e-12, 2.5181e-10, 1.2744e-09, 9.2001e-13,
        4.8895e-11, 7.4264e-12, 3.2090e-08, 4.0239e-09, 1.4998e-07, 3.5713e-10,
        2.2715e-04, 1.1020e-06])//
train_examples$200000$10000.0