train_loss$0$3.336635//
train_individual_losses$0$tensor([3.6606, 3.0319, 3.1405, 3.3810, 3.0659, 2.8373, 3.4495, 4.0614, 3.8285,
        2.9797, 2.7052, 3.7853, 3.3001, 3.2040, 3.3705, 3.5241, 3.4198, 3.9807,
        2.7318, 3.2748])//
train_examples$0$10000.0//
train_loss$2000$0.002444525604248047//
train_individual_losses$2000$tensor([0.0048, 0.0022, 0.0024, 0.0018, 0.0015, 0.0028, 0.0018, 0.0014, 0.0043,
        0.0023, 0.0014, 0.0034, 0.0018, 0.0045, 0.0040, 0.0020, 0.0018, 0.0028,
        0.0012, 0.0006])//
train_examples$2000$10000.0//
train_loss$4000$0.000460972900390625//
train_individual_losses$4000$tensor([0.0003, 0.0006, 0.0006, 0.0007, 0.0003, 0.0008, 0.0011, 0.0002, 0.0006,
        0.0002, 0.0002, 0.0007, 0.0003, 0.0003, 0.0006, 0.0003, 0.0004, 0.0004,
        0.0005, 0.0001])//
train_examples$4000$10000.0//
train_loss$6000$0.00026363513946533204//
train_individual_losses$6000$tensor([2.7835e-04, 1.4168e-04, 1.7009e-04, 3.1794e-04, 2.7810e-04, 2.8905e-04,
        8.9974e-04, 1.5432e-04, 3.4860e-04, 7.5306e-05, 7.6344e-05, 2.4429e-04,
        2.5900e-04, 2.5993e-04, 2.5804e-04, 2.5591e-04, 2.8425e-04, 2.6832e-04,
        2.7968e-04, 1.3376e-04])//
train_examples$6000$10000.0//
train_loss$8000$0.00019357404708862305//
train_individual_losses$8000$tensor([2.6675e-04, 6.6191e-06, 1.4799e-04, 1.7469e-04, 2.7666e-04, 7.9946e-06,
        6.9158e-04, 1.3479e-04, 2.7513e-04, 2.9257e-07, 1.0695e-07, 1.8804e-04,
        2.5467e-04, 2.5585e-04, 2.5460e-04, 2.4541e-04, 2.7836e-04, 2.5752e-04,
        1.2917e-04, 2.5273e-05])//
train_examples$8000$10000.0//
train_loss$10000$0.00011524616241455078//
train_individual_losses$10000$tensor([2.6780e-04, 7.0679e-10, 6.6612e-07, 4.3596e-06, 2.7251e-04, 8.5318e-07,
        4.7808e-07, 1.1987e-07, 2.3653e-04, 2.4569e-09, 3.9650e-10, 1.7476e-04,
        2.5664e-04, 2.5728e-04, 2.5606e-04, 2.2829e-04, 1.0526e-04, 2.4331e-04,
        2.7709e-09, 1.3353e-09])//
train_examples$10000$10000.0//
train_loss$12000$0.0001030479621887207//
train_individual_losses$12000$tensor([2.6766e-04, 2.1529e-10, 5.6919e-08, 5.3376e-08, 2.6049e-04, 1.4403e-06,
        1.6958e-09, 5.4852e-10, 2.3145e-04, 3.6328e-08, 3.1948e-11, 1.4038e-04,
        2.5591e-04, 2.5664e-04, 2.5867e-04, 1.5848e-04, 2.0301e-09, 2.2926e-04,
        4.0746e-07, 7.8298e-10])//
train_examples$12000$10000.0//
train_loss$14000$7.185627937316895e-05//
train_individual_losses$14000$tensor([2.7122e-04, 1.1708e-06, 1.6125e-08, 1.9187e-08, 2.6732e-04, 1.2365e-07,
        1.3899e-11, 9.1888e-11, 2.4898e-04, 2.6998e-11, 1.6314e-07, 3.9676e-10,
        1.6175e-05, 2.6366e-04, 1.3422e-04, 3.1668e-09, 1.4601e-10, 2.3404e-04,
        1.1382e-08, 1.5950e-09])//
train_examples$14000$10000.0//
train_loss$16000$6.115683078765869e-05//
train_individual_losses$16000$tensor([2.7232e-04, 1.0287e-10, 1.5108e-09, 5.4211e-09, 2.5589e-04, 3.8565e-10,
        2.0029e-08, 3.3924e-11, 2.3205e-04, 4.0627e-08, 1.1696e-08, 5.7251e-08,
        1.5784e-10, 2.5688e-04, 1.3727e-07, 1.7444e-07, 9.2076e-09, 2.0543e-04,
        1.0145e-07, 3.4852e-11])//
train_examples$16000$10000.0//
train_loss$18000$5.552857398986816e-05//
train_individual_losses$18000$tensor([2.6487e-04, 3.8353e-07, 9.8144e-07, 2.0987e-09, 2.5485e-04, 9.8420e-07,
        3.8072e-12, 1.7558e-10, 2.2241e-04, 8.0097e-08, 6.2575e-06, 3.3197e-07,
        3.0860e-09, 2.5390e-04, 2.0237e-09, 5.8640e-06, 9.7714e-12, 9.9072e-05,
        4.8365e-12, 5.8247e-07])//
train_examples$18000$10000.0//
train_loss$20000$3.96567964553833e-05//
train_individual_losses$20000$tensor([2.7095e-04, 1.7095e-06, 1.3935e-08, 6.7419e-06, 2.5153e-04, 5.2472e-08,
        6.4343e-06, 1.9643e-11, 9.7102e-10, 5.0411e-10, 2.7354e-08, 3.6722e-11,
        4.0686e-08, 2.5541e-04, 1.5038e-08, 8.7224e-08, 8.8456e-08, 2.5244e-10,
        1.8195e-12, 3.2058e-08])//
train_examples$20000$10000.0//
train_loss$22000$3.972033977508545e-05//
train_individual_losses$22000$tensor([2.7406e-04, 8.2032e-13, 5.7067e-07, 4.4035e-08, 2.5327e-04, 1.4494e-07,
        5.7091e-08, 3.1995e-08, 4.8905e-11, 4.6000e-08, 1.3859e-07, 5.2776e-09,
        5.0448e-11, 2.6383e-04, 2.0611e-06, 4.4900e-12, 3.9778e-10, 1.9163e-08,
        1.3399e-07, 3.6842e-10])//
train_examples$22000$10000.0//
train_loss$24000$3.963269710540772e-05//
train_individual_losses$24000$tensor([2.7556e-04, 1.5523e-12, 1.5727e-09, 7.6682e-10, 2.5149e-04, 2.6515e-10,
        9.0209e-07, 1.1239e-08, 8.2216e-09, 2.4528e-11, 3.4388e-08, 3.5965e-10,
        1.0114e-07, 2.6426e-04, 2.3931e-10, 3.4872e-11, 8.9386e-09, 3.2583e-08,
        1.9856e-07, 5.3098e-08])//
train_examples$24000$10000.0//
train_loss$26000$2.6120529174804687e-05//
train_individual_losses$26000$tensor([2.6549e-04, 7.3226e-11, 9.5394e-09, 7.2747e-10, 2.3390e-09, 7.1296e-07,
        7.8803e-08, 1.1061e-09, 7.1554e-08, 8.2703e-08, 2.8616e-09, 3.2357e-08,
        7.5709e-07, 2.5463e-04, 2.5254e-07, 2.3721e-07, 3.5137e-08, 1.2024e-11,
        7.4167e-10, 1.3065e-08])//
train_examples$26000$10000.0//
train_loss$28000$2.66115403175354e-05//
train_individual_losses$28000$tensor([2.6495e-04, 7.6941e-13, 2.5242e-06, 1.2952e-08, 6.8560e-11, 1.5714e-09,
        1.9781e-09, 1.0306e-08, 6.3657e-11, 2.2588e-09, 1.6687e-12, 1.9799e-11,
        4.1439e-06, 2.5444e-04, 8.9585e-07, 1.8815e-08, 7.2656e-11, 5.2194e-06,
        2.1131e-09, 3.5768e-09])//
train_examples$28000$10000.0//
train_loss$30000$2.6395249366760253e-05//
train_individual_losses$30000$tensor([2.6855e-04, 1.6509e-09, 1.0802e-07, 1.4766e-09, 1.7062e-11, 2.6196e-11,
        3.6183e-10, 3.8296e-11, 1.3430e-09, 1.1340e-07, 3.2451e-09, 7.8708e-08,
        1.0620e-10, 2.5741e-04, 5.8921e-09, 2.6380e-08, 7.0787e-12, 8.7380e-10,
        1.3436e-06, 2.5877e-07])//
train_examples$30000$10000.0//
train_loss$32000$2.6232609748840332e-05//
train_individual_losses$32000$tensor([2.6797e-04, 8.5077e-10, 1.7734e-07, 6.9447e-08, 1.2068e-06, 1.9515e-09,
        1.2566e-11, 8.3222e-11, 1.3952e-11, 5.4379e-09, 3.8211e-09, 2.7243e-11,
        4.7252e-08, 2.5511e-04, 7.8494e-11, 1.8986e-10, 4.9899e-08, 3.9123e-10,
        2.3023e-10, 1.6897e-09])//
train_examples$32000$10000.0//
train_loss$34000$2.6833171844482422e-05//
train_individual_losses$34000$tensor([2.7403e-04, 9.2985e-07, 3.1152e-10, 9.3919e-11, 5.0698e-11, 9.3764e-09,
        1.8690e-11, 8.9543e-08, 3.0451e-11, 1.2161e-10, 9.1997e-12, 4.5396e-11,
        4.4797e-10, 2.6088e-04, 1.0713e-08, 3.8452e-07, 2.6724e-09, 5.5464e-10,
        3.1891e-07, 5.9588e-11])//
train_examples$34000$10000.0//
train_loss$36000$2.6793813705444336e-05//
train_individual_losses$36000$tensor([2.7294e-04, 3.8987e-07, 2.2189e-08, 4.3374e-07, 1.3690e-08, 2.0630e-08,
        6.5474e-10, 1.2540e-08, 6.0110e-09, 9.9232e-08, 1.6555e-08, 4.0106e-09,
        1.0454e-06, 2.6006e-04, 2.8848e-08, 2.3394e-07, 3.6437e-07, 2.2963e-10,
        6.3126e-12, 1.8804e-07])//
train_examples$36000$10000.0//
train_loss$38000$2.6131258010864258e-05//
train_individual_losses$38000$tensor([2.6418e-04, 4.6776e-10, 1.0582e-10, 2.6792e-08, 4.5913e-12, 1.5474e-10,
        1.1121e-07, 4.9719e-11, 1.0328e-09, 6.6693e-12, 7.0323e-08, 5.5224e-08,
        1.8169e-10, 2.5534e-04, 2.2463e-10, 5.6852e-10, 1.6041e-07, 2.4763e-08,
        2.6534e-06, 7.2231e-10])//
train_examples$38000$10000.0//
train_loss$40000$2.8942573070526124e-05//
train_individual_losses$40000$tensor([2.8822e-04, 3.9839e-10, 2.0849e-10, 3.3246e-11, 7.4878e-08, 2.4575e-09,
        9.1472e-08, 3.2229e-11, 9.0167e-10, 1.4558e-06, 7.4432e-08, 1.3879e-09,
        1.5790e-08, 2.8505e-04, 1.4444e-10, 1.0824e-08, 1.5067e-11, 2.3192e-06,
        5.9408e-09, 1.5346e-06])//
train_examples$40000$10000.0//
train_loss$42000$2.654977321624756e-05//
train_individual_losses$42000$tensor([2.6541e-04, 1.2603e-07, 1.0141e-10, 1.2771e-10, 2.9813e-11, 9.1531e-11,
        2.1953e-07, 1.6362e-08, 1.6086e-10, 1.1002e-09, 1.1756e-05, 1.1677e-09,
        6.7283e-11, 2.5293e-04, 1.9122e-07, 1.1770e-09, 1.4646e-10, 2.8916e-07,
        4.6852e-08, 3.7041e-11])//
train_examples$42000$10000.0//
train_loss$44000$2.7676939964294433e-05//
train_individual_losses$44000$tensor([2.6806e-04, 1.7093e-07, 9.5385e-07, 8.4289e-11, 2.4013e-06, 2.9276e-10,
        1.8477e-06, 5.1575e-09, 1.6581e-08, 3.7751e-08, 1.5943e-06, 9.2575e-09,
        1.2654e-07, 2.5506e-04, 1.4924e-05, 1.2838e-07, 1.0715e-10, 5.9866e-11,
        1.3360e-09, 8.1923e-06])//
train_examples$44000$10000.0//
train_loss$46000$2.6960439682006836e-05//
train_individual_losses$46000$tensor([2.7050e-04, 1.2830e-12, 4.4727e-10, 3.8844e-11, 2.4563e-12, 4.8321e-08,
        2.7788e-07, 3.5495e-11, 1.2732e-09, 2.5914e-07, 3.9795e-06, 2.1077e-07,
        5.0277e-11, 2.6350e-04, 9.7158e-11, 3.2082e-11, 3.5344e-07, 6.5141e-08,
        1.5794e-10, 1.1116e-08])//
train_examples$46000$10000.0//
train_loss$48000$2.6294915676116944e-05//
train_individual_losses$48000$tensor([2.6475e-04, 5.2367e-13, 9.4527e-11, 4.5950e-08, 9.3189e-08, 2.0015e-09,
        1.9868e-10, 6.6170e-10, 1.8958e-11, 8.3922e-09, 2.8348e-07, 1.6778e-06,
        4.0433e-07, 2.5566e-04, 9.3754e-11, 7.2737e-08, 2.8226e-06, 2.5875e-11,
        2.1856e-10, 7.5912e-08])//
train_examples$48000$10000.0//
train_loss$50000$2.6829657554626465e-05//
train_individual_losses$50000$tensor([2.7461e-04, 1.4676e-13, 3.0302e-10, 2.5060e-09, 2.2562e-10, 3.1147e-11,
        3.0418e-07, 9.7897e-09, 9.6904e-10, 4.2653e-09, 1.0986e-13, 1.8123e-09,
        1.7800e-07, 2.6145e-04, 8.2257e-11, 1.9588e-09, 2.9249e-08, 5.0468e-10,
        1.4272e-11, 3.4857e-11])//
train_examples$50000$10000.0//
train_loss$52000$2.5999763011932373e-05//
train_individual_losses$52000$tensor([2.6472e-04, 1.4357e-12, 8.6302e-10, 6.2260e-08, 3.7785e-07, 7.2978e-08,
        1.2140e-11, 1.0847e-09, 1.1598e-10, 5.3757e-09, 4.3222e-08, 1.7681e-06,
        7.7309e-11, 2.5294e-04, 5.5878e-11, 1.1155e-11, 1.0036e-11, 1.8599e-10,
        8.7041e-10, 7.6833e-11])//
train_examples$52000$10000.0//
train_loss$54000$2.6619882583618165e-05//
train_individual_losses$54000$tensor([2.6921e-04, 2.4330e-09, 3.0493e-06, 9.8338e-09, 3.9149e-11, 5.9295e-10,
        7.0986e-07, 2.9668e-10, 1.5859e-08, 1.9659e-10, 2.0713e-12, 5.5036e-09,
        2.4092e-10, 2.5889e-04, 9.6375e-11, 3.1317e-10, 4.9782e-07, 8.1841e-12,
        5.2409e-09, 1.7702e-09])//
train_examples$54000$10000.0//
train_loss$56000$2.5895450115203856e-05//
train_individual_losses$56000$tensor([2.6469e-04, 2.1723e-10, 4.0249e-08, 6.2959e-08, 1.7744e-09, 4.1390e-11,
        4.0702e-10, 4.5767e-08, 8.1048e-08, 2.3235e-07, 6.6335e-10, 2.9467e-08,
        3.3780e-10, 2.5260e-04, 1.3184e-08, 8.7205e-08, 1.2670e-08, 1.3412e-08,
        3.2496e-11, 1.7132e-09])//
train_examples$56000$10000.0//
train_loss$58000$2.7033698558807374e-05//
train_individual_losses$58000$tensor([2.7108e-04, 1.0874e-08, 1.2803e-10, 1.5294e-10, 1.0795e-07, 4.7513e-07,
        1.3326e-09, 4.5905e-10, 1.0185e-06, 1.3731e-10, 2.7997e-07, 4.0107e-10,
        1.2036e-06, 2.6649e-04, 1.9401e-10, 9.0642e-09, 6.7354e-11, 1.2548e-09,
        1.7123e-11, 1.3903e-09])//
train_examples$58000$10000.0//
train_loss$60000$2.8218083381652833e-05//
train_individual_losses$60000$tensor([2.8391e-04, 5.7340e-13, 1.5077e-10, 8.5658e-10, 5.4818e-12, 1.9018e-11,
        5.9866e-08, 4.1641e-11, 2.1960e-08, 8.8559e-07, 4.9735e-07, 1.3676e-07,
        1.2424e-06, 2.7531e-04, 1.3342e-09, 3.8637e-07, 3.9577e-11, 8.6355e-10,
        1.7747e-06, 1.3307e-07])//
train_examples$60000$10000.0//
train_loss$62000$2.618268013000488e-05//
train_individual_losses$62000$tensor([2.6530e-04, 2.8181e-07, 3.3439e-08, 8.3754e-11, 2.9509e-10, 5.5396e-10,
        5.2647e-11, 4.2645e-10, 1.5459e-08, 4.6686e-09, 1.2030e-12, 6.3216e-10,
        3.7371e-07, 2.5454e-04, 3.4974e-08, 1.9818e-11, 5.4594e-07, 4.4022e-10,
        1.6681e-06, 8.5309e-07])//
train_examples$62000$10000.0//
train_loss$64000$2.619171380996704e-05//
train_individual_losses$64000$tensor([2.6823e-04, 1.4236e-07, 2.7744e-07, 4.2795e-11, 3.8558e-13, 1.7623e-11,
        3.2274e-07, 2.5239e-10, 4.3907e-11, 1.7392e-07, 4.1242e-12, 1.2776e-07,
        1.8762e-07, 2.5428e-04, 2.6655e-11, 2.9317e-09, 9.7751e-12, 1.1544e-09,
        8.9106e-08, 2.1816e-11])//
train_examples$64000$10000.0//
train_loss$66000$2.6205570697784424e-05//
train_individual_losses$66000$tensor([2.7101e-04, 3.5616e-12, 6.8116e-08, 5.8519e-11, 9.4253e-11, 6.3549e-09,
        4.4583e-07, 7.9954e-09, 4.3678e-10, 6.2511e-10, 3.6616e-07, 3.9502e-09,
        3.2188e-10, 2.5197e-04, 2.1959e-11, 2.3236e-07, 1.2114e-11, 2.2986e-11,
        1.6513e-09, 1.0596e-10])//
train_examples$66000$10000.0//
train_loss$68000$2.616541862487793e-05//
train_individual_losses$68000$tensor([2.6465e-04, 3.4072e-12, 8.6885e-09, 3.4178e-11, 2.3503e-10, 6.4778e-09,
        9.8077e-12, 1.1338e-06, 3.0378e-07, 2.3314e-07, 4.2530e-06, 1.2396e-06,
        3.1717e-09, 2.5009e-04, 5.0846e-09, 2.1087e-08, 2.4860e-08, 1.0234e-08,
        1.3232e-06, 2.2951e-10])//
train_examples$68000$10000.0//
train_loss$70000$2.5810134410858154e-05//
train_individual_losses$70000$tensor([2.7210e-04, 8.2675e-11, 3.2185e-10, 5.0645e-07, 2.5376e-12, 2.0270e-09,
        1.5516e-06, 3.8474e-09, 6.1590e-11, 2.4619e-09, 8.1013e-09, 4.4952e-08,
        5.6189e-11, 2.4043e-04, 1.2779e-10, 1.5486e-11, 1.1326e-07, 8.0021e-10,
        1.7299e-07, 1.2634e-06])//
train_examples$70000$10000.0//
train_loss$72000$2.6611318588256836e-05//
train_individual_losses$72000$tensor([2.7553e-04, 8.1063e-06, 6.6239e-08, 1.0004e-08, 5.0527e-13, 6.5336e-10,
        1.1301e-09, 7.8674e-08, 1.2330e-08, 2.3940e-08, 1.1568e-07, 2.6363e-11,
        1.8138e-10, 2.4438e-04, 1.1847e-07, 4.1641e-11, 9.9063e-09, 3.7575e-06,
        2.9384e-11, 7.3004e-09])//
train_examples$72000$10000.0//
train_loss$74000$2.5047953128814697e-05//
train_individual_losses$74000$tensor([2.6931e-04, 1.4807e-08, 1.8708e-08, 9.9183e-11, 2.7751e-09, 1.0371e-08,
        3.6976e-07, 9.7892e-11, 5.7534e-11, 3.1860e-11, 9.5016e-09, 1.4452e-09,
        1.4996e-09, 2.3118e-04, 1.3851e-10, 3.4081e-08, 1.1182e-09, 1.3500e-09,
        9.3859e-11, 2.1236e-09])//
train_examples$74000$10000.0//
train_loss$76000$2.5330193042755127e-05//
train_individual_losses$76000$tensor([2.6761e-04, 3.1537e-08, 4.9169e-08, 3.9851e-09, 2.8481e-09, 6.5661e-08,
        1.0642e-06, 7.0244e-11, 8.2866e-07, 2.0606e-07, 1.1047e-11, 6.6235e-11,
        5.7085e-08, 2.3449e-04, 6.6003e-07, 8.0692e-07, 1.3084e-08, 8.0873e-12,
        6.8584e-07, 2.8112e-08])//
train_examples$76000$10000.0//
train_loss$78000$2.5046091079711915e-05//
train_individual_losses$78000$tensor([2.6584e-04, 2.3818e-09, 8.6063e-08, 9.9409e-09, 9.2314e-08, 2.2021e-11,
        9.2548e-09, 9.7974e-11, 1.7255e-08, 5.0253e-11, 5.7984e-13, 1.8838e-08,
        7.9293e-11, 2.3421e-04, 5.2656e-07, 6.4205e-10, 1.1416e-09, 4.3468e-10,
        1.9384e-10, 1.0329e-07])//
train_examples$78000$10000.0//
train_loss$80000$2.558945894241333e-05//
train_individual_losses$80000$tensor([2.7113e-04, 2.6864e-08, 5.4068e-10, 2.2093e-08, 1.5718e-11, 3.4655e-07,
        9.4644e-07, 2.1973e-07, 9.5040e-09, 1.0328e-11, 5.5969e-09, 1.0749e-08,
        3.0056e-06, 2.3350e-04, 1.3154e-06, 8.4455e-07, 5.6461e-10, 2.8821e-10,
        4.0448e-07, 3.5552e-09])//
train_examples$80000$10000.0//
train_loss$82000$1.3804925680160522e-05//
train_individual_losses$82000$tensor([2.6446e-04, 2.7161e-08, 4.5274e-07, 3.3179e-07, 1.7109e-09, 9.8326e-07,
        1.2635e-11, 4.0577e-11, 1.1529e-10, 8.6283e-11, 2.8657e-06, 3.2271e-08,
        1.9731e-09, 5.6303e-06, 5.9595e-10, 9.8489e-11, 2.8186e-09, 3.1740e-07,
        1.1257e-09, 9.8782e-07])//
train_examples$82000$10000.0//
train_loss$84000$1.3875176906585694e-05//
train_individual_losses$84000$tensor([2.7651e-04, 2.7034e-07, 1.2796e-07, 8.8163e-11, 7.8134e-08, 5.0904e-11,
        1.3401e-11, 1.6575e-08, 3.4280e-10, 2.5002e-09, 2.6497e-07, 2.4009e-11,
        3.1503e-08, 1.2350e-10, 2.9808e-10, 1.4435e-11, 2.3158e-08, 1.7545e-07,
        7.2464e-10, 5.8178e-11])//
train_examples$84000$10000.0//
train_loss$86000$1.3403152227401734e-05//
train_individual_losses$86000$tensor([2.6711e-04, 6.6041e-13, 1.3299e-10, 4.8841e-09, 5.3709e-07, 7.5812e-11,
        1.5450e-10, 2.3777e-10, 1.0851e-10, 1.6310e-10, 3.7949e-11, 1.3385e-08,
        9.1402e-11, 1.7945e-11, 4.5976e-09, 1.8842e-08, 1.0287e-11, 1.8856e-08,
        3.5696e-07, 1.8317e-11])//
train_examples$86000$10000.0//
train_loss$88000$1.4923609495162964e-05//
train_individual_losses$88000$tensor([2.6788e-04, 5.5504e-08, 2.4561e-06, 4.1474e-10, 1.6267e-10, 3.1606e-08,
        1.3149e-10, 6.6919e-09, 7.1056e-07, 7.0210e-09, 2.6384e-05, 1.3472e-09,
        4.0435e-07, 2.9133e-08, 1.2564e-07, 6.7927e-11, 3.6257e-07, 1.4308e-08,
        9.1117e-10, 1.0390e-10])//
train_examples$88000$10000.0//
train_loss$90000$1.361889123916626e-05//
train_individual_losses$90000$tensor([2.7122e-04, 1.9445e-08, 1.3620e-10, 2.2267e-07, 1.2105e-08, 1.2025e-07,
        1.6950e-08, 5.3388e-11, 8.4862e-11, 1.1296e-07, 3.0857e-13, 1.5238e-09,
        2.2958e-07, 1.6081e-10, 1.0883e-10, 3.5709e-07, 6.0261e-08, 7.8144e-10,
        5.1333e-09, 3.3706e-09])//
train_examples$90000$10000.0//
train_loss$92000$1.343618392944336e-05//
train_individual_losses$92000$tensor([2.6602e-04, 1.2411e-12, 8.7710e-10, 3.1173e-11, 6.5715e-09, 7.4945e-08,
        2.8109e-09, 2.4997e-08, 1.5319e-10, 4.5354e-08, 8.9745e-10, 5.2100e-09,
        4.2469e-08, 2.2373e-08, 6.3834e-07, 1.6698e-06, 1.2321e-07, 9.0984e-09,
        3.7361e-08, 6.6667e-11])//
train_examples$92000$10000.0//
train_loss$94000$1.3983457088470458e-05//
train_individual_losses$94000$tensor([2.7629e-04, 1.2602e-09, 1.0512e-06, 8.7039e-07, 1.2472e-09, 7.2180e-10,
        5.1741e-12, 3.6656e-11, 1.2125e-07, 2.6966e-07, 9.9135e-13, 1.2121e-07,
        1.7061e-07, 3.0944e-07, 2.5375e-07, 1.7339e-08, 3.4324e-11, 1.2344e-07,
        6.6689e-08, 2.4810e-10])//
train_examples$94000$10000.0//
train_loss$96000$1.3628865480422973e-05//
train_individual_losses$96000$tensor([2.6896e-04, 1.1696e-08, 1.8880e-07, 1.3524e-09, 1.4066e-11, 7.8896e-11,
        1.3441e-06, 6.2195e-11, 2.1760e-08, 4.6803e-10, 7.9265e-11, 4.1049e-09,
        8.7269e-11, 4.5936e-09, 3.8887e-07, 1.4477e-07, 4.1895e-11, 9.9149e-07,
        5.1820e-11, 5.1705e-07])//
train_examples$96000$10000.0//
train_loss$98000$1.4311984777450562e-05//
train_individual_losses$98000$tensor([2.8447e-04, 7.2885e-13, 4.4511e-10, 3.8866e-11, 7.1750e-10, 9.8407e-09,
        1.6147e-09, 3.2540e-11, 8.2917e-11, 9.1085e-11, 7.5058e-13, 2.4587e-07,
        9.2396e-11, 3.3942e-08, 2.9555e-08, 3.1444e-08, 1.2644e-07, 8.6418e-11,
        6.6464e-07, 6.2669e-07])//
train_examples$98000$10000.0//
train_loss$100000$1.3545764684677124e-05//
train_individual_losses$100000$tensor([2.6564e-04, 5.7404e-13, 3.8579e-06, 1.9844e-10, 4.2762e-11, 4.4907e-10,
        1.2928e-06, 1.2413e-10, 1.2921e-10, 2.4806e-08, 9.8150e-08, 2.6869e-11,
        6.3009e-11, 2.7361e-11, 2.9373e-10, 8.6370e-12, 1.2557e-11, 1.3293e-11,
        7.3484e-11, 1.4587e-10])//
train_examples$100000$10000.0//
train_loss$102000$1.3256216049194336e-05//
train_individual_losses$102000$tensor([2.6496e-04, 6.2232e-09, 1.2634e-09, 1.7978e-09, 1.0668e-11, 1.7024e-08,
        1.0497e-09, 6.1016e-11, 9.0165e-08, 5.4331e-11, 1.5300e-08, 2.4321e-10,
        3.7631e-11, 2.1806e-12, 1.8546e-08, 1.3909e-11, 9.6399e-10, 6.3321e-09,
        2.0660e-11, 3.8735e-09])//
train_examples$102000$10000.0//
train_loss$104000$1.3577568531036377e-05//
train_individual_losses$104000$tensor([2.6542e-04, 1.9852e-11, 4.0374e-07, 6.9814e-08, 2.8884e-06, 6.8965e-10,
        1.4866e-06, 2.6254e-08, 3.8755e-07, 3.1200e-08, 5.9423e-11, 2.4107e-08,
        1.3533e-08, 9.9932e-13, 4.7010e-10, 4.1448e-08, 3.0003e-11, 4.3475e-08,
        7.1796e-07, 3.7968e-11])//
train_examples$104000$10000.0//
train_loss$106000$1.339970350265503e-05//
train_individual_losses$106000$tensor([2.6700e-04, 7.6573e-08, 2.2788e-08, 1.3236e-08, 9.3496e-12, 2.3432e-11,
        2.5212e-09, 9.7876e-08, 8.7825e-11, 6.3208e-09, 4.9749e-11, 2.0738e-08,
        1.0040e-10, 2.9000e-10, 3.7590e-08, 6.8732e-07, 2.5534e-11, 2.2146e-08,
        6.0111e-12, 4.2122e-09])//
train_examples$106000$10000.0//
train_loss$108000$1.3530619144439698e-05//
train_individual_losses$108000$tensor([2.6772e-04, 2.1874e-08, 1.6419e-10, 8.0566e-11, 9.1624e-09, 1.2729e-09,
        7.3449e-07, 1.0249e-06, 3.8498e-07, 5.8853e-08, 2.3393e-11, 3.4093e-09,
        6.5404e-08, 1.0004e-10, 1.4409e-07, 3.6362e-08, 3.9856e-07, 9.9548e-10,
        5.5455e-11, 2.6434e-09])//
train_examples$108000$10000.0//
train_loss$110000$1.3222277164459228e-05//
train_individual_losses$110000$tensor([2.6371e-04, 3.8142e-11, 2.7837e-09, 2.9628e-07, 3.2817e-10, 2.1605e-09,
        1.0225e-10, 3.3836e-07, 1.8645e-11, 8.3523e-11, 1.2690e-12, 1.9385e-10,
        6.3089e-08, 1.1760e-11, 1.8687e-08, 3.6172e-11, 4.3449e-09, 2.8819e-11,
        5.8585e-09, 5.8129e-11])//
train_examples$110000$10000.0//
train_loss$112000$1.3370798826217652e-05//
train_individual_losses$112000$tensor([2.6565e-04, 4.9560e-11, 3.7899e-09, 4.5259e-07, 1.2391e-10, 4.9082e-11,
        9.9306e-12, 1.9640e-08, 2.6615e-08, 3.1175e-07, 4.3150e-11, 8.7702e-11,
        6.7362e-11, 1.4167e-11, 7.1324e-11, 6.3399e-11, 9.4956e-12, 4.2027e-09,
        9.4482e-07, 1.3997e-10])//
train_examples$112000$10000.0//
train_loss$114000$1.3305585384368897e-05//
train_individual_losses$114000$tensor([2.6494e-04, 4.0570e-10, 6.8228e-08, 3.6696e-07, 2.2552e-07, 1.0197e-09,
        2.1214e-07, 4.4021e-08, 1.4042e-07, 1.4743e-11, 1.7306e-09, 6.9196e-08,
        6.1303e-11, 7.3785e-12, 1.0614e-09, 8.2210e-12, 7.6886e-11, 4.6985e-11,
        3.9868e-08, 6.1008e-11])//
train_examples$114000$10000.0//
train_loss$116000$1.3326699733734132e-05//
train_individual_losses$116000$tensor([2.6452e-04, 4.3893e-11, 1.6147e-07, 1.5164e-10, 3.9537e-12, 3.5434e-11,
        2.0902e-10, 3.3369e-10, 4.2572e-11, 1.0408e-10, 1.9340e-07, 7.8165e-11,
        1.0576e-10, 1.5787e-10, 1.4031e-07, 3.6499e-11, 2.5690e-09, 1.3826e-06,
        1.3156e-07, 1.1375e-10])//
train_examples$116000$10000.0//
train_loss$118000$1.3626748323440552e-05//
train_individual_losses$118000$tensor([2.7027e-04, 1.3835e-11, 1.7587e-10, 4.5076e-08, 2.6375e-11, 1.0868e-11,
        8.1198e-10, 1.9933e-07, 1.5155e-10, 6.0642e-07, 1.3971e-06, 3.0657e-10,
        1.3332e-10, 4.9311e-12, 1.3488e-09, 1.2127e-10, 1.0085e-10, 1.7347e-08,
        1.2170e-10, 3.0450e-11])//
train_examples$118000$10000.0//
train_loss$120000$1.363402009010315e-05//
train_individual_losses$120000$tensor([2.7168e-04, 8.4759e-12, 2.0578e-08, 3.2690e-08, 1.0705e-11, 5.7633e-12,
        3.7048e-11, 1.6997e-11, 4.1839e-08, 6.0154e-07, 2.2172e-13, 2.4486e-08,
        5.1439e-08, 2.8960e-11, 8.3165e-08, 8.8065e-09, 3.5493e-08, 1.0334e-08,
        9.2337e-08, 8.9363e-11])//
train_examples$120000$10000.0//
train_loss$122000$1.3427779674530028e-05//
train_individual_losses$122000$tensor([2.6399e-04, 7.4515e-10, 3.9845e-09, 8.9787e-09, 4.2074e-09, 2.9161e-07,
        1.6073e-06, 1.6544e-06, 2.3043e-11, 9.5274e-08, 1.6344e-09, 2.2867e-10,
        9.3330e-09, 5.6594e-07, 2.6323e-07, 1.9669e-08, 7.2876e-10, 2.7494e-11,
        4.1255e-08, 6.9514e-11])//
train_examples$122000$10000.0//
train_loss$124000$1.367894172668457e-05//
train_individual_losses$124000$tensor([2.6794e-04, 5.0796e-07, 1.6996e-07, 1.6645e-10, 1.7079e-08, 1.1819e-08,
        1.6202e-11, 3.8812e-11, 1.7823e-11, 1.9963e-11, 1.4402e-06, 8.5682e-09,
        1.7627e-09, 9.3786e-10, 7.4651e-11, 1.3879e-11, 9.8130e-12, 6.1172e-10,
        8.1335e-09, 3.4745e-06])//
train_examples$124000$10000.0//
train_loss$126000$1.4467846155166625e-05//
train_individual_losses$126000$tensor([2.8173e-04, 3.5907e-13, 5.2597e-07, 1.9938e-06, 1.8372e-12, 4.1482e-06,
        1.2122e-11, 2.6076e-11, 7.8829e-09, 1.1892e-07, 1.9513e-11, 1.2212e-10,
        1.6364e-08, 8.9431e-09, 5.7187e-08, 5.1396e-08, 3.4107e-07, 6.0898e-11,
        3.5778e-07, 1.3759e-10])//
train_examples$126000$10000.0//
train_loss$128000$1.338515281677246e-05//
train_individual_losses$128000$tensor([2.6515e-04, 6.2281e-07, 1.7518e-07, 3.3999e-08, 3.5147e-07, 5.7729e-12,
        2.9454e-09, 2.8980e-08, 3.3134e-11, 4.5145e-11, 1.1051e-11, 4.5394e-08,
        1.1669e-10, 2.7351e-10, 4.2953e-11, 1.0799e-06, 2.7763e-08, 1.7858e-07,
        7.7685e-11, 1.3932e-09])//
train_examples$128000$10000.0//
train_loss$130000$1.3864954710006714e-05//
train_individual_losses$130000$tensor([2.7653e-04, 4.9818e-12, 4.7518e-10, 3.9414e-10, 8.4362e-10, 5.6691e-11,
        9.6082e-11, 1.6901e-11, 1.5974e-07, 3.0186e-11, 1.7404e-12, 5.7085e-07,
        6.8263e-10, 2.1660e-12, 3.6548e-11, 7.1924e-11, 2.5133e-11, 8.0681e-10,
        3.3688e-08, 2.8118e-10])//
train_examples$130000$10000.0//
train_loss$132000$1.3999310731887818e-05//
train_individual_losses$132000$tensor([2.6621e-04, 1.5841e-12, 2.0319e-09, 8.2038e-06, 4.2795e-07, 9.6589e-11,
        9.0435e-07, 3.5811e-06, 1.1159e-08, 3.3756e-09, 9.0616e-12, 3.0168e-07,
        2.8288e-10, 2.2718e-07, 5.5397e-10, 2.6086e-10, 1.1383e-11, 1.0810e-07,
        4.4939e-10, 7.4392e-11])//
train_examples$132000$10000.0//
train_loss$134000$1.3357341289520263e-05//
train_individual_losses$134000$tensor([2.6513e-04, 6.7472e-13, 5.7485e-10, 3.3548e-08, 8.4786e-09, 5.5038e-09,
        1.9107e-08, 1.2170e-09, 3.5854e-08, 1.6294e-10, 7.0592e-09, 3.0281e-09,
        1.5484e-07, 5.5609e-12, 9.7671e-10, 3.9101e-11, 6.7439e-07, 4.4958e-10,
        9.8149e-07, 8.9299e-08])//
train_examples$134000$10000.0//
train_loss$136000$1.4453566074371338e-05//
train_individual_losses$136000$tensor([2.8821e-04, 1.5786e-11, 8.4009e-10, 1.4775e-08, 1.2344e-11, 2.0333e-11,
        2.3339e-11, 9.5546e-10, 9.5430e-11, 8.5747e-10, 2.6989e-09, 1.2873e-10,
        1.6392e-09, 3.1571e-10, 1.7157e-10, 8.3348e-12, 4.6170e-07, 3.3548e-11,
        9.2770e-12, 3.8168e-07])//
train_examples$136000$10000.0//
train_loss$138000$1.3803486824035645e-05//
train_individual_losses$138000$tensor([2.7132e-04, 1.4390e-06, 1.6264e-10, 5.6023e-07, 2.4213e-08, 1.0610e-12,
        4.5823e-11, 2.1804e-11, 1.4720e-11, 1.2011e-11, 1.4331e-11, 2.9415e-11,
        4.7484e-07, 1.8315e-07, 1.5744e-06, 2.7472e-08, 4.0122e-10, 6.9629e-09,
        8.6814e-12, 4.6249e-07])//
train_examples$138000$10000.0//
train_loss$140000$1.3666195869445801e-05//
train_individual_losses$140000$tensor([2.6947e-04, 1.0213e-10, 1.3386e-10, 8.7412e-09, 1.8359e-09, 7.7431e-11,
        1.6625e-06, 1.7023e-10, 2.1444e-11, 1.1526e-06, 9.7081e-12, 3.1680e-09,
        4.0139e-08, 2.2809e-12, 7.1765e-09, 9.1636e-07, 7.0595e-12, 6.3654e-08,
        4.3017e-11, 1.2848e-09])//
train_examples$140000$10000.0//
train_loss$142000$1.3302706480026245e-05//
train_individual_losses$142000$tensor([2.6403e-04, 1.4114e-09, 8.1764e-11, 9.3158e-08, 5.6596e-08, 4.6224e-07,
        4.6724e-11, 1.8337e-10, 8.4203e-11, 2.8585e-11, 3.7394e-08, 2.7490e-08,
        9.7854e-08, 2.4787e-09, 6.0272e-10, 1.2305e-11, 2.1934e-08, 7.4848e-11,
        1.1235e-07, 1.1055e-06])//
train_examples$142000$10000.0//
train_loss$144000$1.3613760471343995e-05//
train_individual_losses$144000$tensor([2.7054e-04, 1.3380e-08, 1.2746e-08, 2.6927e-08, 2.5540e-07, 1.9052e-09,
        7.2805e-09, 1.3773e-07, 4.0917e-09, 6.6810e-07, 4.7444e-10, 2.4547e-11,
        6.6521e-08, 1.9114e-07, 4.4977e-10, 1.1851e-08, 3.7783e-11, 1.0023e-09,
        3.3134e-07, 8.6518e-11])//
train_examples$144000$10000.0//
train_loss$146000$1.3598979711532593e-05//
train_individual_losses$146000$tensor([2.6891e-04, 1.2726e-11, 9.4099e-11, 1.9078e-06, 2.5302e-07, 6.8715e-11,
        3.6394e-11, 1.1275e-09, 4.2751e-08, 8.9612e-11, 9.3497e-13, 2.3243e-11,
        3.0466e-10, 5.4578e-09, 1.7650e-10, 1.1061e-09, 8.3270e-07, 1.1140e-10,
        8.6714e-12, 2.0832e-08])//
train_examples$146000$10000.0//
train_loss$148000$1.4274995326995849e-05//
train_individual_losses$148000$tensor([2.8071e-04, 2.1371e-07, 8.6715e-11, 7.4425e-11, 1.0863e-07, 3.5553e-11,
        2.1659e-11, 1.0656e-10, 3.8342e-06, 2.7160e-07, 9.8018e-10, 3.1004e-10,
        1.4732e-09, 1.6810e-12, 1.9370e-08, 1.1196e-11, 7.9036e-12, 1.7753e-11,
        3.4399e-07, 1.3587e-11])//
train_examples$148000$10000.0//
train_loss$150000$1.4384840726852417e-05//
train_individual_losses$150000$tensor([2.8339e-04, 1.5023e-12, 6.1560e-11, 1.8052e-07, 3.0872e-08, 2.7510e-08,
        7.9771e-07, 4.8805e-11, 3.5586e-11, 1.1167e-07, 1.2387e-11, 2.4846e-07,
        1.3396e-07, 1.9177e-06, 4.5600e-07, 2.4200e-10, 1.1056e-11, 1.6031e-07,
        7.1848e-08, 1.6611e-07])//
train_examples$150000$10000.0//
train_loss$152000$1.3620254993438721e-05//
train_individual_losses$152000$tensor([2.6810e-04, 1.8712e-06, 4.8130e-08, 1.4834e-06, 2.6716e-10, 1.1879e-09,
        1.1846e-11, 4.8255e-08, 5.4631e-10, 9.7379e-11, 2.1717e-10, 5.1154e-07,
        4.0746e-09, 8.8265e-10, 5.2717e-09, 2.4974e-07, 1.2054e-09, 7.7943e-08,
        1.4566e-09, 2.5403e-11])//
train_examples$152000$10000.0//
train_loss$154000$1.353995680809021e-05//
train_individual_losses$154000$tensor([2.6928e-04, 8.2182e-13, 1.5363e-07, 8.3248e-07, 1.5619e-07, 1.1632e-07,
        3.0440e-11, 7.9443e-08, 1.0916e-10, 3.5792e-08, 3.1128e-08, 3.1150e-09,
        5.1886e-08, 7.1306e-11, 1.6228e-10, 1.3586e-11, 1.5570e-10, 2.0876e-11,
        5.9468e-08, 1.1486e-10])//
train_examples$154000$10000.0//
train_loss$156000$1.3964548110961914e-05//
train_individual_losses$156000$tensor([2.6918e-04, 6.2429e-08, 1.5479e-09, 1.3871e-06, 6.1793e-13, 6.1286e-11,
        1.1389e-07, 2.6517e-07, 1.4746e-07, 4.8523e-10, 1.1028e-13, 2.2097e-10,
        1.0334e-10, 7.2977e-06, 2.7045e-09, 7.7928e-07, 1.0645e-08, 4.5060e-10,
        1.6465e-11, 4.3855e-08])//
train_examples$156000$10000.0//
train_loss$158000$1.3504918813705444e-05//
train_individual_losses$158000$tensor([2.6842e-04, 1.3813e-08, 7.8100e-10, 1.7056e-08, 9.3161e-10, 3.0055e-11,
        1.9417e-09, 7.7226e-07, 3.9432e-07, 4.2520e-11, 3.5036e-12, 6.4918e-10,
        6.0160e-09, 3.3613e-09, 6.6184e-10, 7.9361e-10, 8.1924e-11, 1.5920e-10,
        4.6289e-07, 5.2344e-11])//
train_examples$158000$10000.0//
train_loss$160000$1.3773611783981324e-05//
train_individual_losses$160000$tensor([2.6525e-04, 7.3406e-10, 1.8801e-06, 3.5394e-10, 4.3356e-07, 6.5899e-06,
        4.1325e-12, 1.0318e-08, 3.0461e-11, 2.1234e-07, 2.0190e-07, 1.7129e-07,
        5.7954e-08, 1.8135e-10, 2.8101e-07, 1.5511e-11, 3.0705e-07, 2.8859e-10,
        7.0970e-08, 3.7042e-11])//
train_examples$160000$10000.0//
train_loss$162000$1.3603841066360473e-05//
train_individual_losses$162000$tensor([2.7095e-04, 9.4562e-10, 1.0530e-07, 5.2839e-11, 5.4543e-09, 6.3107e-12,
        2.9216e-07, 4.0949e-11, 3.0678e-11, 9.3799e-11, 2.5716e-13, 2.2207e-11,
        4.6005e-07, 2.5553e-12, 4.8475e-11, 9.0523e-10, 2.6316e-07, 5.2581e-11,
        2.6721e-10, 7.0267e-10])//
train_examples$162000$10000.0//
train_loss$164000$1.3339285850524902e-05//
train_individual_losses$164000$tensor([2.6454e-04, 1.6275e-09, 4.7888e-11, 8.1545e-08, 2.1917e-09, 1.3040e-11,
        2.9295e-10, 2.0738e-11, 1.7060e-06, 1.7491e-08, 2.6755e-12, 7.3937e-09,
        7.7038e-11, 1.4350e-08, 3.7723e-08, 1.7706e-07, 2.8020e-10, 5.9298e-09,
        1.9315e-07, 1.3984e-09])//
train_examples$164000$10000.0//
train_loss$166000$1.3688851594924927e-05//
train_individual_losses$166000$tensor([2.7018e-04, 1.0252e-12, 3.4183e-09, 8.4634e-09, 6.1097e-07, 6.6368e-08,
        2.1558e-09, 4.7434e-11, 9.5813e-07, 2.9255e-09, 2.0447e-07, 1.4326e-11,
        5.6961e-09, 1.9690e-10, 2.3885e-10, 1.2433e-06, 9.7811e-11, 4.7376e-07,
        9.9135e-09, 2.2316e-09])//
train_examples$166000$10000.0//
train_loss$168000$1.3519213199615479e-05//
train_individual_losses$168000$tensor([2.6532e-04, 1.3418e-09, 1.6751e-08, 7.1656e-07, 3.8807e-11, 1.1517e-09,
        2.5105e-11, 5.1739e-07, 1.1091e-07, 2.8811e-10, 7.3782e-14, 9.0998e-07,
        1.3676e-06, 1.2961e-12, 1.7958e-07, 8.9467e-08, 4.0094e-07, 1.9826e-10,
        3.8193e-08, 7.1264e-07])//
train_examples$168000$10000.0//
train_loss$170000$1.3709132671356201e-05//
train_individual_losses$170000$tensor([2.7341e-04, 4.3895e-10, 6.2094e-10, 3.4011e-07, 4.4190e-09, 4.2402e-11,
        5.2172e-12, 2.0134e-11, 2.0174e-07, 2.2296e-08, 2.2156e-10, 1.7640e-10,
        2.7399e-10, 9.5407e-12, 2.9973e-08, 3.2161e-09, 1.5312e-07, 5.3755e-09,
        1.0813e-08, 7.2649e-11])//
train_examples$170000$10000.0//
train_loss$172000$1.3684736490249634e-05//
train_individual_losses$172000$tensor([2.6940e-04, 1.2558e-13, 9.7032e-07, 7.3825e-11, 9.0544e-09, 2.1428e-11,
        6.0039e-10, 8.7997e-11, 1.2629e-09, 5.9215e-10, 4.1742e-13, 2.4595e-09,
        1.9317e-06, 1.3550e-12, 2.2576e-10, 1.5698e-08, 1.0514e-11, 1.3601e-06,
        1.1626e-11, 2.9605e-11])//
train_examples$172000$10000.0//
train_loss$174000$1.3702884912490845e-05//
train_individual_losses$174000$tensor([2.6834e-04, 1.5368e-11, 9.2935e-07, 2.3526e-07, 2.9434e-10, 1.0622e-11,
        9.9505e-10, 6.5030e-11, 1.9631e-08, 1.6874e-10, 1.9506e-06, 5.9186e-08,
        1.0811e-08, 3.2864e-12, 2.4478e-07, 1.5809e-06, 1.6820e-11, 1.3720e-11,
        3.8269e-12, 6.8635e-07])//
train_examples$174000$10000.0//
train_loss$176000$1.392427682876587e-05//
train_individual_losses$176000$tensor([2.7030e-04, 2.9066e-13, 2.7159e-08, 3.2716e-08, 1.8069e-08, 7.4765e-07,
        1.4002e-07, 1.9238e-09, 5.9947e-11, 1.9892e-11, 5.6406e-09, 1.1996e-10,
        4.2463e-08, 2.2745e-12, 2.8263e-09, 1.5516e-10, 3.2382e-07, 3.9441e-11,
        2.2379e-08, 6.8247e-06])//
train_examples$176000$10000.0//
train_loss$178000$1.335822105407715e-05//
train_individual_losses$178000$tensor([2.6417e-04, 1.1892e-12, 1.2440e-09, 8.2470e-08, 2.8684e-12, 3.1294e-07,
        2.3106e-07, 2.6493e-11, 1.7889e-06, 1.0758e-10, 1.2776e-09, 2.4511e-11,
        2.0913e-11, 6.3389e-08, 8.1281e-08, 5.5590e-10, 5.7979e-08, 9.8067e-10,
        3.5981e-07, 1.5944e-08])//
train_examples$178000$10000.0//
train_loss$180000$1.3365445137023926e-05//
train_individual_losses$180000$tensor([2.6675e-04, 1.7165e-12, 6.8517e-11, 7.7953e-11, 1.1124e-10, 3.8240e-10,
        1.5302e-10, 5.6988e-11, 2.3466e-11, 1.0603e-11, 5.3320e-09, 2.0728e-11,
        1.9493e-10, 1.1579e-07, 3.7731e-10, 2.9320e-07, 1.5749e-10, 1.5130e-11,
        2.2902e-10, 1.4728e-07])//
train_examples$180000$10000.0//
train_loss$182000$1.4766227006912231e-05//
train_individual_losses$182000$tensor([2.9276e-04, 1.0080e-09, 5.0181e-11, 3.0019e-09, 2.5339e-07, 9.4004e-11,
        9.8003e-12, 1.4348e-07, 7.3573e-07, 6.6134e-11, 1.2970e-12, 1.0208e-09,
        6.6473e-08, 4.2283e-09, 3.7126e-08, 2.7517e-10, 1.1707e-06, 6.1368e-09,
        1.2305e-10, 1.3752e-07])//
train_examples$182000$10000.0//
train_loss$184000$1.3559659719467162e-05//
train_individual_losses$184000$tensor([2.6692e-04, 5.6402e-13, 1.0089e-09, 1.0913e-07, 1.2791e-06, 2.8470e-10,
        1.2977e-07, 2.9611e-09, 9.4162e-11, 2.1193e-08, 1.7513e-09, 7.7641e-09,
        1.5141e-08, 2.5817e-07, 1.9356e-06, 1.6557e-08, 9.7408e-12, 1.2543e-11,
        2.2839e-11, 4.9259e-07])//
train_examples$184000$10000.0//
train_loss$186000$1.367260456085205e-05//
train_individual_losses$186000$tensor([2.6512e-04, 9.5589e-11, 1.3793e-10, 6.1571e-10, 3.1333e-10, 4.5190e-11,
        4.5037e-06, 3.2119e-09, 2.4269e-07, 8.4696e-10, 3.3696e-08, 7.6747e-07,
        4.0566e-07, 3.8579e-07, 1.0043e-09, 7.0641e-07, 5.9048e-10, 2.3767e-10,
        1.2798e-06, 5.2508e-11])//
train_examples$186000$10000.0//
train_loss$188000$1.349852442741394e-05//
train_individual_losses$188000$tensor([2.6798e-04, 9.2632e-07, 5.6398e-08, 3.1709e-10, 3.4372e-09, 6.2633e-09,
        9.6765e-08, 5.5377e-09, 4.9276e-11, 3.7344e-09, 2.2449e-08, 3.6393e-11,
        2.7841e-07, 1.9674e-08, 1.9035e-09, 1.8990e-07, 2.6734e-07, 4.1835e-08,
        4.6046e-11, 6.9954e-08])//
train_examples$188000$10000.0//
train_loss$190000$1.3455817699432373e-05//
train_individual_losses$190000$tensor([2.6415e-04, 1.0619e-08, 7.1935e-07, 1.7058e-09, 3.4307e-10, 4.8188e-10,
        1.3627e-11, 3.3394e-11, 1.6472e-10, 5.5507e-10, 2.6507e-07, 1.0873e-08,
        1.4629e-06, 1.1805e-08, 2.4661e-06, 1.3743e-08, 1.6135e-11, 9.4335e-10,
        2.7199e-09, 1.0296e-10])//
train_examples$190000$10000.0//
train_loss$192000$1.352785587310791e-05//
train_individual_losses$192000$tensor([2.6921e-04, 2.2605e-07, 1.1042e-07, 2.3811e-07, 3.7961e-11, 1.9101e-11,
        1.3182e-09, 1.9595e-11, 4.6580e-11, 4.6283e-11, 1.1151e-07, 1.8852e-11,
        1.1508e-09, 1.4355e-09, 5.2515e-07, 8.5867e-08, 3.2397e-08, 9.5354e-11,
        2.0853e-11, 1.4391e-08])//
train_examples$192000$10000.0//
train_loss$194000$1.3387724161148072e-05//
train_individual_losses$194000$tensor([2.6735e-04, 2.2277e-08, 3.3527e-09, 6.6596e-10, 8.6667e-11, 2.4348e-11,
        8.8764e-12, 2.5908e-08, 2.3331e-11, 5.0245e-11, 9.9496e-08, 7.3228e-10,
        1.1677e-07, 6.5141e-12, 1.4562e-08, 3.9980e-11, 3.1592e-11, 1.0736e-07,
        8.0746e-09, 1.3789e-10])//
train_examples$194000$10000.0//
train_loss$196000$1.483392834663391e-05//
train_individual_losses$196000$tensor([2.6723e-04, 6.7541e-08, 2.2190e-09, 4.6823e-07, 1.4217e-12, 6.2922e-11,
        2.7343e-05, 2.0757e-07, 3.3381e-08, 1.1585e-06, 1.8368e-11, 1.7652e-08,
        4.0863e-09, 1.5205e-12, 6.2611e-08, 3.6138e-11, 5.5718e-08, 1.1159e-10,
        5.4982e-11, 3.1221e-08])//
train_examples$196000$10000.0//
train_loss$198000$1.3668733835220336e-05//
train_individual_losses$198000$tensor([2.7193e-04, 1.8056e-12, 5.3659e-11, 2.7510e-09, 1.3898e-06, 6.1214e-11,
        1.4452e-09, 2.9829e-11, 1.9084e-08, 1.6802e-10, 3.1948e-13, 3.4611e-11,
        1.4450e-08, 7.8025e-11, 5.3681e-11, 1.7112e-08, 1.4154e-11, 1.6133e-09,
        5.2179e-12, 7.1090e-11])//
train_examples$198000$10000.0//
train_loss$200000$1.3832114934921265e-05//
train_individual_losses$200000$tensor([2.6519e-04, 5.8453e-08, 7.5539e-07, 1.2877e-06, 1.9381e-11, 7.3300e-07,
        8.6942e-07, 8.5546e-11, 3.3069e-09, 5.9556e-10, 5.7655e-07, 3.5841e-08,
        5.3626e-11, 4.9284e-12, 5.2748e-06, 2.4304e-08, 1.4775e-11, 2.0075e-11,
        1.8326e-06, 6.0703e-10])//
train_examples$200000$10000.0