train_loss$0$0.789915673828125//
train_individual_losses$0$tensor([0.7981, 0.7814, 0.7840, 0.7889, 0.8005, 0.7947, 0.8082, 0.8049, 0.7881,
        0.7872, 0.7919, 0.7946, 0.7809, 0.7673, 0.7823, 0.8220, 0.7636, 0.7822,
        0.7943, 0.7829])//
train_examples$0$8000.0//
train_loss$1600$0.0004399496078491211//
train_individual_losses$1600$tensor([0.0005, 0.0003, 0.0006, 0.0003, 0.0005, 0.0004, 0.0003, 0.0007, 0.0007,
        0.0005, 0.0004, 0.0005, 0.0006, 0.0004, 0.0002, 0.0003, 0.0004, 0.0003,
        0.0006, 0.0002])//
train_examples$1600$8000.0//
train_loss$3200$0.00016888293027877808//
train_individual_losses$3200$tensor([1.4737e-04, 2.0812e-04, 9.9595e-05, 1.6027e-04, 1.3243e-04, 1.2081e-04,
        1.2221e-04, 2.3167e-04, 2.5960e-04, 2.1716e-04, 1.9485e-04, 2.9019e-04,
        1.8253e-04, 1.5132e-04, 6.3741e-05, 1.8806e-04, 1.3545e-04, 2.0613e-04,
        1.9807e-04, 6.8078e-05])//
train_examples$3200$8000.0//
train_loss$4800$0.00010091580152511596//
train_individual_losses$4800$tensor([5.9603e-05, 2.0131e-04, 2.6497e-05, 1.0364e-04, 8.1025e-05, 5.7815e-05,
        7.2561e-05, 5.7785e-05, 7.3843e-05, 1.5034e-04, 1.4653e-04, 2.0259e-04,
        1.0248e-04, 9.0105e-05, 2.4311e-05, 1.6454e-04, 7.6796e-05, 1.7397e-04,
        1.0900e-04, 4.3569e-05])//
train_examples$4800$8000.0//
train_loss$6400$7.402211427688599e-05//
train_individual_losses$6400$tensor([3.5894e-05, 2.0034e-04, 1.9249e-05, 7.6777e-05, 5.2341e-05, 2.3786e-05,
        3.6199e-05, 2.9553e-05, 3.6693e-05, 1.3007e-04, 1.3194e-04, 1.4530e-04,
        2.3417e-05, 5.6221e-05, 1.3859e-05, 1.5953e-04, 5.3113e-05, 1.5030e-04,
        7.4168e-05, 3.1698e-05])//
train_examples$6400$8000.0//
train_loss$8000$4.988081753253937e-05//
train_individual_losses$8000$tensor([4.8326e-05, 1.6780e-04, 1.4899e-05, 2.9058e-05, 3.0697e-05, 1.4092e-05,
        2.0150e-05, 2.4562e-05, 2.5940e-05, 1.0923e-04, 1.0517e-04, 6.9729e-05,
        1.9483e-05, 2.4766e-05, 5.2995e-06, 1.4147e-04, 2.7544e-05, 7.6681e-05,
        2.5164e-05, 1.7551e-05])//
train_examples$8000$8000.0//
train_loss$9600$3.44877302646637e-05//
train_individual_losses$9600$tensor([1.6158e-05, 7.6803e-05, 1.3285e-05, 1.7858e-05, 1.3024e-05, 1.2435e-05,
        1.9288e-05, 1.8303e-05, 1.7714e-05, 6.5914e-05, 9.8335e-05, 5.2646e-05,
        1.4563e-05, 2.2529e-05, 3.8624e-06, 1.3587e-04, 2.4327e-05, 4.2581e-05,
        1.4907e-05, 9.3497e-06])//
train_examples$9600$8000.0//
train_loss$11200$2.9260295629501342e-05//
train_individual_losses$11200$tensor([2.1697e-05, 3.5085e-05, 1.0853e-05, 2.0249e-05, 1.0479e-05, 2.2720e-05,
        1.4022e-05, 1.4925e-05, 1.3574e-05, 4.9537e-05, 9.3657e-05, 3.3007e-05,
        1.2255e-05, 3.2936e-05, 3.0111e-06, 1.3017e-04, 1.7320e-05, 3.3938e-05,
        9.6791e-06, 6.0960e-06])//
train_examples$11200$8000.0//
train_loss$12800$2.4088913202285767e-05//
train_individual_losses$12800$tensor([1.3610e-05, 2.5387e-05, 6.0985e-06, 1.0576e-05, 1.1974e-05, 1.2797e-05,
        1.3081e-05, 1.7878e-05, 1.4733e-05, 4.3226e-05, 9.0281e-05, 2.3661e-05,
        1.1379e-05, 1.3017e-05, 2.5676e-06, 1.2613e-04, 1.6571e-05, 1.7799e-05,
        6.5941e-06, 4.4198e-06])//
train_examples$12800$8000.0//
train_loss$14400$2.213527113199234e-05//
train_individual_losses$14400$tensor([1.2482e-05, 2.1584e-05, 6.7152e-06, 1.1488e-05, 7.8274e-06, 1.1184e-05,
        7.0724e-06, 1.3882e-05, 1.5815e-05, 3.8126e-05, 8.7787e-05, 2.5710e-05,
        1.1045e-05, 1.3332e-05, 2.9641e-06, 1.2003e-04, 1.2362e-05, 1.3799e-05,
        5.3568e-06, 4.1407e-06])//
train_examples$14400$8000.0//
train_loss$16000$2.0190349221229552e-05//
train_individual_losses$16000$tensor([1.5066e-05, 2.1584e-05, 3.9985e-06, 6.7560e-06, 7.3920e-06, 1.1609e-05,
        6.7296e-06, 1.6459e-05, 1.0777e-05, 2.5906e-05, 7.8143e-05, 2.0558e-05,
        1.0615e-05, 1.2273e-05, 3.4341e-06, 1.1663e-04, 1.0026e-05, 1.3952e-05,
        5.0743e-06, 6.8279e-06])//
train_examples$16000$8000.0//
train_loss$17600$2.0529861748218536e-05//
train_individual_losses$17600$tensor([1.1957e-05, 2.0940e-05, 1.3982e-05, 5.9707e-06, 7.4924e-06, 1.5155e-05,
        6.5866e-06, 1.4477e-05, 1.4943e-05, 3.0879e-05, 6.9556e-05, 1.4200e-05,
        9.9297e-06, 2.0541e-05, 1.4368e-06, 1.1504e-04, 9.4386e-06, 1.4828e-05,
        1.0488e-05, 2.7527e-06])//
train_examples$17600$8000.0//
train_loss$19200$1.9888752698898317e-05//
train_individual_losses$19200$tensor([1.8075e-05, 1.3957e-05, 5.1133e-06, 7.0862e-06, 8.3888e-06, 1.4957e-05,
        1.0053e-05, 1.6484e-05, 1.6244e-05, 2.1297e-05, 6.9622e-05, 1.0920e-05,
        2.3958e-05, 1.4058e-05, 2.1976e-06, 1.1419e-04, 1.2635e-05, 1.1583e-05,
        4.9663e-06, 1.9855e-06])//
train_examples$19200$8000.0//
train_loss$20800$1.763896644115448e-05//
train_individual_losses$20800$tensor([1.4611e-05, 1.4210e-05, 3.8898e-06, 4.9917e-06, 8.0322e-06, 1.0533e-05,
        9.3724e-06, 1.2668e-05, 8.3686e-06, 2.4853e-05, 4.6127e-05, 1.5200e-05,
        8.3980e-06, 1.4078e-05, 1.6990e-06, 1.2199e-04, 1.0166e-05, 1.5929e-05,
        4.4300e-06, 3.2332e-06])//
train_examples$20800$8000.0//
train_loss$22400$1.5543845295906066e-05//
train_individual_losses$22400$tensor([9.5999e-06, 1.5252e-05, 5.3111e-06, 4.3539e-06, 5.8900e-06, 2.5000e-05,
        8.2177e-06, 1.7057e-05, 7.4674e-06, 1.1753e-05, 2.9264e-05, 1.4648e-05,
        8.8957e-06, 1.1554e-05, 1.6768e-06, 1.0817e-04, 1.0024e-05, 9.6133e-06,
        4.3161e-06, 2.8183e-06])//
train_examples$22400$8000.0//
train_loss$24000$1.622723788022995e-05//
train_individual_losses$24000$tensor([1.5987e-05, 1.4759e-05, 3.1053e-06, 4.3081e-06, 5.2717e-06, 1.8739e-05,
        6.4839e-06, 1.7164e-05, 8.7275e-06, 1.2268e-05, 1.7085e-05, 8.8642e-06,
        1.1488e-05, 1.5523e-05, 8.3160e-06, 1.2132e-04, 1.1384e-05, 1.2723e-05,
        9.6050e-06, 1.4230e-06])//
train_examples$24000$8000.0//
train_loss$25600$1.2866155803203582e-05//
train_individual_losses$25600$tensor([1.0404e-05, 1.4699e-05, 5.1927e-06, 5.2995e-06, 4.6121e-06, 1.0437e-05,
        5.6023e-06, 9.5756e-06, 7.3067e-06, 1.0379e-05, 1.3575e-05, 7.4505e-06,
        8.3587e-06, 1.0426e-05, 5.6331e-06, 1.0264e-04, 1.0313e-05, 8.5116e-06,
        5.5895e-06, 1.3195e-06])//
train_examples$25600$8000.0//
train_loss$27200$1.4435185492038726e-05//
train_individual_losses$27200$tensor([9.3516e-06, 1.8744e-05, 3.3186e-06, 1.2027e-05, 5.1519e-06, 1.1420e-05,
        5.2342e-06, 1.7577e-05, 1.5685e-05, 1.1442e-05, 1.0705e-05, 6.8581e-06,
        1.5894e-05, 1.7286e-05, 1.7014e-06, 9.6384e-05, 8.5381e-06, 1.0035e-05,
        9.8756e-06, 1.4767e-06])//
train_examples$27200$8000.0//
train_loss$28800$1.2071523815393449e-05//
train_individual_losses$28800$tensor([1.3267e-05, 1.5327e-05, 3.1714e-06, 7.7999e-06, 5.5375e-06, 1.1475e-05,
        6.1693e-06, 1.5388e-05, 1.1770e-05, 9.3419e-06, 9.2032e-06, 9.4628e-06,
        9.7427e-06, 1.5086e-05, 9.5581e-07, 7.5702e-05, 7.2640e-06, 8.8387e-06,
        4.0916e-06, 1.8370e-06])//
train_examples$28800$8000.0//
train_loss$30400$9.36739221215248e-06//
train_individual_losses$30400$tensor([8.4607e-06, 1.1084e-05, 2.4760e-06, 4.0955e-06, 4.3067e-06, 1.1416e-05,
        5.3328e-06, 1.6641e-05, 8.8700e-06, 6.3484e-06, 7.5153e-06, 6.0262e-06,
        1.0211e-05, 1.1800e-05, 1.6538e-06, 5.1670e-05, 7.1184e-06, 6.5368e-06,
        4.4029e-06, 1.3816e-06])//
train_examples$30400$8000.0//
train_loss$32000$8.369973301887512e-06//
train_individual_losses$32000$tensor([2.3925e-05, 1.2026e-05, 2.0168e-06, 1.0307e-05, 4.7837e-06, 1.2559e-05,
        4.9950e-06, 9.7838e-06, 8.7165e-06, 4.8532e-06, 8.4589e-06, 7.5740e-06,
        1.0048e-05, 1.0877e-05, 1.4823e-06, 1.4987e-05, 6.9653e-06, 8.3448e-06,
        3.5539e-06, 1.1409e-06])//
train_examples$32000$8000.0//
train_loss$33600$7.169751822948456e-06//
train_individual_losses$33600$tensor([9.1511e-06, 1.7021e-05, 2.4207e-06, 7.0234e-06, 1.0276e-05, 9.8303e-06,
        4.7105e-06, 1.0011e-05, 6.7707e-06, 4.5659e-06, 6.8878e-06, 6.8387e-06,
        7.8775e-06, 1.4086e-05, 9.3036e-07, 6.4192e-06, 8.1575e-06, 6.1480e-06,
        3.2736e-06, 9.9476e-07])//
train_examples$33600$8000.0//
train_loss$35200$7.2481773793697355e-06//
train_individual_losses$35200$tensor([7.7492e-06, 1.0272e-05, 2.1581e-06, 6.3279e-06, 6.8208e-06, 1.1491e-05,
        5.4005e-06, 1.7681e-05, 6.5466e-06, 3.9924e-06, 6.2415e-06, 1.2629e-05,
        1.0073e-05, 9.8391e-06, 1.9345e-06, 3.8003e-06, 7.3717e-06, 6.0343e-06,
        3.7970e-06, 4.8028e-06])//
train_examples$35200$8000.0//
train_loss$36800$6.291242688894272e-06//
train_individual_losses$36800$tensor([1.1822e-05, 9.8487e-06, 3.8367e-06, 3.9676e-06, 5.3046e-06, 9.3761e-06,
        4.5319e-06, 9.1332e-06, 7.4658e-06, 3.5123e-06, 5.6294e-06, 6.8359e-06,
        7.4249e-06, 1.0997e-05, 8.3899e-07, 3.1029e-06, 8.6524e-06, 5.9372e-06,
        6.7055e-06, 9.0114e-07])//
train_examples$36800$8000.0//
train_loss$38400$6.947167962789535e-06//
train_individual_losses$38400$tensor([8.4766e-06, 1.0420e-05, 7.4208e-06, 3.4691e-06, 4.0169e-06, 1.0720e-05,
        6.4840e-06, 1.5280e-05, 5.7185e-06, 5.3109e-06, 4.7770e-06, 5.6879e-06,
        8.6658e-06, 1.0462e-05, 2.7484e-06, 3.6908e-06, 1.2604e-05, 7.4688e-06,
        4.6145e-06, 9.0764e-07])//
train_examples$38400$8000.0//
train_loss$40000$6.690835207700729e-06//
train_individual_losses$40000$tensor([7.0568e-06, 1.2205e-05, 4.2188e-06, 3.5358e-06, 6.9991e-06, 9.0668e-06,
        5.0699e-06, 1.0135e-05, 8.1213e-06, 2.4002e-06, 4.6272e-06, 6.9992e-06,
        9.1584e-06, 1.0861e-05, 6.4607e-06, 9.0125e-06, 6.0461e-06, 5.0152e-06,
        4.6160e-06, 2.2112e-06])//
train_examples$40000$8000.0//
train_loss$41600$7.2516612708568575e-06//
train_individual_losses$41600$tensor([7.6830e-06, 8.0793e-06, 2.0879e-06, 1.0867e-05, 6.3569e-06, 9.6893e-06,
        8.9907e-06, 1.1921e-05, 7.1287e-06, 3.0251e-06, 8.8704e-06, 4.8894e-06,
        9.9812e-06, 1.0113e-05, 5.8336e-06, 3.8744e-06, 5.6286e-06, 9.0411e-06,
        9.9279e-06, 1.0451e-06])//
train_examples$41600$8000.0//
train_loss$43200$6.855732947587967e-06//
train_individual_losses$43200$tensor([1.3736e-05, 9.9657e-06, 3.3773e-06, 5.5269e-06, 4.0207e-06, 1.3819e-05,
        5.5495e-06, 1.0240e-05, 1.0451e-05, 2.4396e-06, 9.5078e-06, 6.0361e-06,
        7.9893e-06, 9.8863e-06, 8.8328e-07, 2.1768e-06, 5.7687e-06, 5.7135e-06,
        8.7642e-06, 1.2628e-06])//
train_examples$43200$8000.0//
train_loss$44800$6.5912984311580655e-06//
train_individual_losses$44800$tensor([9.4307e-06, 8.2905e-06, 1.7075e-06, 3.3868e-06, 3.5867e-06, 1.0176e-05,
        3.7334e-06, 1.1673e-05, 1.3091e-05, 5.8420e-06, 4.4509e-06, 1.3452e-05,
        8.9886e-06, 1.3673e-05, 1.1463e-06, 2.7998e-06, 6.3701e-06, 5.3949e-06,
        3.6653e-06, 9.6713e-07])//
train_examples$44800$8000.0//
train_loss$46400$7.484296709299088e-06//
train_individual_losses$46400$tensor([9.6465e-06, 8.9534e-06, 1.8026e-06, 7.8662e-06, 8.1244e-06, 1.1158e-05,
        7.0728e-06, 1.3531e-05, 6.0328e-06, 3.7365e-06, 8.0863e-06, 6.3002e-06,
        8.5835e-06, 1.0335e-05, 9.9867e-07, 1.2302e-05, 1.1628e-05, 7.1428e-06,
        4.9609e-06, 1.4256e-06])//
train_examples$46400$8000.0//
train_loss$48000$7.577556371688843e-06//
train_individual_losses$48000$tensor([7.4075e-06, 6.5775e-06, 1.6565e-06, 6.4728e-06, 7.4708e-06, 9.7119e-06,
        7.4813e-06, 1.0067e-05, 5.6548e-06, 2.1212e-06, 1.6232e-05, 4.5581e-06,
        9.3724e-06, 1.4355e-05, 8.5015e-07, 6.5223e-06, 8.9989e-06, 1.6761e-05,
        8.2656e-06, 1.0137e-06])//
train_examples$48000$8000.0//
train_loss$49600$7.00758621096611e-06//
train_individual_losses$49600$tensor([8.7072e-06, 5.7965e-06, 2.8253e-06, 9.1092e-06, 3.7152e-06, 1.4489e-05,
        7.4103e-06, 9.7411e-06, 5.8827e-06, 2.4757e-06, 4.7447e-06, 5.4509e-06,
        1.0015e-05, 1.2010e-05, 8.8255e-06, 4.0589e-06, 1.1593e-05, 8.2585e-06,
        4.4335e-06, 6.0987e-07])//
train_examples$49600$8000.0//
train_loss$51200$7.09063857793808e-06//
train_individual_losses$51200$tensor([1.1088e-05, 6.1097e-06, 1.8284e-06, 1.0060e-05, 1.2765e-05, 1.0168e-05,
        3.3120e-06, 1.0501e-05, 1.0823e-05, 1.5505e-06, 6.0818e-06, 5.0369e-06,
        7.4778e-06, 1.2044e-05, 1.3354e-06, 2.0072e-06, 5.4190e-06, 8.9800e-06,
        1.2639e-05, 2.5856e-06])//
train_examples$51200$8000.0//
train_loss$52800$6.099045649170876e-06//
train_individual_losses$52800$tensor([5.9250e-06, 7.3514e-06, 1.4427e-06, 4.1994e-06, 2.9470e-06, 9.2461e-06,
        3.0134e-06, 1.0839e-05, 6.2502e-06, 3.2575e-06, 3.1982e-06, 9.4136e-06,
        8.7345e-06, 1.3277e-05, 2.1076e-06, 7.4146e-06, 6.8099e-06, 1.1748e-05,
        4.0810e-06, 7.2420e-07])//
train_examples$52800$8000.0//
train_loss$54400$5.16803041100502e-06//
train_individual_losses$54400$tensor([7.0757e-06, 6.0941e-06, 2.1205e-06, 3.2676e-06, 3.2472e-06, 8.7257e-06,
        3.1611e-06, 1.0301e-05, 5.0165e-06, 2.0183e-06, 5.7986e-06, 3.6239e-06,
        7.3176e-06, 1.6194e-05, 8.5919e-07, 2.7276e-06, 5.1039e-06, 4.7194e-06,
        3.1071e-06, 2.8816e-06])//
train_examples$54400$8000.0//
train_loss$56000$5.710726231336593e-06//
train_individual_losses$56000$tensor([6.0153e-06, 1.4746e-05, 1.7502e-06, 3.3070e-06, 2.9611e-06, 7.2992e-06,
        4.3239e-06, 1.0118e-05, 4.4729e-06, 2.7668e-06, 7.9740e-06, 3.2542e-06,
        8.0043e-06, 8.8585e-06, 1.0224e-06, 1.8227e-06, 1.0619e-05, 1.1044e-05,
        3.2080e-06, 6.4763e-07])//
train_examples$56000$8000.0//
train_loss$57600$5.1143068820238114e-06//
train_individual_losses$57600$tensor([6.3721e-06, 7.2421e-06, 1.9606e-06, 2.7439e-06, 3.4815e-06, 9.2242e-06,
        7.3071e-06, 1.0122e-05, 5.0743e-06, 5.0096e-06, 3.4739e-06, 4.0862e-06,
        7.9491e-06, 1.0628e-05, 1.8316e-06, 2.3413e-06, 3.8380e-06, 4.9164e-06,
        3.5952e-06, 1.0884e-06])//
train_examples$57600$8000.0//
train_loss$59200$6.376267224550247e-06//
train_individual_losses$59200$tensor([8.4554e-06, 4.6257e-06, 3.0828e-06, 4.3478e-06, 2.5641e-06, 1.0014e-05,
        5.4546e-06, 1.2306e-05, 5.2581e-06, 4.8487e-06, 6.8613e-06, 5.1444e-06,
        1.1533e-05, 1.3348e-05, 1.3310e-06, 2.7335e-06, 8.7422e-06, 1.2175e-05,
        3.2035e-06, 1.4958e-06])//
train_examples$59200$8000.0//
train_loss$60800$5.402586981654167e-06//
train_individual_losses$60800$tensor([7.7228e-06, 4.6469e-06, 1.9313e-06, 3.0445e-06, 3.1317e-06, 1.1401e-05,
        3.7135e-06, 1.1043e-05, 5.6627e-06, 1.2614e-06, 3.7185e-06, 5.3862e-06,
        7.3110e-06, 1.2030e-05, 3.9245e-06, 1.8303e-06, 5.6247e-06, 4.1907e-06,
        4.4245e-06, 6.0535e-06])//
train_examples$60800$8000.0//
train_loss$62400$5.454562231898307e-06//
train_individual_losses$62400$tensor([5.9381e-06, 6.9365e-06, 1.1781e-06, 2.9162e-06, 3.0916e-06, 1.7647e-05,
        3.4131e-06, 1.1144e-05, 8.4302e-06, 1.2836e-06, 3.4158e-06, 4.1251e-06,
        8.7023e-06, 1.2619e-05, 9.5203e-07, 2.7872e-06, 5.4923e-06, 3.9377e-06,
        3.7273e-06, 1.3546e-06])//
train_examples$62400$8000.0//
train_loss$64000$5.1382552832365036e-06//
train_individual_losses$64000$tensor([5.6288e-06, 3.9897e-06, 3.2764e-06, 4.4828e-06, 2.5129e-06, 1.0775e-05,
        4.0916e-06, 1.2113e-05, 4.5819e-06, 1.5307e-06, 5.8293e-06, 4.5397e-06,
        9.3324e-06, 1.6488e-05, 9.3448e-07, 2.3161e-06, 4.1299e-06, 3.2616e-06,
        2.7159e-06, 2.3573e-07])//
train_examples$64000$8000.0//
train_loss$65600$6.193686276674271e-06//
train_individual_losses$65600$tensor([1.0986e-05, 1.0886e-05, 4.5997e-06, 5.8079e-06, 5.7626e-06, 9.2622e-06,
        3.0011e-06, 1.0459e-05, 7.0828e-06, 1.3055e-06, 8.3709e-06, 3.9931e-06,
        7.4997e-06, 1.2068e-05, 3.2045e-06, 2.3244e-06, 4.5868e-06, 4.0394e-06,
        8.3633e-06, 2.7052e-07])//
train_examples$65600$8000.0//
train_loss$67200$5.066653341054917e-06//
train_individual_losses$67200$tensor([1.0531e-05, 7.5867e-06, 1.2335e-06, 6.1000e-06, 3.8888e-06, 1.0013e-05,
        2.8587e-06, 9.6593e-06, 9.8329e-06, 9.4445e-07, 3.6696e-06, 3.8474e-06,
        7.1925e-06, 9.8644e-06, 7.9524e-07, 1.7640e-06, 4.0623e-06, 3.1310e-06,
        4.0101e-06, 3.4805e-07])//
train_examples$67200$8000.0//
train_loss$68800$4.961395263671875e-06//
train_individual_losses$68800$tensor([7.4753e-06, 3.3677e-06, 1.6707e-06, 6.1804e-06, 5.8741e-06, 8.5591e-06,
        4.4220e-06, 9.4709e-06, 5.4660e-06, 1.1890e-06, 3.1863e-06, 5.5483e-06,
        8.5495e-06, 8.9249e-06, 8.3569e-07, 1.5524e-06, 5.7863e-06, 7.3983e-06,
        3.2611e-06, 5.0992e-07])//
train_examples$68800$8000.0//
train_loss$70400$6.146124750375748e-06//
train_individual_losses$70400$tensor([1.1687e-05, 7.7827e-06, 5.1112e-06, 3.5984e-06, 2.5307e-06, 1.1565e-05,
        3.5909e-06, 9.2150e-06, 4.7645e-06, 2.1475e-06, 6.3389e-06, 4.1225e-06,
        7.9980e-06, 9.7208e-06, 2.1534e-06, 3.4676e-06, 1.1865e-05, 9.1418e-06,
        5.7432e-06, 3.7878e-07])//
train_examples$70400$8000.0//
train_loss$72000$5.040897428989411e-06//
train_individual_losses$72000$tensor([4.8477e-06, 3.9806e-06, 1.1518e-06, 4.9042e-06, 2.4241e-06, 6.9674e-06,
        4.1094e-06, 9.9681e-06, 4.1718e-06, 1.2166e-05, 9.4779e-06, 2.4125e-06,
        7.2994e-06, 8.7961e-06, 7.7374e-07, 1.2971e-06, 3.6537e-06, 3.6885e-06,
        3.5546e-06, 5.1731e-06])//
train_examples$72000$8000.0//
train_loss$73600$6.518886983394623e-06//
train_individual_losses$73600$tensor([9.4821e-06, 6.7119e-06, 5.5778e-06, 3.9328e-06, 3.2696e-06, 1.1413e-05,
        8.5408e-06, 1.8611e-05, 5.2521e-06, 6.4753e-07, 3.9307e-06, 2.8037e-06,
        1.2067e-05, 1.9292e-05, 1.2824e-06, 2.9829e-06, 4.5245e-06, 4.3770e-06,
        5.4453e-06, 2.3248e-07])//
train_examples$73600$8000.0//
train_loss$75200$4.628296568989753e-06//
train_individual_losses$75200$tensor([5.2525e-06, 6.9246e-06, 1.6223e-06, 2.4118e-06, 2.5123e-06, 8.0352e-06,
        2.5839e-06, 1.1595e-05, 4.4637e-06, 4.9984e-06, 3.1683e-06, 2.9410e-06,
        6.6993e-06, 8.3568e-06, 8.0478e-07, 3.2622e-06, 4.5122e-06, 2.5055e-06,
        9.5372e-06, 3.7964e-07])//
train_examples$75200$8000.0//
train_loss$76800$5.185240879654884e-06//
train_individual_losses$76800$tensor([5.7927e-06, 4.3764e-06, 1.4359e-06, 8.5031e-06, 2.8717e-06, 9.3115e-06,
        2.5821e-06, 9.6890e-06, 4.5658e-06, 7.2105e-06, 6.0719e-06, 2.9530e-06,
        8.3373e-06, 1.4700e-05, 1.2630e-06, 1.2425e-06, 3.7630e-06, 2.3206e-06,
        4.0856e-06, 2.6290e-06])//
train_examples$76800$8000.0//
train_loss$78400$4.901604354381561e-06//
train_individual_losses$78400$tensor([6.7812e-06, 3.0404e-06, 1.0547e-06, 4.1539e-06, 3.7067e-06, 1.1192e-05,
        8.3194e-06, 1.2538e-05, 6.4857e-06, 9.2356e-07, 2.8666e-06, 2.6763e-06,
        7.7878e-06, 8.3919e-06, 1.9646e-06, 2.1792e-06, 4.4547e-06, 2.3762e-06,
        5.6628e-06, 1.4770e-06])//
train_examples$78400$8000.0//
train_loss$80000$4.9932796508073806e-06//
train_individual_losses$80000$tensor([6.4436e-06, 3.7168e-06, 1.0274e-06, 1.1080e-05, 5.1088e-06, 9.6738e-06,
        6.0804e-06, 9.1490e-06, 3.9118e-06, 6.4960e-07, 8.1215e-06, 2.9493e-06,
        6.6435e-06, 8.7457e-06, 9.0019e-07, 2.1784e-06, 3.9389e-06, 3.0788e-06,
        5.6655e-06, 8.0206e-07])//
train_examples$80000$8000.0//
train_loss$81600$4.429132491350174e-06//
train_individual_losses$81600$tensor([4.7238e-06, 2.7880e-06, 2.3301e-06, 2.4559e-06, 2.3439e-06, 7.9608e-06,
        5.3872e-06, 1.4050e-05, 5.3064e-06, 7.2926e-07, 3.7931e-06, 2.2781e-06,
        6.8163e-06, 1.2429e-05, 1.2870e-06, 1.2927e-06, 3.3615e-06, 4.6709e-06,
        3.9904e-06, 5.8829e-07])//
train_examples$81600$8000.0//
train_loss$83200$6.95306733250618e-06//
train_individual_losses$83200$tensor([7.5690e-06, 6.3780e-06, 1.0093e-05, 2.1478e-05, 2.6775e-06, 1.3156e-05,
        2.1582e-06, 1.5480e-05, 5.2024e-06, 1.0834e-06, 5.3124e-06, 4.9726e-06,
        9.6236e-06, 8.4457e-06, 3.0716e-06, 1.6669e-06, 3.8081e-06, 4.9247e-06,
        9.9489e-06, 2.0104e-06])//
train_examples$83200$8000.0//
train_loss$84800$6.424856930971146e-06//
train_individual_losses$84800$tensor([5.9177e-06, 9.4945e-06, 1.9391e-06, 4.3961e-06, 5.8169e-06, 6.7251e-06,
        4.7098e-06, 9.1877e-06, 7.4731e-06, 1.1280e-06, 2.6195e-06, 9.5513e-06,
        6.0667e-06, 9.9229e-06, 1.3016e-06, 1.2021e-05, 9.3273e-06, 1.0804e-05,
        4.5630e-06, 5.5324e-06])//
train_examples$84800$8000.0//
train_loss$86400$4.044793918728829e-06//
train_individual_losses$86400$tensor([4.5910e-06, 3.0180e-06, 2.1525e-06, 2.0719e-06, 1.9556e-06, 6.6805e-06,
        4.4263e-06, 1.0210e-05, 5.0105e-06, 1.4468e-06, 2.7235e-06, 4.4384e-06,
        8.2565e-06, 1.1840e-05, 1.5569e-06, 1.7329e-06, 3.4150e-06, 2.3362e-06,
        2.9441e-06, 8.9492e-08])//
train_examples$86400$8000.0//
train_loss$88000$5.127745866775513e-06//
train_individual_losses$88000$tensor([4.7018e-06, 5.5360e-06, 1.1018e-06, 2.6181e-06, 2.4429e-06, 1.5629e-05,
        2.3004e-06, 1.1304e-05, 4.3514e-06, 2.8652e-06, 4.7070e-06, 1.8564e-06,
        6.1027e-06, 8.6401e-06, 1.2446e-06, 3.2576e-06, 1.2140e-05, 8.6012e-06,
        2.7864e-06, 3.6775e-07])//
train_examples$88000$8000.0//
train_loss$89600$4.638096317648888e-06//
train_individual_losses$89600$tensor([5.3413e-06, 4.5626e-06, 1.3105e-06, 2.3785e-06, 3.2728e-06, 1.2837e-05,
        2.7302e-06, 9.3760e-06, 8.7366e-06, 1.0283e-06, 6.5735e-06, 2.8793e-06,
        6.4375e-06, 9.9927e-06, 1.3136e-06, 2.4408e-06, 4.7570e-06, 2.9644e-06,
        3.3996e-06, 4.2907e-07])//
train_examples$89600$8000.0//
train_loss$91200$5.771680176258087e-06//
train_individual_losses$91200$tensor([5.7135e-06, 8.7354e-06, 4.7973e-06, 2.1097e-06, 5.1541e-06, 7.4562e-06,
        6.5784e-06, 1.1147e-05, 5.0473e-06, 1.9831e-06, 2.0804e-05, 2.9224e-06,
        7.4626e-06, 8.2192e-06, 1.9845e-06, 1.3357e-06, 3.1326e-06, 2.5180e-06,
        8.2360e-06, 9.6260e-08])//
train_examples$91200$8000.0//
train_loss$92800$4.9441643059253696e-06//
train_individual_losses$92800$tensor([4.8876e-06, 4.1544e-06, 1.1065e-06, 2.9256e-06, 1.4556e-05, 7.9700e-06,
        3.2415e-06, 1.0371e-05, 4.1795e-06, 1.8696e-06, 2.6432e-06, 1.7153e-06,
        7.5793e-06, 8.6741e-06, 9.0872e-07, 1.6714e-06, 1.2636e-05, 4.9830e-06,
        2.6417e-06, 1.6828e-07])//
train_examples$92800$8000.0//
train_loss$94400$5.417421460151673e-06//
train_individual_losses$94400$tensor([3.6914e-06, 7.2082e-06, 2.3463e-06, 3.1721e-06, 3.1849e-06, 1.7658e-05,
        2.1161e-06, 1.3115e-05, 4.4053e-06, 4.1351e-07, 3.0310e-06, 1.5677e-06,
        1.6020e-05, 1.5512e-05, 8.1668e-07, 1.6596e-06, 7.1724e-06, 2.0922e-06,
        2.9936e-06, 1.7215e-07])//
train_examples$94400$8000.0//
train_loss$96000$4.3708987534046174e-06//
train_individual_losses$96000$tensor([3.9043e-06, 2.9050e-06, 5.1885e-06, 2.6072e-06, 2.6835e-06, 1.4395e-05,
        3.5111e-06, 1.0736e-05, 6.5164e-06, 6.8994e-07, 1.9619e-06, 2.6715e-06,
        7.4798e-06, 7.5208e-06, 1.1660e-06, 2.9451e-06, 3.2684e-06, 4.3639e-06,
        2.8649e-06, 3.9187e-08])//
train_examples$96000$8000.0//
train_loss$97600$4.427428171038627e-06//
train_individual_losses$97600$tensor([4.4612e-06, 8.5141e-06, 1.1154e-06, 1.8376e-06, 5.6059e-06, 7.8747e-06,
        2.2561e-06, 1.0904e-05, 3.9726e-06, 4.9796e-07, 4.3418e-06, 3.6937e-06,
        6.9230e-06, 8.6438e-06, 8.4981e-07, 1.7384e-06, 4.2802e-06, 2.9407e-06,
        5.3857e-06, 2.7114e-06])//
train_examples$97600$8000.0//
train_loss$99200$4.831204935908318e-06//
train_individual_losses$99200$tensor([7.2817e-06, 5.0613e-06, 1.2483e-06, 2.1837e-06, 4.8970e-06, 8.1784e-06,
        3.4103e-06, 9.8753e-06, 7.5993e-06, 3.4775e-06, 2.3927e-06, 6.3358e-06,
        8.2585e-06, 1.0147e-05, 3.5408e-06, 1.9624e-06, 3.9226e-06, 3.5684e-06,
        3.2299e-06, 5.3431e-08])//
train_examples$99200$8000.0//
train_loss$100800$4.065532237291336e-06//
train_individual_losses$100800$tensor([4.1537e-06, 2.9106e-06, 3.8729e-06, 2.5697e-06, 3.2308e-06, 7.0399e-06,
        4.1133e-06, 1.0109e-05, 5.5171e-06, 3.4299e-07, 2.6490e-06, 2.0375e-06,
        5.8184e-06, 7.9740e-06, 8.5100e-07, 6.4148e-06, 4.3389e-06, 3.5938e-06,
        3.7336e-06, 3.9941e-08])//
train_examples$100800$8000.0//
train_loss$102400$6.040876358747482e-06//
train_individual_losses$102400$tensor([7.5384e-06, 1.1230e-05, 2.7704e-06, 1.1840e-05, 2.8561e-06, 1.2255e-05,
        1.1501e-05, 1.5032e-05, 5.6050e-06, 2.7390e-06, 2.7182e-06, 1.4869e-06,
        9.6149e-06, 7.8131e-06, 2.0421e-06, 1.9658e-06, 3.9940e-06, 5.1256e-06,
        2.3977e-06, 2.9206e-07])//
train_examples$102400$8000.0//
train_loss$104000$4.191716760396958e-06//
train_individual_losses$104000$tensor([7.4985e-06, 3.0699e-06, 1.2385e-06, 5.0265e-06, 2.1522e-06, 6.1418e-06,
        3.7144e-06, 1.1160e-05, 5.3754e-06, 9.0151e-07, 2.0174e-06, 1.9236e-06,
        6.5652e-06, 7.5383e-06, 3.8658e-06, 5.2002e-06, 3.9035e-06, 2.1108e-06,
        3.1229e-06, 1.3077e-06])//
train_examples$104000$8000.0//
train_loss$105600$4.102720320224762e-06//
train_individual_losses$105600$tensor([3.3338e-06, 2.5188e-06, 8.3391e-06, 2.5671e-06, 3.5688e-06, 6.4308e-06,
        2.3586e-06, 9.6495e-06, 5.1713e-06, 8.3512e-07, 4.1649e-06, 2.3360e-06,
        6.1602e-06, 9.9434e-06, 2.7241e-06, 1.1350e-06, 2.5745e-06, 3.6021e-06,
        4.5061e-06, 1.3535e-07])//
train_examples$105600$8000.0//
train_loss$107200$3.9585400372743605e-06//
train_individual_losses$107200$tensor([3.1506e-06, 2.6599e-06, 9.4936e-07, 2.0348e-06, 6.2745e-06, 7.1939e-06,
        1.8853e-06, 9.0319e-06, 4.0255e-06, 4.2280e-07, 4.9758e-06, 1.6273e-06,
        6.2824e-06, 1.0398e-05, 1.2829e-06, 1.8565e-06, 6.8682e-06, 2.9344e-06,
        3.5815e-06, 1.7350e-06])//
train_examples$107200$8000.0//
train_loss$108800$3.970038145780564e-06//
train_individual_losses$108800$tensor([4.5454e-06, 5.6194e-06, 8.1169e-07, 2.7739e-06, 4.0027e-06, 8.9216e-06,
        2.8336e-06, 9.4160e-06, 6.2954e-06, 7.4745e-07, 1.9189e-06, 1.2439e-06,
        8.0271e-06, 7.2983e-06, 1.5024e-06, 2.2430e-06, 5.6553e-06, 2.3298e-06,
        3.0951e-06, 1.1995e-07])//
train_examples$108800$8000.0//
train_loss$110400$3.883436322212219e-06//
train_individual_losses$110400$tensor([3.1696e-06, 3.8253e-06, 1.0001e-06, 2.6091e-06, 2.6122e-06, 1.0533e-05,
        2.4186e-06, 1.2891e-05, 4.3645e-06, 6.5448e-07, 2.1593e-06, 1.7622e-06,
        8.8374e-06, 8.1157e-06, 1.0484e-06, 4.4762e-06, 2.5286e-06, 1.9028e-06,
        2.7431e-06, 1.7421e-08])//
train_examples$110400$8000.0//
train_loss$112000$3.685777634382248e-06//
train_individual_losses$112000$tensor([3.8168e-06, 2.5208e-06, 9.5131e-07, 2.2081e-06, 4.4602e-06, 7.9086e-06,
        2.5408e-06, 1.1724e-05, 3.6342e-06, 1.3138e-06, 2.9098e-06, 2.6644e-06,
        6.9676e-06, 7.2371e-06, 1.5951e-06, 1.7029e-06, 2.2901e-06, 2.9028e-06,
        4.3507e-06, 1.6757e-08])//
train_examples$112000$8000.0//
train_loss$113600$5.186291784048081e-06//
train_individual_losses$113600$tensor([4.2355e-06, 4.7590e-06, 1.0709e-06, 3.2230e-06, 2.9090e-06, 1.6047e-05,
        3.0597e-06, 9.7402e-06, 6.7835e-06, 1.5668e-06, 2.0308e-06, 1.7914e-06,
        5.9857e-06, 2.0986e-05, 1.0487e-06, 1.2015e-06, 6.9328e-06, 4.3844e-06,
        5.8946e-06, 7.5537e-08])//
train_examples$113600$8000.0//
train_loss$115200$4.02168445289135e-06//
train_individual_losses$115200$tensor([4.5611e-06, 2.5380e-06, 1.8497e-06, 3.3319e-06, 2.1483e-06, 1.3733e-05,
        2.5043e-06, 9.2522e-06, 4.1015e-06, 4.7297e-07, 1.8533e-06, 8.4681e-06,
        5.8092e-06, 6.9788e-06, 1.1469e-06, 1.0859e-06, 4.9525e-06, 2.5301e-06,
        3.1010e-06, 1.4745e-08])//
train_examples$115200$8000.0//
train_loss$116800$4.199881106615066e-06//
train_individual_losses$116800$tensor([3.7243e-06, 4.1736e-06, 1.9541e-06, 2.7151e-06, 2.0582e-06, 7.5321e-06,
        3.9350e-06, 9.3594e-06, 9.5526e-06, 4.6652e-07, 2.0400e-06, 2.4149e-06,
        5.9980e-06, 7.7333e-06, 1.5715e-06, 8.5229e-06, 3.4709e-06, 3.3514e-06,
        3.3980e-06, 2.5862e-08])//
train_examples$116800$8000.0//
train_loss$118400$4.075164347887039e-06//
train_individual_losses$118400$tensor([5.5728e-06, 4.6717e-06, 6.7074e-07, 2.2039e-06, 4.3587e-06, 7.5288e-06,
        1.8637e-06, 1.1193e-05, 3.5709e-06, 5.2357e-07, 4.9799e-06, 2.2836e-06,
        7.3826e-06, 1.0097e-05, 5.5612e-07, 2.7280e-06, 2.5867e-06, 2.3613e-06,
        6.1388e-06, 2.3141e-07])//
train_examples$118400$8000.0//
train_loss$120000$3.7648957222700118e-06//
train_individual_losses$120000$tensor([4.9647e-06, 2.4820e-06, 3.4672e-06, 4.0655e-06, 2.1987e-06, 5.9580e-06,
        3.1048e-06, 9.2986e-06, 5.5153e-06, 6.3013e-07, 2.5320e-06, 1.4743e-06,
        7.0000e-06, 1.1485e-05, 8.4456e-07, 1.7554e-06, 2.4954e-06, 2.2473e-06,
        3.6018e-06, 1.7759e-07])//
train_examples$120000$8000.0//
train_loss$121600$3.3579632639884948e-06//
train_individual_losses$121600$tensor([3.6147e-06, 2.5908e-06, 1.0096e-06, 3.7911e-06, 1.9423e-06, 6.3508e-06,
        1.7242e-06, 1.2697e-05, 3.9521e-06, 5.0361e-07, 2.9003e-06, 1.1794e-06,
        5.5098e-06, 7.3823e-06, 1.2093e-06, 1.1860e-06, 2.8218e-06, 2.3558e-06,
        3.6603e-06, 7.7793e-07])//
train_examples$121600$8000.0//
train_loss$123200$4.394906759262085e-06//
train_individual_losses$123200$tensor([5.3736e-06, 2.7072e-06, 1.2584e-06, 8.6449e-06, 2.1817e-06, 6.8911e-06,
        2.2192e-06, 1.2002e-05, 4.6263e-06, 4.2970e-07, 2.4679e-06, 7.0062e-06,
        6.3538e-06, 8.4825e-06, 3.0256e-06, 4.4905e-06, 2.8772e-06, 3.6588e-06,
        3.1671e-06, 3.4236e-08])//
train_examples$123200$8000.0//
train_loss$124800$4.818769171833992e-06//
train_individual_losses$124800$tensor([3.9838e-06, 2.2962e-06, 2.5350e-06, 1.0467e-05, 5.5819e-06, 1.2344e-05,
        1.9411e-06, 9.9037e-06, 1.4952e-05, 6.0694e-07, 2.4168e-06, 1.2020e-06,
        5.9647e-06, 1.1223e-05, 8.6671e-07, 1.1142e-06, 2.1617e-06, 1.8720e-06,
        4.7894e-06, 1.5365e-07])//
train_examples$124800$8000.0//
train_loss$126400$4.228664934635162e-06//
train_individual_losses$126400$tensor([3.0860e-06, 2.4876e-06, 4.0036e-06, 2.3526e-06, 3.9212e-06, 6.6217e-06,
        1.7674e-06, 1.1998e-05, 3.2575e-06, 1.1378e-06, 3.5095e-06, 1.1221e-06,
        1.3647e-05, 1.0288e-05, 2.1503e-06, 5.0119e-06, 2.7828e-06, 2.5512e-06,
        2.8301e-06, 4.6068e-08])//
train_examples$126400$8000.0//
train_loss$128000$3.642236813902855e-06//
train_individual_losses$128000$tensor([5.1860e-06, 2.6681e-06, 8.9795e-07, 1.5872e-06, 4.2658e-06, 7.1619e-06,
        2.9924e-06, 1.0708e-05, 3.3412e-06, 1.7910e-06, 2.0515e-06, 1.2985e-06,
        5.7517e-06, 7.0695e-06, 5.7576e-07, 1.0218e-06, 2.7123e-06, 4.8888e-06,
        6.2763e-06, 5.9949e-07])//
train_examples$128000$8000.0//
train_loss$129600$5.553001537919044e-06//
train_individual_losses$129600$tensor([3.9431e-06, 5.7635e-06, 2.6216e-06, 1.5994e-06, 9.2425e-06, 1.0008e-05,
        1.0290e-05, 1.0009e-05, 5.2308e-06, 2.3672e-06, 2.8414e-06, 1.8055e-06,
        1.0864e-05, 1.0854e-05, 5.6275e-07, 2.9320e-06, 4.3230e-06, 5.1885e-06,
        3.5377e-06, 7.0762e-06])//
train_examples$129600$8000.0//
train_loss$131200$4.4997766613960265e-06//
train_individual_losses$131200$tensor([3.5377e-06, 3.7572e-06, 1.1509e-06, 2.4163e-06, 3.5331e-06, 5.7522e-06,
        3.7983e-06, 1.0411e-05, 2.9395e-06, 2.9414e-06, 2.5716e-06, 2.3112e-06,
        8.5190e-06, 1.0805e-05, 7.2922e-06, 1.3848e-06, 8.5994e-06, 3.8339e-06,
        4.4230e-06, 1.8077e-08])//
train_examples$131200$8000.0//
train_loss$132800$5.0567377358675e-06//
train_individual_losses$132800$tensor([2.8479e-06, 5.7699e-06, 1.1236e-06, 1.6681e-06, 5.2949e-06, 1.8504e-05,
        1.7640e-06, 1.1198e-05, 4.0724e-06, 3.5926e-06, 3.0324e-06, 6.1145e-06,
        6.2656e-06, 1.7772e-05, 1.4946e-06, 1.3828e-06, 3.6746e-06, 2.5057e-06,
        3.0367e-06, 2.0629e-08])//
train_examples$132800$8000.0//
train_loss$134400$6.793320924043655e-06//
train_individual_losses$134400$tensor([4.3514e-06, 3.8489e-06, 4.7653e-06, 2.2114e-06, 2.3390e-06, 5.9266e-06,
        3.8233e-06, 1.7321e-05, 4.4536e-06, 6.9895e-06, 4.8131e-06, 8.5647e-06,
        1.3583e-05, 1.2273e-05, 2.2201e-05, 2.0478e-06, 4.0106e-06, 2.1162e-06,
        9.1553e-06, 1.0705e-06])//
train_examples$134400$8000.0//
train_loss$136000$3.669198602437973e-06//
train_individual_losses$136000$tensor([3.0211e-06, 3.1686e-06, 6.5900e-07, 1.5132e-06, 2.3619e-06, 5.9004e-06,
        1.5301e-06, 1.2265e-05, 2.6100e-06, 5.6066e-07, 4.7922e-06, 3.4288e-06,
        7.8978e-06, 1.0715e-05, 2.3092e-06, 1.8823e-06, 3.3296e-06, 3.2557e-06,
        2.1594e-06, 2.4337e-08])//
train_examples$136000$8000.0//
train_loss$137600$4.17218990623951e-06//
train_individual_losses$137600$tensor([5.3948e-06, 2.0955e-06, 1.5929e-06, 2.2115e-06, 2.4426e-06, 1.0938e-05,
        1.3104e-05, 1.0600e-05, 2.5213e-06, 4.0003e-06, 3.7482e-06, 2.0835e-06,
        6.2289e-06, 7.1201e-06, 9.8021e-07, 9.6275e-07, 2.4970e-06, 2.3884e-06,
        2.5201e-06, 1.3498e-08])//
train_examples$137600$8000.0//
train_loss$139200$6.537642329931259e-06//
train_individual_losses$139200$tensor([4.4337e-06, 1.0923e-05, 2.1510e-06, 6.9016e-06, 2.1903e-06, 3.0388e-05,
        2.7817e-06, 9.2725e-06, 4.1486e-06, 3.9609e-07, 2.8535e-06, 4.7056e-06,
        7.4876e-06, 1.7188e-05, 1.0407e-06, 1.1109e-06, 5.4947e-06, 3.8463e-06,
        1.3397e-05, 4.2480e-08])//
train_examples$139200$8000.0//
train_loss$140800$3.5429660230875014e-06//
train_individual_losses$140800$tensor([3.0851e-06, 2.5209e-06, 2.8993e-06, 2.2658e-06, 1.6684e-06, 6.5608e-06,
        1.8341e-06, 1.0191e-05, 4.4027e-06, 4.8807e-07, 2.1320e-06, 2.0965e-06,
        7.4514e-06, 6.6848e-06, 5.9994e-06, 1.1214e-06, 3.6394e-06, 3.0744e-06,
        2.5793e-06, 1.6477e-07])//
train_examples$140800$8000.0//
train_loss$142400$4.70242016017437e-06//
train_individual_losses$142400$tensor([3.6887e-06, 5.7008e-06, 1.2154e-06, 5.7558e-06, 2.3614e-06, 1.2550e-05,
        1.2465e-05, 9.7627e-06, 3.2521e-06, 9.5898e-07, 2.2702e-06, 3.7688e-06,
        8.4845e-06, 6.6605e-06, 7.2796e-07, 3.2150e-06, 2.5194e-06, 4.0141e-06,
        3.5912e-06, 1.0861e-06])//
train_examples$142400$8000.0//
train_loss$144000$3.4846968948841095e-06//
train_individual_losses$144000$tensor([2.7568e-06, 2.1028e-06, 6.9135e-07, 1.8612e-06, 2.1815e-06, 1.1002e-05,
        1.8997e-06, 1.0256e-05, 2.2594e-06, 1.2499e-06, 1.8832e-06, 4.0906e-06,
        7.1458e-06, 8.3466e-06, 1.3430e-06, 1.4579e-06, 3.4976e-06, 2.2975e-06,
        3.2873e-06, 8.4498e-08])//
train_examples$144000$8000.0//
train_loss$145600$3.315327689051628e-06//
train_individual_losses$145600$tensor([6.3205e-06, 2.0994e-06, 9.9083e-07, 1.5634e-06, 1.7213e-06, 5.9000e-06,
        1.6945e-06, 1.5266e-05, 2.3234e-06, 6.2429e-07, 2.4516e-06, 1.7844e-06,
        6.0312e-06, 6.4000e-06, 1.5857e-06, 1.1632e-06, 2.0816e-06, 1.7596e-06,
        4.5221e-06, 2.4105e-08])//
train_examples$145600$8000.0//
train_loss$147200$4.04668040573597e-06//
train_individual_losses$147200$tensor([2.7372e-06, 2.1552e-06, 1.1413e-06, 2.8259e-06, 3.2663e-06, 9.4709e-06,
        1.8183e-06, 1.1750e-05, 5.3413e-06, 3.7913e-07, 2.6888e-06, 2.9388e-06,
        9.4914e-06, 7.4163e-06, 9.2158e-07, 3.6582e-06, 2.7635e-06, 7.1664e-06,
        2.9897e-06, 1.3600e-08])//
train_examples$147200$8000.0//
train_loss$148800$4.810747131705284e-06//
train_individual_losses$148800$tensor([1.2745e-05, 4.7563e-06, 1.2655e-06, 2.7762e-06, 2.0149e-06, 7.5626e-06,
        5.4348e-06, 9.8544e-06, 6.4032e-06, 4.2645e-07, 2.2492e-06, 1.1645e-06,
        5.4466e-06, 6.3294e-06, 3.5570e-06, 4.4798e-06, 4.1107e-06, 5.2454e-06,
        1.0380e-05, 1.2433e-08])//
train_examples$148800$8000.0//
train_loss$150400$5.001505091786385e-06//
train_individual_losses$150400$tensor([2.6223e-06, 1.6443e-05, 1.1268e-06, 2.6726e-06, 1.0176e-05, 5.8893e-06,
        3.0086e-06, 8.8552e-06, 2.9497e-06, 5.5237e-06, 2.0206e-06, 1.4721e-06,
        5.9611e-06, 6.2568e-06, 1.7638e-06, 4.9308e-06, 3.6714e-06, 1.7469e-06,
        1.2891e-05, 4.8801e-08])//
train_examples$150400$8000.0//
train_loss$152000$4.215097427368164e-06//
train_individual_losses$152000$tensor([4.7958e-06, 6.0530e-06, 3.3585e-06, 1.1657e-05, 2.6113e-06, 6.2953e-06,
        3.1795e-06, 9.4740e-06, 1.9586e-06, 1.9683e-06, 2.1903e-06, 4.9459e-06,
        6.0521e-06, 7.4590e-06, 7.7026e-07, 1.0850e-06, 3.1981e-06, 3.6080e-06,
        3.5540e-06, 8.7452e-08])//
train_examples$152000$8000.0//
train_loss$153600$3.731737658381462e-06//
train_individual_losses$153600$tensor([4.2449e-06, 3.7731e-06, 1.1676e-06, 6.4973e-06, 3.0332e-06, 8.0035e-06,
        1.5838e-06, 1.1593e-05, 2.4154e-06, 6.5038e-07, 1.8803e-06, 6.1753e-06,
        7.0421e-06, 6.7724e-06, 1.6491e-06, 1.4848e-06, 1.9070e-06, 2.0277e-06,
        2.7057e-06, 2.7900e-08])//
train_examples$153600$8000.0//
train_loss$155200$2.903198450803757e-06//
train_individual_losses$155200$tensor([2.6309e-06, 1.7335e-06, 9.1942e-07, 1.9611e-06, 1.5480e-06, 5.7712e-06,
        2.3312e-06, 1.0235e-05, 2.1584e-06, 1.4995e-06, 1.7845e-06, 9.2167e-07,
        6.9512e-06, 8.2284e-06, 1.5044e-06, 1.1767e-06, 2.1403e-06, 2.3343e-06,
        2.0253e-06, 2.0948e-07])//
train_examples$155200$8000.0//
train_loss$156800$3.565918281674385e-06//
train_individual_losses$156800$tensor([3.6663e-06, 3.7368e-06, 1.1675e-06, 1.9236e-06, 5.2260e-06, 6.9705e-06,
        2.1375e-06, 9.3488e-06, 2.6196e-06, 3.3277e-07, 3.2538e-06, 2.4910e-06,
        6.3046e-06, 1.0587e-05, 9.5611e-07, 3.5622e-06, 1.9793e-06, 2.1419e-06,
        2.8827e-06, 3.0209e-08])//
train_examples$156800$8000.0//
train_loss$158400$6.563141942024231e-06//
train_individual_losses$158400$tensor([3.2311e-06, 2.8895e-06, 8.9303e-07, 1.7564e-06, 3.4957e-06, 1.8255e-05,
        2.1784e-06, 2.0013e-05, 2.8058e-06, 1.4715e-06, 4.7722e-06, 1.7711e-06,
        1.5681e-05, 2.9050e-05, 1.1642e-06, 2.0152e-06, 4.4146e-06, 5.5060e-06,
        9.6892e-06, 2.0977e-07])//
train_examples$158400$8000.0//
train_loss$160000$3.6098562180995943e-06//
train_individual_losses$160000$tensor([2.7204e-06, 2.1346e-06, 3.0271e-06, 2.1147e-06, 2.6880e-06, 1.5264e-05,
        1.3688e-06, 1.1339e-05, 3.6411e-06, 1.2411e-06, 2.4487e-06, 1.1766e-06,
        5.4377e-06, 6.7722e-06, 7.8992e-07, 1.0034e-06, 2.1175e-06, 1.9967e-06,
        3.2262e-06, 1.6897e-06])//
train_examples$160000$8000.0