train_loss$0$0.80673525390625//
train_individual_losses$0$tensor([0.8531, 0.8006, 0.7538, 0.8035, 0.7599, 0.7849, 0.8323, 0.8469, 0.8192,
        0.8132])//
train_examples$0$8000.0//
train_loss$1600$0.0006552343845367431//
train_individual_losses$1600$tensor([0.0005, 0.0005, 0.0008, 0.0005, 0.0010, 0.0004, 0.0006, 0.0008, 0.0006,
        0.0009])//
train_examples$1600$8000.0//
train_loss$3200$0.00023900246620178222//
train_individual_losses$3200$tensor([0.0002, 0.0002, 0.0003, 0.0002, 0.0003, 0.0002, 0.0002, 0.0003, 0.0002,
        0.0004])//
train_examples$3200$8000.0//
train_loss$4800$0.00015680179595947265//
train_individual_losses$4800$tensor([0.0001, 0.0001, 0.0002, 0.0001, 0.0002, 0.0002, 0.0001, 0.0002, 0.0002,
        0.0002])//
train_examples$4800$8000.0//
train_loss$6400$0.0001192794919013977//
train_individual_losses$6400$tensor([9.9958e-05, 8.6092e-05, 1.4458e-04, 6.5251e-05, 1.1774e-04, 1.6296e-04,
        1.0900e-04, 1.5763e-04, 1.6057e-04, 8.9014e-05])//
train_examples$6400$8000.0//
train_loss$8000$8.932871818542481e-05//
train_individual_losses$8000$tensor([6.9805e-05, 3.9867e-05, 7.2132e-05, 4.2268e-05, 6.9199e-05, 1.6171e-04,
        9.2607e-05, 1.4513e-04, 1.4877e-04, 5.1806e-05])//
train_examples$8000$8000.0//
train_loss$9600$7.222833633422852e-05//
train_individual_losses$9600$tensor([5.3681e-05, 2.2689e-05, 5.0699e-05, 2.1335e-05, 3.9956e-05, 1.6697e-04,
        5.8362e-05, 1.3937e-04, 1.3580e-04, 3.3419e-05])//
train_examples$9600$8000.0//
train_loss$11200$6.39419138431549e-05//
train_individual_losses$11200$tensor([5.4837e-05, 1.7668e-05, 3.9242e-05, 1.6035e-05, 3.2550e-05, 1.3381e-04,
        4.9070e-05, 1.4024e-04, 1.3502e-04, 2.0948e-05])//
train_examples$11200$8000.0//
train_loss$12800$5.8751684427261354e-05//
train_individual_losses$12800$tensor([4.6471e-05, 1.5983e-05, 3.2572e-05, 1.2358e-05, 2.5291e-05, 1.3340e-04,
        2.8343e-05, 1.3879e-04, 1.3742e-04, 1.6883e-05])//
train_examples$12800$8000.0//
train_loss$14400$5.3906255960464475e-05//
train_individual_losses$14400$tensor([3.8380e-05, 1.4074e-05, 1.9965e-05, 9.6839e-06, 2.1154e-05, 1.3462e-04,
        1.9142e-05, 1.3604e-04, 1.3353e-04, 1.2480e-05])//
train_examples$14400$8000.0//
train_loss$16000$5.3766489028930665e-05//
train_individual_losses$16000$tensor([4.3702e-05, 1.3763e-05, 1.9513e-05, 7.7744e-06, 2.0230e-05, 1.3160e-04,
        1.3955e-05, 1.4380e-04, 1.3304e-04, 1.0291e-05])//
train_examples$16000$8000.0//
train_loss$17600$5.306049585342407e-05//
train_individual_losses$17600$tensor([3.4664e-05, 1.3669e-05, 1.5173e-05, 6.7659e-06, 1.9970e-05, 1.3549e-04,
        1.2600e-05, 1.4181e-04, 1.4136e-04, 9.1095e-06])//
train_examples$17600$8000.0//
train_loss$19200$5.1105296611785886e-05//
train_individual_losses$19200$tensor([3.0815e-05, 1.1988e-05, 1.4584e-05, 7.9673e-06, 1.8676e-05, 1.3601e-04,
        8.1506e-06, 1.3859e-04, 1.3603e-04, 8.2454e-06])//
train_examples$19200$8000.0//
train_loss$20800$4.771133065223694e-05//
train_individual_losses$20800$tensor([2.6230e-05, 1.2122e-05, 1.5543e-05, 7.7593e-06, 1.8949e-05, 1.2253e-04,
        9.1593e-06, 1.3357e-04, 1.2298e-04, 8.2691e-06])//
train_examples$20800$8000.0//
train_loss$22400$5.0551116466522215e-05//
train_individual_losses$22400$tensor([2.7991e-05, 1.3171e-05, 1.4869e-05, 5.5147e-06, 1.6588e-05, 1.3829e-04,
        5.4478e-06, 1.4702e-04, 1.2781e-04, 8.8123e-06])//
train_examples$22400$8000.0//
train_loss$24000$4.831345677375793e-05//
train_individual_losses$24000$tensor([2.2707e-05, 1.1519e-05, 1.7931e-05, 7.5875e-06, 1.8113e-05, 1.2567e-04,
        5.9092e-06, 1.3289e-04, 1.3349e-04, 7.3213e-06])//
train_examples$24000$8000.0//
train_loss$25600$4.9233630299568175e-05//
train_individual_losses$25600$tensor([2.4035e-05, 1.3045e-05, 1.7841e-05, 5.8392e-06, 1.8217e-05, 1.3016e-04,
        7.3565e-06, 1.3284e-04, 1.3564e-04, 7.3597e-06])//
train_examples$25600$8000.0//
train_loss$27200$4.6742498874664303e-05//
train_individual_losses$27200$tensor([2.4807e-05, 1.3013e-05, 1.3457e-05, 5.7040e-06, 1.7552e-05, 1.2310e-04,
        4.7258e-06, 1.3480e-04, 1.2245e-04, 7.8181e-06])//
train_examples$27200$8000.0//
train_loss$28800$4.707425832748413e-05//
train_individual_losses$28800$tensor([2.0980e-05, 1.7301e-05, 2.5178e-05, 5.8213e-06, 1.5340e-05, 1.2703e-04,
        4.6630e-06, 1.3454e-04, 1.1138e-04, 8.5115e-06])//
train_examples$28800$8000.0//
train_loss$30400$3.898311853408813e-05//
train_individual_losses$30400$tensor([1.9988e-05, 1.6848e-05, 1.2907e-05, 1.1554e-05, 2.5156e-05, 3.0255e-05,
        9.6017e-06, 1.5588e-04, 9.9520e-05, 8.1270e-06])//
train_examples$30400$8000.0//
train_loss$32000$3.3842736482620236e-05//
train_individual_losses$32000$tensor([2.1298e-05, 1.4500e-05, 1.6536e-05, 5.9275e-06, 1.7183e-05, 2.1595e-05,
        5.0811e-06, 1.4059e-04, 8.3987e-05, 1.1733e-05])//
train_examples$32000$8000.0//
train_loss$33600$3.0446061491966246e-05//
train_individual_losses$33600$tensor([2.1322e-05, 1.3566e-05, 1.3136e-05, 5.5815e-06, 1.4636e-05, 1.9845e-05,
        4.0757e-06, 1.3936e-04, 6.3794e-05, 9.1485e-06])//
train_examples$33600$8000.0//
train_loss$35200$2.8142377734184266e-05//
train_individual_losses$35200$tensor([2.1345e-05, 1.5221e-05, 1.2457e-05, 6.5152e-06, 1.8434e-05, 1.7343e-05,
        5.7041e-06, 1.4405e-04, 3.3730e-05, 6.6259e-06])//
train_examples$35200$8000.0//
train_loss$36800$2.4612057209014894e-05//
train_individual_losses$36800$tensor([1.9590e-05, 1.0920e-05, 1.3042e-05, 5.2021e-06, 1.5305e-05, 1.5993e-05,
        5.3369e-06, 1.3500e-04, 1.9495e-05, 6.2346e-06])//
train_examples$36800$8000.0//
train_loss$38400$2.353709787130356e-05//
train_individual_losses$38400$tensor([1.8618e-05, 1.1953e-05, 1.1572e-05, 5.7195e-06, 1.3693e-05, 1.3837e-05,
        3.9951e-06, 1.3565e-04, 1.1479e-05, 8.8551e-06])//
train_examples$38400$8000.0//
train_loss$40000$2.6739826798439025e-05//
train_individual_losses$40000$tensor([2.0596e-05, 1.2138e-05, 1.4385e-05, 6.5893e-06, 1.4048e-05, 1.5041e-05,
        6.0986e-06, 1.5283e-04, 5.8109e-06, 1.9859e-05])//
train_examples$40000$8000.0//
train_loss$41600$2.2334624826908112e-05//
train_individual_losses$41600$tensor([1.7723e-05, 1.0531e-05, 1.0687e-05, 5.7787e-06, 1.4795e-05, 1.3708e-05,
        3.2308e-06, 1.3585e-04, 4.9392e-06, 6.1067e-06])//
train_examples$41600$8000.0//
train_loss$43200$2.4792303144931794e-05//
train_individual_losses$43200$tensor([2.0944e-05, 1.1862e-05, 1.6758e-05, 1.0833e-05, 1.9148e-05, 9.5898e-06,
        9.4116e-06, 1.3681e-04, 3.8576e-06, 8.7058e-06])//
train_examples$43200$8000.0//
train_loss$44800$2.156076729297638e-05//
train_individual_losses$44800$tensor([1.5083e-05, 1.0563e-05, 1.1677e-05, 5.3403e-06, 1.4445e-05, 9.5904e-06,
        5.4796e-06, 1.3181e-04, 2.7922e-06, 8.8319e-06])//
train_examples$44800$8000.0//
train_loss$46400$2.214934676885605e-05//
train_individual_losses$46400$tensor([1.6736e-05, 9.8063e-06, 1.2479e-05, 5.2214e-06, 1.3429e-05, 1.0001e-05,
        3.0188e-06, 1.3766e-04, 5.4704e-06, 7.6724e-06])//
train_examples$46400$8000.0//
train_loss$48000$2.4030330777168275e-05//
train_individual_losses$48000$tensor([1.4538e-05, 1.1788e-05, 1.4012e-05, 1.0081e-05, 1.6212e-05, 8.4265e-06,
        4.0480e-06, 1.3779e-04, 1.5082e-05, 8.3268e-06])//
train_examples$48000$8000.0//
train_loss$49600$2.159297466278076e-05//
train_individual_losses$49600$tensor([1.3841e-05, 1.1633e-05, 1.0377e-05, 4.5872e-06, 1.6292e-05, 7.2284e-06,
        3.8416e-06, 1.3817e-04, 3.3480e-06, 6.6106e-06])//
train_examples$49600$8000.0//
train_loss$51200$2.3248428106307984e-05//
train_individual_losses$51200$tensor([1.8237e-05, 1.2603e-05, 1.0397e-05, 5.0617e-06, 1.6534e-05, 9.7329e-06,
        2.4066e-06, 1.4596e-04, 3.5144e-06, 8.0367e-06])//
train_examples$51200$8000.0//
train_loss$52800$2.1431952714920042e-05//
train_individual_losses$52800$tensor([1.4032e-05, 9.7721e-06, 8.8054e-06, 6.3165e-06, 1.5114e-05, 7.1957e-06,
        3.6274e-06, 1.3985e-04, 3.7621e-06, 5.8404e-06])//
train_examples$52800$8000.0//
train_loss$54400$2.0984767377376555e-05//
train_individual_losses$54400$tensor([1.6473e-05, 1.4583e-05, 1.0927e-05, 4.7613e-06, 1.4017e-05, 7.6052e-06,
        2.4794e-06, 1.3073e-04, 2.3839e-06, 5.8921e-06])//
train_examples$54400$8000.0//
train_loss$56000$2.2031140327453613e-05//
train_individual_losses$56000$tensor([1.4216e-05, 9.6775e-06, 1.1185e-05, 4.8886e-06, 1.3618e-05, 6.3928e-06,
        3.3816e-06, 1.4157e-04, 7.8895e-06, 7.4885e-06])//
train_examples$56000$8000.0//
train_loss$57600$2.2414354979991913e-05//
train_individual_losses$57600$tensor([1.4450e-05, 1.0809e-05, 9.1239e-06, 4.5035e-06, 1.6097e-05, 6.1921e-06,
        5.6977e-06, 1.4629e-04, 5.5891e-06, 5.3874e-06])//
train_examples$57600$8000.0//
train_loss$59200$2.4384255707263946e-05//
train_individual_losses$59200$tensor([1.8978e-05, 1.0414e-05, 9.7292e-06, 4.2474e-06, 2.1432e-05, 5.4552e-06,
        2.4673e-06, 1.4842e-04, 4.6317e-06, 1.8063e-05])//
train_examples$59200$8000.0//
train_loss$60800$2.082839459180832e-05//
train_individual_losses$60800$tensor([1.4365e-05, 1.2302e-05, 1.0258e-05, 6.2045e-06, 1.2624e-05, 6.9146e-06,
        3.1816e-06, 1.3237e-04, 3.0301e-06, 7.0342e-06])//
train_examples$60800$8000.0//
train_loss$62400$2.1514669060707093e-05//
train_individual_losses$62400$tensor([1.3352e-05, 9.8033e-06, 9.1894e-06, 5.0658e-06, 1.8554e-05, 5.8345e-06,
        2.8925e-06, 1.3505e-04, 9.1924e-06, 6.2114e-06])//
train_examples$62400$8000.0//
train_loss$64000$2.322479486465454e-05//
train_individual_losses$64000$tensor([2.5903e-05, 1.0665e-05, 9.9076e-06, 7.6733e-06, 1.4194e-05, 9.4209e-06,
        2.2285e-06, 1.3990e-04, 6.7560e-06, 5.5993e-06])//
train_examples$64000$8000.0//
train_loss$65600$2.556019127368927e-05//
train_individual_losses$65600$tensor([1.7108e-05, 1.4494e-05, 1.4564e-05, 4.8251e-06, 1.3379e-05, 5.2068e-06,
        4.4541e-05, 1.3260e-04, 3.2201e-06, 5.6676e-06])//
train_examples$65600$8000.0//
train_loss$67200$2.0572356879711152e-05//
train_individual_losses$67200$tensor([1.5692e-05, 9.7307e-06, 1.0118e-05, 7.7342e-06, 1.3376e-05, 4.8419e-06,
        2.4597e-06, 1.3348e-04, 2.6904e-06, 5.6039e-06])//
train_examples$67200$8000.0//
train_loss$68800$2.1420149505138397e-05//
train_individual_losses$68800$tensor([1.5300e-05, 1.2935e-05, 1.0262e-05, 4.2139e-06, 1.4590e-05, 6.4084e-06,
        2.6616e-06, 1.3881e-04, 2.5558e-06, 6.4598e-06])//
train_examples$68800$8000.0//
train_loss$70400$2.160162329673767e-05//
train_individual_losses$70400$tensor([1.3124e-05, 1.0573e-05, 8.3808e-06, 4.3495e-06, 1.3484e-05, 5.2545e-06,
        1.2627e-05, 1.3859e-04, 3.2025e-06, 6.4354e-06])//
train_examples$70400$8000.0//
train_loss$72000$2.063213437795639e-05//
train_individual_losses$72000$tensor([1.4990e-05, 9.8024e-06, 1.2279e-05, 3.7193e-06, 1.3982e-05, 6.8036e-06,
        2.3983e-06, 1.3430e-04, 2.7337e-06, 5.3139e-06])//
train_examples$72000$8000.0//
train_loss$73600$2.1073928475379943e-05//
train_individual_losses$73600$tensor([1.5581e-05, 1.1206e-05, 1.0741e-05, 4.1406e-06, 1.2938e-05, 5.8277e-06,
        3.1954e-06, 1.3642e-04, 3.0798e-06, 7.6126e-06])//
train_examples$73600$8000.0//
train_loss$75200$2.0479530096054076e-05//
train_individual_losses$75200$tensor([1.3587e-05, 1.0447e-05, 1.1739e-05, 3.4344e-06, 2.1254e-05, 5.0681e-06,
        1.9240e-06, 1.2847e-04, 3.3712e-06, 5.4972e-06])//
train_examples$75200$8000.0//
train_loss$76800$2.1517588198184967e-05//
train_individual_losses$76800$tensor([1.8978e-05, 1.0846e-05, 1.0188e-05, 6.7663e-06, 1.2085e-05, 4.8395e-06,
        2.0202e-06, 1.3729e-04, 3.2934e-06, 8.8724e-06])//
train_examples$76800$8000.0//
train_loss$78400$2.0908118784427644e-05//
train_individual_losses$78400$tensor([1.9153e-05, 1.0574e-05, 8.9874e-06, 3.8892e-06, 1.2567e-05, 4.8100e-06,
        8.7815e-06, 1.2885e-04, 4.7500e-06, 6.7224e-06])//
train_examples$78400$8000.0//
train_loss$80000$2.179645299911499e-05//
train_individual_losses$80000$tensor([1.3784e-05, 1.0665e-05, 9.1403e-06, 4.2960e-06, 1.2656e-05, 1.5571e-05,
        7.4257e-06, 1.2698e-04, 3.4213e-06, 1.4023e-05])//
train_examples$80000$8000.0//
train_loss$81600$2.0653659105300903e-05//
train_individual_losses$81600$tensor([1.5213e-05, 9.4433e-06, 1.6092e-05, 6.9068e-06, 1.3149e-05, 6.0221e-06,
        5.5340e-06, 1.2586e-04, 3.2079e-06, 5.1070e-06])//
train_examples$81600$8000.0//
train_loss$83200$2.0448459684848784e-05//
train_individual_losses$83200$tensor([1.5176e-05, 1.0612e-05, 9.3278e-06, 4.6547e-06, 1.1944e-05, 5.4031e-06,
        3.4517e-06, 1.2988e-04, 5.0721e-06, 8.9637e-06])//
train_examples$83200$8000.0//
train_loss$84800$2.087118625640869e-05//
train_individual_losses$84800$tensor([1.5892e-05, 1.7973e-05, 9.1588e-06, 3.6482e-06, 1.3438e-05, 4.7816e-06,
        2.1072e-06, 1.3044e-04, 2.4947e-06, 8.7761e-06])//
train_examples$84800$8000.0//
train_loss$86400$2.0042262971401215e-05//
train_individual_losses$86400$tensor([1.3594e-05, 1.0473e-05, 8.8468e-06, 5.0231e-06, 1.3883e-05, 5.0546e-06,
        3.3620e-06, 1.2925e-04, 3.7393e-06, 7.2017e-06])//
train_examples$86400$8000.0//
train_loss$88000$2.035558968782425e-05//
train_individual_losses$88000$tensor([1.5268e-05, 9.7704e-06, 8.4717e-06, 4.0593e-06, 1.3463e-05, 4.1683e-06,
        6.7175e-06, 1.2845e-04, 4.3326e-06, 8.8597e-06])//
train_examples$88000$8000.0//
train_loss$89600$1.9943499565124513e-05//
train_individual_losses$89600$tensor([1.4146e-05, 1.1708e-05, 8.3387e-06, 3.8097e-06, 1.2992e-05, 5.6566e-06,
        2.5508e-06, 1.2943e-04, 3.7334e-06, 7.0694e-06])//
train_examples$89600$8000.0//
train_loss$91200$1.97787344455719e-05//
train_individual_losses$91200$tensor([1.9823e-05, 1.1441e-05, 8.7980e-06, 3.8314e-06, 1.3392e-05, 5.1970e-06,
        2.0262e-06, 1.2598e-04, 2.7374e-06, 4.5621e-06])//
train_examples$91200$8000.0//
train_loss$92800$2.070855051279068e-05//
train_individual_losses$92800$tensor([1.3899e-05, 1.0436e-05, 8.1373e-06, 4.7931e-06, 1.2635e-05, 4.7089e-06,
        5.2828e-06, 1.2896e-04, 4.9093e-06, 1.3324e-05])//
train_examples$92800$8000.0//
train_loss$94400$2.029891610145569e-05//
train_individual_losses$94400$tensor([1.3939e-05, 1.7172e-05, 1.1227e-05, 3.7560e-06, 1.1724e-05, 5.6769e-06,
        2.5079e-06, 1.2748e-04, 3.9873e-06, 5.5201e-06])//
train_examples$94400$8000.0//
train_loss$96000$1.9525858759880064e-05//
train_individual_losses$96000$tensor([1.4827e-05, 1.0190e-05, 8.4972e-06, 4.2057e-06, 1.2716e-05, 6.2609e-06,
        2.0673e-06, 1.2367e-04, 3.5424e-06, 9.2844e-06])//
train_examples$96000$8000.0//
train_loss$97600$1.9955073297023773e-05//
train_individual_losses$97600$tensor([1.4679e-05, 1.1595e-05, 1.4648e-05, 4.8865e-06, 1.2910e-05, 4.8437e-06,
        2.2925e-06, 1.2368e-04, 2.8594e-06, 7.1598e-06])//
train_examples$97600$8000.0//
train_loss$99200$2.0097850263118743e-05//
train_individual_losses$99200$tensor([1.3505e-05, 9.1145e-06, 1.0433e-05, 8.8023e-06, 1.5284e-05, 6.0595e-06,
        2.0999e-06, 1.2759e-04, 3.7055e-06, 4.3839e-06])//
train_examples$99200$8000.0//
train_loss$100800$2.1063607931137083e-05//
train_individual_losses$100800$tensor([1.9337e-05, 1.1251e-05, 1.3867e-05, 3.3944e-06, 1.4200e-05, 4.5444e-06,
        2.8561e-06, 1.3031e-04, 2.4109e-06, 8.4628e-06])//
train_examples$100800$8000.0//
train_loss$102400$1.9639416038990022e-05//
train_individual_losses$102400$tensor([1.3615e-05, 1.1758e-05, 1.0958e-05, 3.6129e-06, 1.3535e-05, 4.5392e-06,
        1.9667e-06, 1.2687e-04, 2.7892e-06, 6.7471e-06])//
train_examples$102400$8000.0//
train_loss$104000$1.881861686706543e-05//
train_individual_losses$104000$tensor([1.3636e-05, 8.7101e-06, 9.3540e-06, 4.1831e-06, 1.3587e-05, 4.5737e-06,
        2.3838e-06, 1.2473e-04, 2.4106e-06, 4.6142e-06])//
train_examples$104000$8000.0//
train_loss$105600$1.9466811418533326e-05//
train_individual_losses$105600$tensor([1.4285e-05, 7.9212e-06, 8.9136e-06, 6.5675e-06, 1.4676e-05, 7.5307e-06,
        1.8925e-06, 1.2434e-04, 2.3647e-06, 6.1818e-06])//
train_examples$105600$8000.0//
train_loss$107200$1.9693385064601898e-05//
train_individual_losses$107200$tensor([2.5056e-05, 7.5116e-06, 7.8682e-06, 4.5138e-06, 1.2883e-05, 3.7527e-06,
        2.9900e-06, 1.2422e-04, 3.4859e-06, 4.6570e-06])//
train_examples$107200$8000.0//
train_loss$108800$2.027580738067627e-05//
train_individual_losses$108800$tensor([1.4658e-05, 6.4941e-06, 2.0808e-05, 3.9316e-06, 1.1636e-05, 3.5482e-06,
        3.0226e-06, 1.2972e-04, 2.9183e-06, 6.0252e-06])//
train_examples$108800$8000.0//
train_loss$110400$1.9598931074142455e-05//
train_individual_losses$110400$tensor([1.3613e-05, 6.9965e-06, 9.0467e-06, 1.0474e-05, 1.1213e-05, 4.1955e-06,
        5.0378e-06, 1.2420e-04, 4.4054e-06, 6.8066e-06])//
train_examples$110400$8000.0//
train_loss$112000$2.046760618686676e-05//
train_individual_losses$112000$tensor([1.4867e-05, 5.6140e-06, 1.1897e-05, 3.4872e-06, 1.1319e-05, 6.6284e-06,
        2.2749e-06, 1.3463e-04, 3.0277e-06, 1.0932e-05])//
train_examples$112000$8000.0//
train_loss$113600$2.0103536546230318e-05//
train_individual_losses$113600$tensor([1.5945e-05, 5.3608e-06, 1.3773e-05, 7.4854e-06, 1.2270e-05, 3.7743e-06,
        2.5869e-06, 1.2743e-04, 3.1471e-06, 9.2598e-06])//
train_examples$113600$8000.0//
train_loss$115200$1.9698648154735565e-05//
train_individual_losses$115200$tensor([1.3535e-05, 6.6861e-06, 2.2869e-05, 3.9452e-06, 1.2278e-05, 3.3362e-06,
        2.6848e-06, 1.2399e-04, 2.3349e-06, 5.3242e-06])//
train_examples$115200$8000.0//
train_loss$116800$1.9080907106399537e-05//
train_individual_losses$116800$tensor([1.3381e-05, 6.8060e-06, 1.0079e-05, 3.5749e-06, 1.3223e-05, 3.2739e-06,
        1.8758e-06, 1.3137e-04, 2.8588e-06, 4.3625e-06])//
train_examples$116800$8000.0//
train_loss$118400$2.1236985921859742e-05//
train_individual_losses$118400$tensor([2.0005e-05, 5.9491e-06, 1.1752e-05, 5.8319e-06, 1.7574e-05, 3.6785e-06,
        6.3911e-06, 1.3425e-04, 2.9095e-06, 4.0234e-06])//
train_examples$118400$8000.0//
train_loss$120000$1.816268265247345e-05//
train_individual_losses$120000$tensor([1.3107e-05, 3.8253e-06, 8.3928e-06, 4.5987e-06, 1.4801e-05, 3.1988e-06,
        2.4245e-06, 1.2070e-04, 5.8625e-06, 4.7206e-06])//
train_examples$120000$8000.0//
train_loss$121600$1.7920215427875518e-05//
train_individual_losses$121600$tensor([1.2995e-05, 4.3455e-06, 7.7469e-06, 3.7518e-06, 9.3044e-06, 3.4076e-06,
        1.8138e-06, 1.2609e-04, 2.4212e-06, 7.3227e-06])//
train_examples$121600$8000.0//
train_loss$123200$1.9286246597766876e-05//
train_individual_losses$123200$tensor([1.3574e-05, 3.5239e-06, 9.4931e-06, 3.0710e-06, 1.7106e-05, 3.0392e-06,
        3.5802e-06, 1.3151e-04, 3.9339e-06, 4.0337e-06])//
train_examples$123200$8000.0//
train_loss$124800$2.0690004527568817e-05//
train_individual_losses$124800$tensor([1.4635e-05, 9.6954e-06, 1.3541e-05, 4.1277e-06, 8.9883e-06, 3.7880e-06,
        3.8484e-06, 1.3939e-04, 2.3677e-06, 6.5230e-06])//
train_examples$124800$8000.0//
train_loss$126400$1.9098900258541108e-05//
train_individual_losses$126400$tensor([1.3701e-05, 4.6528e-06, 1.4415e-05, 4.3600e-06, 8.7850e-06, 3.3075e-06,
        2.4421e-06, 1.2810e-04, 4.1571e-06, 7.0653e-06])//
train_examples$126400$8000.0//
train_loss$128000$1.9561517238616942e-05//
train_individual_losses$128000$tensor([2.7443e-05, 3.7472e-06, 7.9578e-06, 3.8503e-06, 9.1428e-06, 3.2792e-06,
        1.8523e-06, 1.2422e-04, 7.4074e-06, 6.7154e-06])//
train_examples$128000$8000.0//
train_loss$129600$1.7720356583595276e-05//
train_individual_losses$129600$tensor([1.2912e-05, 3.4916e-06, 8.4955e-06, 2.9661e-06, 9.5091e-06, 4.1936e-06,
        2.5426e-06, 1.2624e-04, 2.0194e-06, 4.8341e-06])//
train_examples$129600$8000.0//
train_loss$131200$1.784941107034683e-05//
train_individual_losses$131200$tensor([1.5108e-05, 8.0344e-06, 7.8310e-06, 3.3047e-06, 8.5411e-06, 3.0564e-06,
        2.0529e-06, 1.2170e-04, 3.6024e-06, 5.2594e-06])//
train_examples$131200$8000.0//
train_loss$132800$1.7821526527404787e-05//
train_individual_losses$132800$tensor([1.7420e-05, 4.5262e-06, 8.5422e-06, 3.4936e-06, 1.0616e-05, 3.9018e-06,
        2.3780e-06, 1.2040e-04, 2.5691e-06, 4.3687e-06])//
train_examples$132800$8000.0//
train_loss$134400$1.751727908849716e-05//
train_individual_losses$134400$tensor([1.4299e-05, 3.5616e-06, 8.1701e-06, 3.1340e-06, 8.8585e-06, 5.0216e-06,
        2.1736e-06, 1.2128e-04, 4.8772e-06, 3.7933e-06])//
train_examples$134400$8000.0//
train_loss$136000$1.8320904672145845e-05//
train_individual_losses$136000$tensor([1.3749e-05, 4.3486e-06, 1.0568e-05, 7.0640e-06, 9.5676e-06, 4.1126e-06,
        6.3341e-06, 1.1801e-04, 3.1958e-06, 6.2642e-06])//
train_examples$136000$8000.0//
train_loss$137600$1.80679053068161e-05//
train_individual_losses$137600$tensor([1.6160e-05, 5.2154e-06, 1.1591e-05, 3.6544e-06, 9.7839e-06, 2.9885e-06,
        2.0102e-06, 1.2072e-04, 2.4086e-06, 6.1470e-06])//
train_examples$137600$8000.0//
train_loss$139200$1.8953856825828553e-05//
train_individual_losses$139200$tensor([1.3211e-05, 3.6611e-06, 9.2058e-06, 3.5172e-06, 8.4916e-06, 2.8817e-06,
        1.8244e-06, 1.3376e-04, 5.0632e-06, 7.9245e-06])//
train_examples$139200$8000.0//
train_loss$140800$1.84197798371315e-05//
train_individual_losses$140800$tensor([1.5843e-05, 3.4572e-06, 8.0399e-06, 4.2915e-06, 9.0731e-06, 8.1746e-06,
        3.8061e-06, 1.2369e-04, 3.5415e-06, 4.2765e-06])//
train_examples$140800$8000.0//
train_loss$142400$1.8306048214435578e-05//
train_individual_losses$142400$tensor([1.3989e-05, 3.3614e-06, 1.1078e-05, 5.7680e-06, 1.1720e-05, 2.7379e-06,
        2.6892e-06, 1.2520e-04, 2.7979e-06, 3.7195e-06])//
train_examples$142400$8000.0//
train_loss$144000$1.6934886574745178e-05//
train_individual_losses$144000$tensor([1.3037e-05, 2.8595e-06, 8.2286e-06, 3.1544e-06, 8.0057e-06, 3.2563e-06,
        1.8783e-06, 1.2033e-04, 4.1503e-06, 4.4479e-06])//
train_examples$144000$8000.0//
train_loss$145600$1.7887912690639496e-05//
train_individual_losses$145600$tensor([1.5425e-05, 5.3891e-06, 1.2220e-05, 3.1953e-06, 1.2366e-05, 3.1583e-06,
        2.1187e-06, 1.1643e-04, 3.4408e-06, 5.1402e-06])//
train_examples$145600$8000.0//
train_loss$147200$1.7571595311164857e-05//
train_individual_losses$147200$tensor([1.5057e-05, 2.7865e-06, 7.5592e-06, 5.2539e-06, 8.3034e-06, 3.4587e-06,
        2.0369e-06, 1.2163e-04, 3.3061e-06, 6.3206e-06])//
train_examples$147200$8000.0//
train_loss$148800$1.685875356197357e-05//
train_individual_losses$148800$tensor([1.4135e-05, 2.7894e-06, 1.2394e-05, 4.3193e-06, 7.9426e-06, 3.4616e-06,
        2.2348e-06, 1.1048e-04, 6.0453e-06, 4.7882e-06])//
train_examples$148800$8000.0//
train_loss$150400$1.0768265277147292e-05//
train_individual_losses$150400$tensor([1.3966e-05, 3.0101e-06, 8.7219e-06, 4.2827e-06, 8.7965e-06, 3.1955e-06,
        2.0702e-06, 3.8408e-05, 6.9731e-06, 1.8258e-05])//
train_examples$150400$8000.0//
train_loss$152000$8.658140152692795e-06//
train_individual_losses$152000$tensor([1.6126e-05, 3.2713e-06, 9.0674e-06, 4.1034e-06, 8.7567e-06, 3.5395e-06,
        1.7549e-06, 3.0863e-05, 4.7669e-06, 4.3324e-06])//
train_examples$152000$8000.0//
train_loss$153600$8.858364075422287e-06//
train_individual_losses$153600$tensor([1.8217e-05, 5.7461e-06, 8.5987e-06, 4.3271e-06, 9.0009e-06, 2.8280e-06,
        1.7380e-06, 2.8823e-05, 5.3257e-06, 3.9797e-06])//
train_examples$153600$8000.0//
train_loss$155200$8.912871032953263e-06//
train_individual_losses$155200$tensor([1.6635e-05, 3.5021e-06, 8.1493e-06, 4.0817e-06, 8.4133e-06, 3.8197e-06,
        8.7425e-06, 2.5487e-05, 4.1214e-06, 6.1774e-06])//
train_examples$155200$8000.0//
train_loss$156800$8.521349728107453e-06//
train_individual_losses$156800$tensor([1.4247e-05, 9.1979e-06, 1.1743e-05, 3.4022e-06, 8.1033e-06, 4.0939e-06,
        2.7472e-06, 2.4536e-05, 3.1944e-06, 3.9479e-06])//
train_examples$156800$8000.0//
train_loss$158400$8.56555700302124e-06//
train_individual_losses$158400$tensor([1.3624e-05, 2.3193e-06, 1.3169e-05, 4.5371e-06, 8.7147e-06, 4.1263e-06,
        4.8625e-06, 2.7463e-05, 2.7480e-06, 4.0919e-06])//
train_examples$158400$8000.0//
train_loss$160000$8.282238245010376e-06//
train_individual_losses$160000$tensor([1.6202e-05, 4.3750e-06, 8.2198e-06, 3.2722e-06, 8.2369e-06, 2.8793e-06,
        5.9557e-06, 2.2681e-05, 5.7369e-06, 5.2640e-06])//
train_examples$160000$8000.0