train_loss$0$0.371076806640625//
train_individual_losses$0$tensor([0.0172, 0.7838, 0.0659, 0.0201, 0.4684, 0.7179, 0.0592, 0.3127, 1.0620,
        0.2036])//
train_examples$0$8000.0//
train_loss$1600$0.00011594663858413696//
train_individual_losses$1600$tensor([4.2901e-05, 1.8484e-04, 8.4924e-05, 7.4991e-05, 1.3539e-04, 1.6297e-04,
        4.0573e-05, 9.9404e-05, 1.9060e-04, 1.4287e-04])//
train_examples$1600$8000.0//
train_loss$3200$4.394216537475586e-05//
train_individual_losses$3200$tensor([9.0451e-06, 7.6165e-05, 5.6586e-06, 6.4685e-06, 1.9086e-05, 1.0388e-04,
        4.7444e-06, 4.6674e-05, 1.2432e-04, 4.3383e-05])//
train_examples$3200$8000.0//
train_loss$4800$7.269515842199326e-06//
train_individual_losses$4800$tensor([3.2579e-06, 7.7530e-06, 2.6757e-06, 3.4447e-06, 4.3811e-06, 1.5330e-05,
        2.4648e-06, 4.4235e-06, 2.4311e-05, 4.6533e-06])//
train_examples$4800$8000.0//
train_loss$6400$1.708088256418705e-06//
train_individual_losses$6400$tensor([1.5555e-06, 1.9479e-06, 1.1288e-06, 8.8796e-07, 1.9403e-06, 1.5285e-06,
        2.6692e-06, 1.0591e-06, 3.2556e-06, 1.1080e-06])//
train_examples$6400$8000.0//
train_loss$8000$6.927298847585916e-07//
train_individual_losses$8000$tensor([4.4161e-07, 9.3794e-07, 5.7083e-07, 6.6093e-07, 8.2939e-07, 3.4532e-07,
        9.3370e-07, 6.1030e-07, 1.1554e-06, 4.4185e-07])//
train_examples$8000$8000.0//
train_loss$9600$3.909547813236713e-07//
train_individual_losses$9600$tensor([8.0833e-07, 3.5438e-07, 3.6577e-07, 3.5243e-07, 2.9974e-07, 1.7415e-07,
        3.3237e-07, 3.3465e-07, 6.5617e-07, 2.3156e-07])//
train_examples$9600$8000.0//
train_loss$11200$4.596371203660965e-07//
train_individual_losses$11200$tensor([1.9799e-06, 1.4427e-07, 4.1915e-07, 3.7019e-07, 1.8382e-07, 2.0075e-07,
        3.9192e-07, 4.9641e-07, 1.7981e-07, 2.3019e-07])//
train_examples$11200$8000.0//
train_loss$12800$3.3931860234588385e-07//
train_individual_losses$12800$tensor([4.1011e-07, 1.2777e-06, 2.1224e-07, 2.9100e-07, 1.9667e-07, 3.1957e-07,
        1.7376e-07, 3.0160e-07, 7.7834e-08, 1.3274e-07])//
train_examples$12800$8000.0//
train_loss$14400$1.6921079950407148e-07//
train_individual_losses$14400$tensor([4.3341e-07, 4.5703e-08, 1.8588e-07, 1.9238e-07, 1.3515e-07, 1.4277e-07,
        2.1900e-07, 2.0599e-07, 4.6297e-08, 8.5540e-08])//
train_examples$14400$8000.0//
train_loss$16000$1.0766416788101197e-06//
train_individual_losses$16000$tensor([2.4206e-07, 8.6812e-07, 3.9137e-07, 2.6702e-07, 1.1757e-06, 1.2570e-06,
        1.3508e-06, 2.6108e-07, 4.4034e-06, 5.4983e-07])//
train_examples$16000$8000.0//
train_loss$17600$1.300547504797578e-07//
train_individual_losses$17600$tensor([2.1784e-07, 1.7641e-07, 1.5159e-07, 1.4648e-07, 1.5156e-07, 6.7974e-08,
        1.0949e-07, 1.0629e-07, 1.0997e-07, 6.2938e-08])//
train_examples$17600$8000.0//
train_loss$19200$2.8740568086504934e-07//
train_individual_losses$19200$tensor([8.0596e-07, 2.5821e-08, 2.0394e-07, 4.2926e-07, 2.8188e-07, 7.6513e-08,
        4.3406e-07, 4.3839e-07, 3.0090e-08, 1.4813e-07])//
train_examples$19200$8000.0//
train_loss$20800$1.860680291429162e-07//
train_individual_losses$20800$tensor([1.3542e-07, 2.5020e-08, 1.0082e-07, 2.2339e-07, 7.3798e-08, 4.6563e-08,
        9.5483e-08, 1.4048e-07, 2.7619e-08, 9.9208e-07])//
train_examples$20800$8000.0//
train_loss$22400$5.760196596384048e-07//
train_individual_losses$22400$tensor([3.3865e-07, 2.0140e-08, 8.5366e-08, 1.8470e-07, 1.0271e-06, 1.6678e-07,
        9.0103e-07, 1.0639e-07, 2.2801e-06, 6.4998e-07])//
train_examples$22400$8000.0//
train_loss$24000$4.821394570171833e-07//
train_individual_losses$24000$tensor([1.3961e-06, 6.3915e-08, 8.6216e-08, 1.8110e-07, 2.0025e-06, 9.0097e-08,
        4.8045e-08, 8.4915e-08, 7.2028e-07, 1.4827e-07])//
train_examples$24000$8000.0//
train_loss$25600$1.0881297290325165e-06//
train_individual_losses$25600$tensor([1.5801e-06, 8.0410e-08, 6.7798e-07, 5.3204e-07, 4.0542e-06, 5.7949e-07,
        1.7483e-06, 1.2956e-06, 2.2651e-07, 1.0668e-07])//
train_examples$25600$8000.0//
train_loss$27200$1.255918643437326e-07//
train_individual_losses$27200$tensor([1.0847e-07, 2.8588e-08, 1.9065e-07, 2.3304e-07, 3.9345e-08, 5.5425e-08,
        8.9491e-08, 6.4219e-08, 3.5244e-08, 4.1144e-07])//
train_examples$27200$8000.0//
train_loss$28800$7.886928506195545e-08//
train_individual_losses$28800$tensor([4.1263e-08, 1.8932e-08, 1.2942e-07, 1.5413e-07, 3.2852e-08, 8.6230e-08,
        2.9463e-08, 1.5477e-07, 3.2881e-08, 1.0874e-07])//
train_examples$28800$8000.0//
train_loss$30400$4.196123220026493e-07//
train_individual_losses$30400$tensor([9.1502e-07, 7.6199e-08, 5.3272e-08, 1.9845e-07, 7.0452e-07, 5.6016e-07,
        7.1959e-08, 9.2057e-08, 2.3920e-07, 1.2853e-06])//
train_examples$30400$8000.0//
train_loss$32000$3.466029651463032e-07//
train_individual_losses$32000$tensor([3.6978e-07, 9.1293e-08, 2.1277e-07, 1.0268e-07, 1.0393e-06, 4.8110e-08,
        1.0940e-06, 3.8688e-07, 3.1764e-08, 8.9539e-08])//
train_examples$32000$8000.0//
train_loss$33600$6.229354534298181e-07//
train_individual_losses$33600$tensor([4.6876e-07, 1.7808e-08, 8.4081e-07, 1.8880e-07, 2.1617e-07, 4.1329e-06,
        5.7799e-08, 4.5563e-08, 1.6741e-07, 9.3319e-08])//
train_examples$33600$8000.0//
train_loss$35200$5.040355026721954e-07//
train_individual_losses$35200$tensor([5.1685e-08, 9.6782e-08, 1.6597e-06, 6.5858e-07, 5.0449e-08, 2.0877e-07,
        3.2506e-08, 1.1017e-07, 8.0936e-08, 2.0907e-06])//
train_examples$35200$8000.0//
train_loss$36800$3.825889900326729e-07//
train_individual_losses$36800$tensor([3.2948e-07, 2.6280e-07, 7.0497e-08, 1.6918e-07, 5.7585e-07, 7.7228e-08,
        3.4245e-08, 3.2776e-07, 1.9527e-06, 2.6120e-08])//
train_examples$36800$8000.0//
train_loss$38400$5.646674428135157e-07//
train_individual_losses$38400$tensor([9.2189e-07, 8.8726e-09, 4.5198e-07, 4.2963e-07, 4.0568e-07, 4.3339e-08,
        1.6519e-06, 1.2980e-06, 3.0462e-08, 4.0492e-07])//
train_examples$38400$8000.0//
train_loss$40000$1.283088349737227e-07//
train_individual_losses$40000$tensor([1.0771e-07, 1.1009e-08, 6.7848e-07, 1.7861e-07, 2.5235e-08, 1.1707e-08,
        1.5100e-08, 1.0193e-07, 1.4075e-08, 1.3924e-07])//
train_examples$40000$8000.0//
train_loss$41600$2.023124136030674e-07//
train_individual_losses$41600$tensor([2.0552e-08, 1.0157e-06, 5.7848e-08, 5.7328e-07, 1.7563e-07, 1.8774e-08,
        1.3531e-08, 5.4881e-08, 1.6344e-08, 7.6556e-08])//
train_examples$41600$8000.0//
train_loss$43200$4.977753851562739e-07//
train_individual_losses$43200$tensor([2.0232e-08, 1.5514e-07, 9.2087e-08, 9.7520e-08, 2.7197e-07, 7.5835e-08,
        3.7238e-06, 9.9658e-08, 4.2504e-07, 1.6489e-08])//
train_examples$43200$8000.0//
train_loss$44800$8.188321255147457e-07//
train_individual_losses$44800$tensor([6.2556e-06, 8.3347e-08, 4.7721e-07, 1.6737e-07, 1.8658e-08, 9.3175e-09,
        2.3004e-07, 1.0378e-07, 6.5847e-07, 1.8456e-07])//
train_examples$44800$8000.0//
train_loss$46400$3.326175967231393e-07//
train_individual_losses$46400$tensor([9.9388e-08, 5.6513e-07, 2.8068e-08, 5.1129e-07, 9.8471e-08, 4.4324e-07,
        1.4184e-06, 1.2535e-07, 1.5686e-08, 2.1098e-08])//
train_examples$46400$8000.0//
train_loss$48000$8.198290131986142e-07//
train_individual_losses$48000$tensor([1.7388e-06, 9.7334e-08, 2.0658e-07, 9.9292e-07, 3.7532e-08, 3.7589e-06,
        9.2584e-07, 6.9775e-08, 3.6968e-08, 3.3364e-07])//
train_examples$48000$8000.0//
train_loss$49600$3.078341716900468e-07//
train_individual_losses$49600$tensor([3.0326e-07, 1.0755e-07, 2.5868e-08, 1.0107e-07, 6.4719e-07, 8.1918e-08,
        4.1670e-07, 4.6197e-07, 7.0807e-07, 2.2475e-07])//
train_examples$49600$8000.0//
train_loss$51200$7.022818550467491e-07//
train_individual_losses$51200$tensor([4.3655e-08, 3.4503e-07, 6.3402e-08, 4.5066e-07, 1.9592e-06, 3.8945e-07,
        2.4133e-06, 4.9184e-07, 4.4152e-08, 8.2208e-07])//
train_examples$51200$8000.0//
train_loss$52800$3.2740244641900064e-07//
train_individual_losses$52800$tensor([1.0810e-08, 3.2427e-08, 2.1868e-07, 1.7010e-07, 4.7853e-07, 7.3980e-07,
        1.4739e-06, 3.5723e-08, 9.7720e-08, 1.6299e-08])//
train_examples$52800$8000.0//
train_loss$54400$8.934597135521471e-08//
train_individual_losses$54400$tensor([7.9769e-08, 1.3289e-08, 2.1153e-07, 1.5547e-07, 3.7090e-08, 6.6326e-09,
        1.2290e-08, 8.7276e-08, 1.3860e-07, 1.5151e-07])//
train_examples$54400$8000.0//
train_loss$56000$4.917743150144815e-07//
train_individual_losses$56000$tensor([1.7190e-08, 2.4664e-08, 5.5596e-08, 3.1608e-06, 1.4240e-07, 9.7369e-09,
        8.5039e-09, 3.9936e-07, 2.1264e-07, 8.8681e-07])//
train_examples$56000$8000.0//
train_loss$57600$1.522893668152392e-07//
train_individual_losses$57600$tensor([1.6964e-08, 7.8080e-09, 3.3719e-07, 6.5809e-08, 8.8134e-07, 4.7932e-09,
        9.7582e-08, 8.3812e-08, 1.4762e-08, 1.2835e-08])//
train_examples$57600$8000.0//
train_loss$59200$1.7954258946701884e-07//
train_individual_losses$59200$tensor([3.3157e-08, 4.6174e-09, 2.5719e-08, 3.9425e-07, 1.0116e-06, 8.8505e-09,
        1.4464e-08, 8.0925e-08, 2.0327e-08, 2.0152e-07])//
train_examples$59200$8000.0//
train_loss$60800$1.5603462234139442e-07//
train_individual_losses$60800$tensor([3.6641e-07, 3.2735e-07, 8.3590e-08, 8.2741e-08, 8.2354e-08, 6.2232e-09,
        4.8231e-08, 3.1561e-08, 1.1550e-07, 4.1639e-07])//
train_examples$60800$8000.0//
train_loss$62400$1.9680398982018233e-07//
train_individual_losses$62400$tensor([1.7272e-08, 1.8267e-07, 2.1056e-08, 1.0881e-06, 9.0068e-09, 4.2569e-08,
        1.9557e-07, 3.5414e-07, 4.8292e-08, 9.3309e-09])//
train_examples$62400$8000.0//
train_loss$64000$2.1714770700782537e-07//
train_individual_losses$64000$tensor([1.4404e-08, 4.7403e-09, 1.2506e-06, 2.6054e-07, 1.5418e-07, 5.9234e-09,
        1.8565e-07, 1.0251e-07, 1.1860e-07, 7.4351e-08])//
train_examples$64000$8000.0//
train_loss$65600$3.0227729585021733e-07//
train_individual_losses$65600$tensor([1.6833e-08, 9.3512e-07, 5.7454e-08, 9.8129e-07, 4.1167e-07, 1.4412e-07,
        1.4548e-07, 2.0225e-08, 1.5559e-07, 1.5499e-07])//
train_examples$65600$8000.0//
train_loss$67200$3.6483621224761007e-07//
train_individual_losses$67200$tensor([2.9572e-08, 4.9974e-09, 1.9148e-08, 7.3412e-07, 2.8348e-07, 6.2924e-08,
        5.8325e-07, 7.0980e-08, 5.8890e-07, 1.2710e-06])//
train_examples$67200$8000.0//
train_loss$68800$8.166302926838398e-07//
train_individual_losses$68800$tensor([1.8543e-07, 6.4844e-07, 1.4708e-06, 5.9338e-07, 2.8931e-06, 1.3814e-06,
        4.9079e-08, 2.9631e-08, 7.3142e-07, 1.8360e-07])//
train_examples$68800$8000.0//
train_loss$70400$2.6566176675260064e-07//
train_individual_losses$70400$tensor([6.8998e-09, 1.5774e-06, 8.2566e-08, 4.0546e-08, 1.2922e-08, 4.6737e-07,
        3.7790e-08, 4.1093e-07, 5.4508e-09, 1.4723e-08])//
train_examples$70400$8000.0//
train_loss$72000$3.7232511676847934e-07//
train_individual_losses$72000$tensor([6.7063e-09, 1.4894e-08, 2.0228e-08, 6.2121e-08, 3.2652e-06, 4.1639e-09,
        4.2132e-08, 5.8813e-08, 3.7345e-09, 2.4526e-07])//
train_examples$72000$8000.0//
train_loss$73600$7.729545701295138e-07//
train_individual_losses$73600$tensor([9.6081e-08, 8.2095e-08, 1.3343e-07, 9.2370e-07, 2.6823e-06, 1.0789e-06,
        6.7934e-07, 2.6223e-07, 1.7020e-06, 8.9459e-08])//
train_examples$73600$8000.0//
train_loss$75200$2.42628064006567e-07//
train_individual_losses$75200$tensor([2.4238e-08, 9.6996e-08, 3.9288e-07, 2.0928e-07, 1.2604e-08, 6.7112e-07,
        8.8014e-07, 5.3269e-08, 3.7877e-09, 8.1962e-08])//
train_examples$75200$8000.0//
train_loss$76800$1.8312426982447505e-07//
train_individual_losses$76800$tensor([2.3393e-07, 2.1062e-07, 1.2004e-08, 4.2126e-08, 1.8368e-07, 6.2874e-09,
        5.0296e-09, 2.9867e-07, 5.5713e-08, 7.8318e-07])//
train_examples$76800$8000.0//
train_loss$78400$2.7455666568130255e-07//
train_individual_losses$78400$tensor([2.7402e-08, 4.4310e-07, 2.2724e-08, 9.6874e-07, 6.4851e-08, 1.8623e-07,
        2.4827e-08, 4.0763e-08, 2.1032e-08, 9.4590e-07])//
train_examples$78400$8000.0//
train_loss$80000$7.715151878073811e-08//
train_individual_losses$80000$tensor([2.0869e-08, 2.4596e-08, 4.3232e-08, 5.2670e-07, 6.1097e-09, 6.9661e-09,
        1.3022e-08, 5.1010e-08, 4.7926e-08, 3.1082e-08])//
train_examples$80000$8000.0//
train_loss$81600$1.9835131242871286e-07//
train_individual_losses$81600$tensor([5.8412e-09, 3.6380e-08, 7.3658e-08, 1.9402e-07, 4.7604e-08, 5.3173e-07,
        1.0666e-08, 4.7230e-07, 5.9965e-07, 1.1665e-08])//
train_examples$81600$8000.0//
train_loss$83200$1.0443987557664514e-07//
train_individual_losses$83200$tensor([6.6452e-08, 8.2077e-08, 1.2747e-08, 1.1416e-07, 1.9997e-08, 2.6691e-09,
        2.7331e-08, 2.6040e-07, 3.4079e-08, 4.2449e-07])//
train_examples$83200$8000.0//
train_loss$84800$8.840266964398325e-08//
train_individual_losses$84800$tensor([9.4301e-09, 3.4518e-08, 6.1273e-08, 1.1670e-07, 2.4110e-07, 1.9752e-08,
        2.8521e-08, 2.6608e-07, 9.5982e-08, 1.0668e-08])//
train_examples$84800$8000.0//
train_loss$86400$1.1697560548782349e-07//
train_individual_losses$86400$tensor([1.3339e-07, 1.5040e-08, 4.0900e-08, 5.3994e-08, 3.1878e-07, 9.6766e-08,
        6.3090e-08, 4.0307e-07, 2.6860e-08, 1.7863e-08])//
train_examples$86400$8000.0//
train_loss$88000$6.987543893046677e-08//
train_individual_losses$88000$tensor([4.4126e-08, 3.4697e-09, 8.4022e-08, 4.8600e-08, 8.4875e-08, 4.4025e-08,
        1.0603e-08, 2.8961e-08, 3.4183e-07, 8.2458e-09])//
train_examples$88000$8000.0//
train_loss$89600$2.6192222721874714e-07//
train_individual_losses$89600$tensor([2.7382e-07, 8.7866e-09, 7.2835e-08, 1.5770e-08, 1.2725e-07, 1.2062e-08,
        1.5411e-06, 1.4593e-08, 5.3061e-08, 4.9995e-07])//
train_examples$89600$8000.0//
train_loss$91200$2.622415544465184e-07//
train_individual_losses$91200$tensor([9.3764e-07, 1.0126e-07, 9.6126e-07, 4.6006e-07, 9.6449e-09, 2.1095e-08,
        3.9004e-09, 2.6376e-08, 5.6483e-08, 4.4702e-08])//
train_examples$91200$8000.0//
train_loss$92800$1.4419506769627332e-07//
train_individual_losses$92800$tensor([2.9609e-07, 2.0790e-08, 6.5711e-09, 1.2277e-07, 2.8204e-07, 7.5009e-08,
        2.0147e-08, 1.3878e-08, 1.9411e-09, 6.0272e-07])//
train_examples$92800$8000.0//
train_loss$94400$1.50475709233433e-07//
train_individual_losses$94400$tensor([5.6635e-07, 4.1269e-07, 5.5623e-09, 3.5652e-07, 3.7407e-08, 8.9052e-08,
        1.3244e-08, 1.1760e-08, 4.9852e-09, 7.1926e-09])//
train_examples$94400$8000.0//
train_loss$96000$3.145110793411732e-07//
train_individual_losses$96000$tensor([2.4834e-06, 1.2775e-08, 5.4532e-08, 4.9609e-07, 8.9304e-09, 2.3923e-08,
        8.8071e-09, 4.6650e-08, 3.2754e-09, 6.7397e-09])//
train_examples$96000$8000.0//
train_loss$97600$2.8093995060771703e-07//
train_individual_losses$97600$tensor([4.2116e-07, 2.7284e-07, 1.5572e-08, 7.9436e-09, 1.1103e-06, 2.6834e-09,
        2.6059e-07, 4.6782e-07, 1.8810e-07, 6.2368e-08])//
train_examples$97600$8000.0//
train_loss$99200$4.095111973583698e-07//
train_individual_losses$99200$tensor([2.8168e-06, 2.6886e-08, 1.8729e-07, 8.9426e-07, 9.7242e-09, 1.2689e-08,
        2.7381e-08, 6.0203e-08, 2.8107e-08, 3.1809e-08])//
train_examples$99200$8000.0//
train_loss$100800$1.3965778052806854e-07//
train_individual_losses$100800$tensor([3.2793e-09, 8.8256e-08, 2.1963e-08, 3.8463e-07, 2.2947e-08, 5.2410e-08,
        5.9745e-07, 8.9534e-08, 1.2148e-07, 1.4630e-08])//
train_examples$100800$8000.0//
train_loss$102400$1.2831781059503556e-07//
train_individual_losses$102400$tensor([1.1410e-08, 2.5538e-07, 1.9396e-07, 8.0792e-09, 5.5781e-07, 2.8507e-09,
        4.5001e-08, 1.2701e-08, 8.4710e-08, 1.1127e-07])//
train_examples$102400$8000.0//
train_loss$104000$4.815395222976804e-08//
train_individual_losses$104000$tensor([2.9917e-08, 4.1352e-08, 8.1632e-08, 8.8721e-08, 5.3738e-09, 5.0009e-08,
        3.0652e-08, 1.2271e-07, 7.9577e-09, 2.3220e-08])//
train_examples$104000$8000.0//
train_loss$105600$5.334874615073204e-07//
train_individual_losses$105600$tensor([1.8809e-07, 1.9155e-08, 1.0000e-08, 3.0356e-08, 2.2897e-07, 3.1347e-09,
        6.8615e-07, 1.6598e-07, 3.2074e-06, 7.9561e-07])//
train_examples$105600$8000.0//
train_loss$107200$4.5707747340202334e-07//
train_individual_losses$107200$tensor([1.0704e-08, 1.2854e-07, 4.9954e-08, 3.3630e-06, 3.6158e-07, 5.5054e-07,
        4.9302e-08, 2.3647e-08, 2.2528e-08, 1.0991e-08])//
train_examples$107200$8000.0//
train_loss$108800$7.115322630852461e-07//
train_individual_losses$108800$tensor([1.7007e-06, 5.6554e-08, 1.9235e-07, 1.9416e-06, 1.6749e-06, 3.6226e-07,
        1.3188e-07, 5.3882e-07, 3.0980e-07, 2.0645e-07])//
train_examples$108800$8000.0//
train_loss$110400$4.0560043416917325e-07//
train_individual_losses$110400$tensor([1.5793e-06, 2.1859e-08, 2.8499e-07, 7.2778e-09, 3.4044e-09, 7.8146e-07,
        1.7891e-08, 1.0494e-07, 4.0962e-07, 8.4522e-07])//
train_examples$110400$8000.0//
train_loss$112000$4.833225626498461e-07//
train_individual_losses$112000$tensor([6.3462e-08, 5.6313e-07, 9.8914e-08, 1.6229e-08, 9.2530e-07, 3.6867e-08,
        9.0912e-07, 4.7885e-07, 2.3085e-07, 1.5105e-06])//
train_examples$112000$8000.0//
train_loss$113600$2.673722803592682e-07//
train_individual_losses$113600$tensor([1.3009e-06, 4.7719e-09, 6.2067e-07, 3.8106e-08, 6.0936e-08, 1.4417e-09,
        4.8178e-08, 5.0298e-07, 7.6362e-08, 1.9411e-08])//
train_examples$113600$8000.0//
train_loss$115200$4.63510537520051e-07//
train_individual_losses$115200$tensor([6.0673e-08, 3.6577e-09, 3.4139e-08, 2.3418e-07, 1.1284e-06, 1.7645e-09,
        2.5883e-06, 2.5989e-07, 4.5879e-08, 2.7820e-07])//
train_examples$115200$8000.0//
train_loss$116800$1.792173134163022e-08//
train_individual_losses$116800$tensor([4.0580e-09, 7.2805e-09, 3.8591e-08, 2.6392e-08, 2.7062e-09, 2.3985e-08,
        6.0316e-09, 3.3902e-08, 1.2596e-09, 3.5011e-08])//
train_examples$116800$8000.0//
train_loss$118400$1.7130018677562475e-07//
train_individual_losses$118400$tensor([7.6335e-07, 1.0172e-08, 3.0681e-08, 4.9810e-07, 2.2284e-09, 3.2404e-08,
        6.3503e-09, 2.6735e-08, 3.3562e-07, 7.3653e-09])//
train_examples$118400$8000.0//
train_loss$120000$1.2523839250206948e-07//
train_individual_losses$120000$tensor([1.8677e-07, 4.1053e-09, 3.8258e-07, 1.5276e-07, 5.8169e-09, 3.7348e-09,
        2.3875e-07, 1.7800e-07, 3.2783e-08, 6.7088e-08])//
train_examples$120000$8000.0//
train_loss$121600$4.29562758654356e-07//
train_individual_losses$121600$tensor([2.6807e-08, 4.9022e-08, 4.6539e-07, 1.5051e-06, 5.2715e-07, 1.2232e-06,
        5.8953e-08, 6.9562e-08, 3.5826e-07, 1.2195e-08])//
train_examples$121600$8000.0//
train_loss$123200$7.129816804081201e-08//
train_individual_losses$123200$tensor([1.6009e-08, 2.2424e-08, 7.2456e-09, 9.7916e-09, 2.7871e-07, 5.8771e-09,
        2.8078e-07, 5.8131e-08, 1.9958e-08, 1.4050e-08])//
train_examples$123200$8000.0//
train_loss$124800$1.5196057502180338e-07//
train_individual_losses$124800$tensor([4.2239e-07, 1.3642e-07, 4.2453e-07, 5.6726e-08, 4.0302e-09, 4.8495e-08,
        1.8004e-08, 1.7186e-07, 1.4808e-07, 8.9068e-08])//
train_examples$124800$8000.0//
train_loss$126400$1.7840741202235222e-07//
train_individual_losses$126400$tensor([3.0682e-07, 4.2534e-09, 4.8742e-07, 1.8344e-07, 3.8738e-08, 4.6551e-09,
        4.6860e-07, 2.0292e-07, 6.4962e-09, 8.0729e-08])//
train_examples$126400$8000.0//
train_loss$128000$3.7793752271682023e-07//
train_individual_losses$128000$tensor([3.2855e-07, 2.1317e-07, 9.4512e-07, 4.7154e-07, 3.9982e-07, 1.3069e-09,
        1.9066e-09, 8.3659e-09, 1.2659e-06, 1.4369e-07])//
train_examples$128000$8000.0//
train_loss$129600$2.1442463621497155e-07//
train_individual_losses$129600$tensor([4.2656e-07, 1.2173e-06, 1.3510e-07, 1.8604e-08, 4.6658e-09, 5.8029e-09,
        6.5395e-08, 2.4195e-07, 1.6925e-08, 1.1924e-08])//
train_examples$129600$8000.0//
train_loss$131200$2.4951137602329254e-07//
train_individual_losses$131200$tensor([1.4330e-07, 4.1873e-07, 1.4040e-08, 5.6765e-09, 9.6214e-08, 3.6676e-07,
        2.6754e-07, 4.3682e-07, 5.4013e-07, 2.0591e-07])//
train_examples$131200$8000.0//
train_loss$132800$7.376748253591359e-08//
train_individual_losses$132800$tensor([5.7809e-09, 1.7297e-08, 2.1190e-08, 2.3077e-07, 2.8026e-07, 5.2974e-09,
        6.9040e-08, 5.9501e-08, 1.7407e-08, 3.1133e-08])//
train_examples$132800$8000.0//
train_loss$134400$4.212175961583853e-07//
train_individual_losses$134400$tensor([1.6634e-08, 2.0400e-08, 6.3332e-08, 2.5043e-07, 2.4193e-08, 1.7223e-06,
        5.3748e-07, 6.1142e-07, 3.7236e-07, 5.9359e-07])//
train_examples$134400$8000.0//
train_loss$136000$7.299364078789949e-08//
train_individual_losses$136000$tensor([4.2562e-08, 2.6511e-08, 3.9517e-07, 1.6454e-07, 8.7070e-09, 1.3659e-09,
        7.4753e-08, 7.1666e-09, 1.0860e-09, 8.0739e-09])//
train_examples$136000$8000.0//
train_loss$137600$2.8277705423533916e-07//
train_individual_losses$137600$tensor([1.2434e-08, 2.0450e-09, 4.6088e-09, 1.0837e-06, 1.0466e-07, 9.9125e-07,
        1.2625e-08, 2.8877e-07, 2.6138e-07, 6.6281e-08])//
train_examples$137600$8000.0//
train_loss$139200$2.360746031627059e-07//
train_individual_losses$139200$tensor([4.4716e-08, 2.7989e-09, 7.3746e-08, 8.3524e-07, 6.7550e-07, 4.3858e-07,
        7.5742e-08, 4.6234e-08, 9.8502e-08, 6.9694e-08])//
train_examples$139200$8000.0//
train_loss$140800$4.341607913374901e-07//
train_individual_losses$140800$tensor([1.8253e-08, 6.4667e-07, 2.2356e-06, 5.1166e-07, 3.9156e-07, 1.2251e-08,
        3.8219e-08, 4.7984e-07, 2.0196e-09, 5.5131e-09])//
train_examples$140800$8000.0//
train_loss$142400$2.0786761306226252e-07//
train_individual_losses$142400$tensor([1.5001e-08, 1.8083e-09, 2.1049e-07, 1.2325e-07, 5.8567e-07, 1.0285e-06,
        1.6384e-08, 4.3092e-08, 3.2149e-08, 2.2344e-08])//
train_examples$142400$8000.0//
train_loss$144000$3.177617909386754e-08//
train_individual_losses$144000$tensor([2.5532e-09, 3.0809e-09, 2.5943e-09, 3.8704e-08, 5.7273e-08, 1.6443e-08,
        7.8837e-09, 1.6362e-08, 7.4955e-09, 1.6537e-07])//
train_examples$144000$8000.0//
train_loss$145600$9.270570590160787e-08//
train_individual_losses$145600$tensor([1.9564e-07, 1.3619e-08, 4.9931e-08, 1.7192e-07, 1.7259e-09, 1.3554e-07,
        7.9302e-09, 6.1237e-08, 1.5142e-07, 1.3809e-07])//
train_examples$145600$8000.0//
train_loss$147200$4.4961892999708653e-07//
train_individual_losses$147200$tensor([3.2595e-09, 1.7551e-06, 9.7396e-09, 1.0091e-07, 1.1681e-06, 1.3981e-06,
        1.3779e-08, 8.9421e-09, 1.4382e-08, 2.3917e-08])//
train_examples$147200$8000.0//
train_loss$148800$1.558086951263249e-07//
train_individual_losses$148800$tensor([3.7520e-08, 2.1341e-08, 8.7715e-09, 2.1878e-07, 1.6998e-07, 4.8344e-08,
        5.5391e-07, 4.0590e-07, 2.6672e-08, 6.6870e-08])//
train_examples$148800$8000.0//
train_loss$150400$2.515551634132862e-07//
train_individual_losses$150400$tensor([1.7222e-06, 2.8655e-08, 2.4277e-09, 6.6018e-07, 9.7652e-09, 2.0266e-08,
        2.6789e-08, 1.5085e-08, 2.5226e-08, 4.9573e-09])//
train_examples$150400$8000.0//
train_loss$152000$4.755196627229452e-07//
train_individual_losses$152000$tensor([4.9389e-07, 2.0757e-08, 3.4547e-07, 1.9842e-07, 7.8177e-08, 1.0077e-08,
        3.4565e-06, 4.8676e-08, 6.6013e-08, 3.7237e-08])//
train_examples$152000$8000.0//
train_loss$153600$1.314384862780571e-07//
train_individual_losses$153600$tensor([4.7700e-09, 3.1381e-08, 1.3486e-08, 9.0279e-09, 3.6677e-08, 3.5110e-07,
        6.0216e-07, 2.3869e-07, 1.0977e-09, 2.5987e-08])//
train_examples$153600$8000.0//
train_loss$155200$2.7449249755591156e-07//
train_individual_losses$155200$tensor([1.4207e-06, 1.7480e-07, 2.6776e-07, 2.4839e-08, 6.5639e-09, 1.6226e-09,
        2.5091e-09, 1.0538e-08, 4.0938e-08, 7.9465e-07])//
train_examples$155200$8000.0//
train_loss$156800$4.851393867284059e-07//
train_individual_losses$156800$tensor([6.5111e-07, 2.4219e-07, 8.2802e-08, 2.1221e-06, 7.9017e-07, 1.3083e-07,
        1.3609e-08, 4.0395e-08, 7.7413e-07, 4.0780e-09])//
train_examples$156800$8000.0//
train_loss$158400$3.6421054974198343e-07//
train_individual_losses$158400$tensor([1.1478e-08, 2.9154e-07, 1.0345e-08, 3.0044e-06, 1.3260e-07, 2.4186e-09,
        7.5182e-09, 7.0302e-08, 1.2383e-08, 9.9167e-08])//
train_examples$158400$8000.0//
train_loss$160000$6.687649991363287e-07//
train_individual_losses$160000$tensor([1.5254e-06, 1.5429e-07, 8.4818e-07, 5.6714e-09, 1.5732e-09, 4.7974e-09,
        5.3278e-09, 9.9183e-07, 3.1385e-06, 1.2094e-08])//
train_examples$160000$8000.0