train_loss$0$0.566143359375//
train_individual_losses$0$tensor([0.6581, 0.5261, 0.7400, 0.6099, 0.5586, 0.6144, 0.5438, 0.4830, 0.6708,
        0.5597, 0.5317, 0.4490, 0.5580, 0.4923, 0.4975, 0.5854, 0.5446, 0.5979,
        0.4956, 0.6065])//
train_examples$0$10000.0//
train_loss$2000$0.0006497013854980469//
train_individual_losses$2000$tensor([1.0172e-03, 1.2489e-04, 2.7122e-04, 9.9264e-04, 2.9903e-03, 9.1950e-04,
        2.3645e-05, 1.0776e-03, 9.8033e-04, 2.0229e-04, 1.8431e-04, 3.1729e-04,
        4.4707e-04, 5.5835e-04, 6.3204e-04, 1.1570e-03, 2.8685e-05, 3.0448e-04,
        3.9641e-04, 3.6881e-04])//
train_examples$2000$10000.0//
train_loss$4000$0.0001427670383453369//
train_individual_losses$4000$tensor([2.9247e-04, 2.5632e-06, 8.5393e-07, 2.8571e-04, 5.2511e-04, 1.8712e-04,
        2.0030e-07, 2.2706e-04, 2.8095e-04, 3.7065e-06, 4.1785e-06, 1.6500e-04,
        1.1314e-05, 1.0390e-04, 1.4684e-04, 2.1317e-04, 4.8197e-07, 1.2647e-04,
        1.3225e-04, 1.4600e-04])//
train_examples$4000$10000.0//
train_loss$6000$3.716827630996704e-05//
train_individual_losses$6000$tensor([6.7086e-05, 6.6118e-08, 2.9785e-08, 1.0820e-04, 1.2279e-04, 5.1270e-05,
        9.8423e-09, 5.4850e-05, 1.2573e-05, 4.1352e-07, 1.3064e-07, 6.3678e-05,
        6.1222e-07, 1.1579e-05, 3.9536e-05, 4.9633e-05, 3.5014e-08, 5.0982e-05,
        4.7139e-05, 6.2752e-05])//
train_examples$6000$10000.0//
train_loss$8000$9.634574055671693e-06//
train_individual_losses$8000$tensor([4.9302e-06, 2.4300e-09, 5.8493e-10, 4.3348e-05, 2.9265e-05, 1.3207e-05,
        1.6387e-09, 1.3498e-05, 1.1338e-06, 1.1284e-08, 3.8685e-09, 1.6916e-05,
        1.4945e-08, 5.8080e-07, 1.0551e-05, 1.1987e-05, 1.1881e-09, 1.4403e-05,
        1.2913e-05, 1.9923e-05])//
train_examples$8000$10000.0//
train_loss$10000$3.519631028175354e-06//
train_individual_losses$10000$tensor([3.1999e-07, 2.5482e-09, 2.8964e-09, 2.1757e-05, 8.7211e-06, 5.3091e-06,
        6.9281e-09, 5.3403e-06, 1.7577e-07, 1.8258e-10, 2.6756e-10, 3.9427e-06,
        9.7076e-11, 8.0965e-07, 4.4959e-06, 4.7815e-06, 1.1657e-08, 3.3772e-06,
        4.2615e-06, 7.0759e-06])//
train_examples$10000$10000.0