train_loss$0$0.780423671875//
train_individual_losses$0$tensor([0.2672, 0.6353, 0.5851, 1.4640, 1.6148, 0.5439, 0.3105, 0.3671, 0.5191,
        0.6695, 1.8663, 0.7846, 1.0343, 0.5875, 0.3547, 0.7828, 0.6502, 0.9163,
        0.5539, 1.1015])//
train_examples$0$10000.0//
train_loss$2000$0.013467855224609375//
train_individual_losses$2000$tensor([0.0087, 0.0099, 0.0067, 0.0466, 0.0363, 0.0031, 0.0056, 0.0058, 0.0120,
        0.0116, 0.0292, 0.0112, 0.0159, 0.0048, 0.0053, 0.0135, 0.0095, 0.0133,
        0.0055, 0.0148])//
train_examples$2000$10000.0//
train_loss$4000$0.00424481201171875//
train_individual_losses$4000$tensor([0.0018, 0.0043, 0.0024, 0.0091, 0.0072, 0.0011, 0.0026, 0.0020, 0.0042,
        0.0058, 0.0086, 0.0027, 0.0066, 0.0017, 0.0020, 0.0052, 0.0044, 0.0048,
        0.0018, 0.0069])//
train_examples$4000$10000.0//
train_loss$6000$0.0019154989624023437//
train_individual_losses$6000$tensor([0.0006, 0.0024, 0.0012, 0.0043, 0.0042, 0.0005, 0.0014, 0.0007, 0.0015,
        0.0026, 0.0020, 0.0015, 0.0032, 0.0010, 0.0005, 0.0025, 0.0024, 0.0022,
        0.0009, 0.0028])//
train_examples$6000$10000.0//
train_loss$8000$0.0010570362854003905//
train_individual_losses$8000$tensor([0.0004, 0.0016, 0.0004, 0.0026, 0.0029, 0.0002, 0.0009, 0.0002, 0.0006,
        0.0014, 0.0008, 0.0010, 0.0020, 0.0005, 0.0002, 0.0016, 0.0015, 0.0012,
        0.0004, 0.0008])//
train_examples$8000$10000.0//
train_loss$10000$0.0005939033889770508//
train_individual_losses$10000$tensor([2.7865e-04, 1.2028e-03, 7.6922e-05, 1.5093e-03, 1.9558e-03, 1.0153e-04,
        6.8055e-04, 8.2957e-05, 2.6295e-04, 4.8253e-04, 4.0407e-04, 5.6042e-04,
        1.5152e-03, 3.0754e-04, 1.9200e-04, 4.9350e-04, 1.0015e-03, 2.9650e-04,
        1.4637e-04, 3.2702e-04])//
train_examples$10000$10000.0//
train_loss$12000$0.00034297988891601565//
train_individual_losses$12000$tensor([2.2476e-04, 8.6653e-04, 3.3282e-05, 6.8597e-04, 1.0799e-03, 7.2051e-05,
        3.6567e-04, 3.9694e-05, 2.0884e-04, 2.3710e-04, 2.3667e-04, 2.1145e-04,
        1.1976e-03, 2.2153e-04, 1.7808e-04, 1.0662e-04, 3.9135e-04, 1.5396e-04,
        9.3801e-05, 2.5475e-04])//
train_examples$12000$10000.0//
train_loss$14000$0.0002270191192626953//
train_individual_losses$14000$tensor([1.9334e-04, 3.0946e-04, 2.0816e-05, 3.8486e-04, 7.1730e-04, 5.7143e-05,
        1.7076e-04, 2.5958e-05, 1.4696e-04, 1.8094e-04, 1.5962e-04, 1.2949e-04,
        1.0473e-03, 1.5311e-04, 1.6338e-04, 5.8657e-05, 2.4048e-04, 1.1540e-04,
        8.2453e-05, 1.8300e-04])//
train_examples$14000$10000.0//
train_loss$16000$0.00017553937911987306//
train_individual_losses$16000$tensor([1.6741e-04, 1.9614e-04, 1.4461e-05, 3.0750e-04, 4.5958e-04, 4.8747e-05,
        1.2292e-04, 1.9718e-05, 1.1295e-04, 1.4070e-04, 1.1137e-04, 9.5709e-05,
        9.5788e-04, 1.0490e-04, 1.3375e-04, 4.2770e-05, 1.5266e-04, 9.5623e-05,
        7.3404e-05, 1.5261e-04])//
train_examples$16000$10000.0//
train_loss$18000$0.0001360295009613037//
train_individual_losses$18000$tensor([1.4424e-04, 1.3843e-04, 1.0492e-05, 1.8887e-04, 3.1785e-04, 3.7221e-05,
        9.8017e-05, 1.6555e-05, 9.0860e-05, 1.1535e-04, 8.0632e-05, 7.3024e-05,
        7.9817e-04, 7.2186e-05, 7.8554e-05, 3.4225e-05, 1.3064e-04, 8.5117e-05,
        6.7409e-05, 1.4275e-04])//
train_examples$18000$10000.0//
train_loss$20000$0.00011153072357177735//
train_individual_losses$20000$tensor([1.2436e-04, 1.1432e-04, 8.1002e-06, 1.5334e-04, 2.4529e-04, 2.9562e-05,
        8.3355e-05, 1.4071e-05, 7.8462e-05, 1.0305e-04, 6.6613e-05, 5.9613e-05,
        6.1717e-04, 5.5492e-05, 5.3049e-05, 2.8177e-05, 1.2227e-04, 7.5217e-05,
        6.3051e-05, 1.3604e-04])//
train_examples$20000$10000.0//
train_loss$22000$9.424991607666015e-05//
train_individual_losses$22000$tensor([1.0929e-04, 9.8217e-05, 6.6099e-06, 1.2185e-04, 1.8881e-04, 2.3687e-05,
        7.2875e-05, 1.2390e-05, 6.9805e-05, 9.6945e-05, 5.1716e-05, 5.0670e-05,
        4.9339e-04, 4.6012e-05, 4.2816e-05, 2.1947e-05, 1.1735e-04, 6.9266e-05,
        5.9614e-05, 1.3175e-04])//
train_examples$22000$10000.0//
train_loss$24000$7.563418865203857e-05//
train_individual_losses$24000$tensor([9.6562e-05, 8.4842e-05, 5.2759e-06, 8.5377e-05, 1.5328e-04, 1.8630e-05,
        6.5534e-05, 1.1014e-05, 6.1540e-05, 8.7352e-05, 3.2344e-05, 4.3734e-05,
        3.1579e-04, 3.5718e-05, 3.6341e-05, 1.6522e-05, 1.1342e-04, 6.4206e-05,
        5.6850e-05, 1.2836e-04])//
train_examples$24000$10000.0//
train_loss$26000$6.39372444152832e-05//
train_individual_losses$26000$tensor([8.6287e-05, 7.4071e-05, 4.4531e-06, 4.8198e-05, 1.3130e-04, 1.5588e-05,
        5.9587e-05, 9.8073e-06, 5.1995e-05, 8.1591e-05, 2.4103e-05, 3.8315e-05,
        2.2548e-04, 2.9247e-05, 3.2142e-05, 1.3145e-05, 1.1109e-04, 6.0930e-05,
        5.4947e-05, 1.2648e-04])//
train_examples$26000$10000.0//
train_loss$28000$5.7830133438110354e-05//
train_individual_losses$28000$tensor([7.5451e-05, 6.3073e-05, 3.7369e-06, 3.4912e-05, 1.1269e-04, 1.3798e-05,
        5.3859e-05, 9.1593e-06, 4.3882e-05, 7.7735e-05, 1.9698e-05, 3.4471e-05,
        2.0323e-04, 2.5373e-05, 2.9513e-05, 1.0897e-05, 1.0866e-04, 5.6995e-05,
        5.4242e-05, 1.2522e-04])//
train_examples$28000$10000.0//
train_loss$30000$5.2894186973571776e-05//
train_individual_losses$30000$tensor([6.6220e-05, 5.2550e-05, 3.1523e-06, 2.7978e-05, 9.1830e-05, 1.2447e-05,
        5.0399e-05, 8.5142e-06, 3.7753e-05, 7.2691e-05, 1.6993e-05, 2.9271e-05,
        1.9263e-04, 2.3303e-05, 2.7146e-05, 9.5015e-06, 1.0598e-04, 5.3953e-05,
        5.1869e-05, 1.2371e-04])//
train_examples$30000$10000.0//
train_loss$32000$4.791545391082764e-05//
train_individual_losses$32000$tensor([5.8820e-05, 4.2385e-05, 2.6736e-06, 2.3323e-05, 7.8740e-05, 1.1504e-05,
        4.5840e-05, 8.1023e-06, 3.3307e-05, 6.7794e-05, 1.3147e-05, 2.5543e-05,
        1.8645e-04, 2.2436e-05, 2.6016e-05, 8.7064e-06, 7.8987e-05, 5.1380e-05,
        4.9948e-05, 1.2320e-04])//
train_examples$32000$10000.0//
train_loss$34000$4.450044631958008e-05//
train_individual_losses$34000$tensor([5.2205e-05, 3.3461e-05, 2.3429e-06, 1.9205e-05, 6.9458e-05, 1.0476e-05,
        4.2953e-05, 7.6576e-06, 2.9934e-05, 6.3557e-05, 1.1481e-05, 2.2758e-05,
        1.8209e-04, 2.1806e-05, 2.4412e-05, 7.5997e-06, 6.9344e-05, 4.8929e-05,
        4.8153e-05, 1.2218e-04])//
train_examples$34000$10000.0//
train_loss$36000$4.131813526153564e-05//
train_individual_losses$36000$tensor([4.6349e-05, 2.5761e-05, 2.0970e-06, 1.5409e-05, 6.0984e-05, 9.7705e-06,
        4.0523e-05, 7.4642e-06, 2.6969e-05, 5.9724e-05, 1.0315e-05, 1.9414e-05,
        1.7595e-04, 2.1503e-05, 2.3520e-05, 6.8351e-06, 5.9095e-05, 4.6358e-05,
        4.6924e-05, 1.2140e-04])//
train_examples$36000$10000.0//
train_loss$38000$3.895348310470581e-05//
train_individual_losses$38000$tensor([4.2053e-05, 2.0061e-05, 1.7730e-06, 1.2330e-05, 5.4012e-05, 9.0470e-06,
        3.8292e-05, 7.2082e-06, 2.5285e-05, 5.6359e-05, 9.3841e-06, 1.7607e-05,
        1.7311e-04, 2.1610e-05, 2.2865e-05, 6.1532e-06, 5.0872e-05, 4.4179e-05,
        4.5994e-05, 1.2088e-04])//
train_examples$38000$10000.0//
train_loss$40000$3.6757974624633786e-05//
train_individual_losses$40000$tensor([3.7572e-05, 1.5415e-05, 1.6256e-06, 1.0150e-05, 4.7942e-05, 8.5075e-06,
        3.6816e-05, 6.7952e-06, 2.2787e-05, 5.3014e-05, 8.4389e-06, 1.5543e-05,
        1.7038e-04, 2.1174e-05, 2.2166e-05, 5.6176e-06, 4.2469e-05, 4.3162e-05,
        4.5493e-05, 1.2009e-04])//
train_examples$40000$10000.0//
train_loss$42000$3.476566076278686e-05//
train_individual_losses$42000$tensor([3.3713e-05, 1.2160e-05, 1.4186e-06, 8.8119e-06, 4.3522e-05, 8.0230e-06,
        3.4914e-05, 6.4981e-06, 2.1309e-05, 4.9591e-05, 7.6605e-06, 1.4117e-05,
        1.6700e-04, 2.1010e-05, 2.1918e-05, 5.1771e-06, 3.5417e-05, 4.0233e-05,
        4.3805e-05, 1.1901e-04])//
train_examples$42000$10000.0//
train_loss$44000$3.315572738647461e-05//
train_individual_losses$44000$tensor([3.0671e-05, 1.0231e-05, 1.2639e-06, 7.9814e-06, 3.8398e-05, 7.7968e-06,
        3.3707e-05, 6.1502e-06, 2.0259e-05, 4.6550e-05, 6.6731e-06, 1.2769e-05,
        1.6522e-04, 2.0749e-05, 2.1310e-05, 4.7883e-06, 2.8541e-05, 3.8592e-05,
        4.3317e-05, 1.1815e-04])//
train_examples$44000$10000.0//
train_loss$46000$3.151323556900024e-05//
train_individual_losses$46000$tensor([2.8305e-05, 8.1220e-06, 1.0844e-06, 7.6778e-06, 3.4665e-05, 7.4321e-06,
        3.2533e-05, 5.9405e-06, 1.9241e-05, 4.3601e-05, 6.1963e-06, 1.1685e-05,
        1.6265e-04, 2.0719e-05, 2.0833e-05, 4.6260e-06, 2.1646e-05, 3.6409e-05,
        3.9620e-05, 1.1728e-04])//
train_examples$46000$10000.0//
train_loss$48000$3.0371789932250977e-05//
train_individual_losses$48000$tensor([2.6028e-05, 6.8308e-06, 1.0098e-06, 7.0393e-06, 3.1426e-05, 7.2593e-06,
        3.1805e-05, 5.5099e-06, 1.8193e-05, 4.1300e-05, 5.8299e-06, 1.0757e-05,
        1.6038e-04, 2.0690e-05, 2.1156e-05, 4.9740e-06, 1.7761e-05, 3.4687e-05,
        3.8394e-05, 1.1641e-04])//
train_examples$48000$10000.0//
train_loss$50000$2.9110760688781737e-05//
train_individual_losses$50000$tensor([2.3621e-05, 5.7726e-06, 9.2197e-07, 6.4496e-06, 2.8067e-05, 6.9897e-06,
        3.1304e-05, 5.3312e-06, 1.7367e-05, 3.7995e-05, 5.5725e-06, 9.8040e-06,
        1.5711e-04, 2.0382e-05, 2.0274e-05, 4.0233e-06, 1.5530e-05, 3.2746e-05,
        3.7294e-05, 1.1566e-04])//
train_examples$50000$10000.0//
train_loss$52000$2.8227479457855226e-05//
train_individual_losses$52000$tensor([2.2231e-05, 5.0930e-06, 8.2274e-07, 5.9335e-06, 2.5762e-05, 7.6017e-06,
        2.9719e-05, 4.8848e-06, 1.6753e-05, 3.5323e-05, 5.1527e-06, 9.1778e-06,
        1.5464e-04, 2.0354e-05, 2.0183e-05, 3.7274e-06, 1.4110e-05, 3.1285e-05,
        3.6666e-05, 1.1513e-04])//
train_examples$52000$10000.0//
train_loss$54000$2.7300913333892822e-05//
train_individual_losses$54000$tensor([2.0222e-05, 4.5066e-06, 7.3649e-07, 5.6460e-06, 2.3056e-05, 6.6972e-06,
        2.9317e-05, 4.6794e-06, 1.6397e-05, 3.2838e-05, 4.9446e-06, 8.6371e-06,
        1.5250e-04, 2.0354e-05, 1.9857e-05, 3.6049e-06, 1.3249e-05, 2.9162e-05,
        3.6430e-05, 1.1318e-04])//
train_examples$54000$10000.0//
train_loss$56000$2.650176286697388e-05//
train_individual_losses$56000$tensor([1.8758e-05, 4.0836e-06, 7.2210e-07, 5.3149e-06, 2.0243e-05, 6.5175e-06,
        2.8302e-05, 4.4181e-06, 1.5613e-05, 3.0764e-05, 4.7246e-06, 8.2900e-06,
        1.5052e-04, 2.0186e-05, 1.9663e-05, 3.5376e-06, 1.2393e-05, 2.7644e-05,
        3.6205e-05, 1.1213e-04])//
train_examples$56000$10000.0//
train_loss$58000$2.576106548309326e-05//
train_individual_losses$58000$tensor([1.6947e-05, 3.7732e-06, 6.3496e-07, 5.1420e-06, 1.8799e-05, 6.4553e-06,
        2.7632e-05, 4.1991e-06, 1.5316e-05, 2.8525e-05, 4.6118e-06, 7.6678e-06,
        1.4864e-04, 2.0183e-05, 1.9390e-05, 3.2759e-06, 1.1718e-05, 2.6044e-05,
        3.5527e-05, 1.1074e-04])//
train_examples$58000$10000.0//
train_loss$60000$2.50816011428833e-05//
train_individual_losses$60000$tensor([1.4975e-05, 3.5363e-06, 6.0856e-07, 4.8230e-06, 1.6805e-05, 6.3714e-06,
        2.6965e-05, 3.9701e-06, 1.4775e-05, 2.6439e-05, 4.3517e-06, 7.0192e-06,
        1.4710e-04, 2.0481e-05, 1.9591e-05, 3.1615e-06, 1.1115e-05, 2.4622e-05,
        3.5501e-05, 1.0942e-04])//
train_examples$60000$10000.0//
train_loss$62000$2.4555387496948243e-05//
train_individual_losses$62000$tensor([1.3256e-05, 3.3188e-06, 5.2156e-07, 4.5528e-06, 1.5601e-05, 6.2242e-06,
        2.6473e-05, 4.0202e-06, 1.4402e-05, 2.4589e-05, 4.1965e-06, 6.5449e-06,
        1.4689e-04, 2.0019e-05, 1.9039e-05, 3.1368e-06, 1.0905e-05, 2.3414e-05,
        3.5182e-05, 1.0882e-04])//
train_examples$62000$10000.0//
train_loss$64000$2.3764324188232423e-05//
train_individual_losses$64000$tensor([1.2806e-05, 3.1850e-06, 5.8165e-07, 4.4850e-06, 1.4773e-05, 6.1651e-06,
        2.5876e-05, 3.6838e-06, 1.3987e-05, 2.2733e-05, 4.1511e-06, 6.1073e-06,
        1.4495e-04, 1.9973e-05, 1.8902e-05, 2.9201e-06, 1.0418e-05, 2.2244e-05,
        3.5028e-05, 1.0232e-04])//
train_examples$64000$10000.0//
train_loss$66000$2.3175318241119384e-05//
train_individual_losses$66000$tensor([1.1244e-05, 3.0707e-06, 4.3670e-07, 4.2190e-06, 1.3826e-05, 6.0347e-06,
        2.6152e-05, 3.5345e-06, 1.3674e-05, 2.1038e-05, 4.0022e-06, 5.8413e-06,
        1.4408e-04, 2.0050e-05, 1.8845e-05, 2.8734e-06, 1.0062e-05, 2.1193e-05,
        3.5558e-05, 9.7774e-05])//
train_examples$66000$10000.0//
train_loss$68000$2.2536249160766603e-05//
train_individual_losses$68000$tensor([9.8122e-06, 2.9620e-06, 3.8715e-07, 3.9998e-06, 1.3184e-05, 6.1453e-06,
        2.5927e-05, 3.4425e-06, 1.3765e-05, 1.9537e-05, 3.9532e-06, 5.2825e-06,
        1.4309e-04, 1.9906e-05, 1.8845e-05, 2.8129e-06, 9.7075e-06, 2.0075e-05,
        3.4920e-05, 9.2970e-05])//
train_examples$68000$10000.0//
train_loss$70000$2.183159589767456e-05//
train_individual_losses$70000$tensor([8.6914e-06, 2.9816e-06, 3.8355e-07, 4.3032e-06, 1.2706e-05, 5.9896e-06,
        2.4264e-05, 3.3263e-06, 1.3193e-05, 1.8036e-05, 3.8180e-06, 4.9026e-06,
        1.4253e-04, 1.9967e-05, 1.8560e-05, 2.8728e-06, 9.4562e-06, 1.9118e-05,
        3.5020e-05, 8.6510e-05])//
train_examples$70000$10000.0//
train_loss$72000$2.11898136138916e-05//
train_individual_losses$72000$tensor([7.6975e-06, 2.9401e-06, 3.3407e-07, 3.8780e-06, 1.2133e-05, 5.9064e-06,
        2.3674e-05, 3.2374e-06, 1.3245e-05, 1.6562e-05, 3.7921e-06, 4.6268e-06,
        1.4227e-04, 1.9883e-05, 1.8903e-05, 2.6463e-06, 8.9056e-06, 1.8319e-05,
        3.4695e-05, 8.0150e-05])//
train_examples$72000$10000.0//
train_loss$74000$2.0529038906097412e-05//
train_individual_losses$74000$tensor([6.7901e-06, 2.7741e-06, 3.1348e-07, 3.6018e-06, 1.2053e-05, 5.9233e-06,
        2.2440e-05, 3.1888e-06, 1.2648e-05, 1.5011e-05, 3.6672e-06, 4.5706e-06,
        1.4170e-04, 1.9834e-05, 1.8383e-05, 2.6908e-06, 8.6009e-06, 1.7681e-05,
        3.4825e-05, 7.3885e-05])//
train_examples$74000$10000.0//
train_loss$76000$1.9809833765029907e-05//
train_individual_losses$76000$tensor([5.6281e-06, 2.6742e-06, 3.2408e-07, 3.5708e-06, 1.1468e-05, 5.8889e-06,
        2.0964e-05, 3.0799e-06, 1.2429e-05, 1.3229e-05, 3.5538e-06, 4.2615e-06,
        1.3980e-04, 2.0119e-05, 1.8404e-05, 2.5877e-06, 8.1067e-06, 1.7286e-05,
        3.4703e-05, 6.8115e-05])//
train_examples$76000$10000.0//
train_loss$78000$1.9237258434295654e-05//
train_individual_losses$78000$tensor([4.6013e-06, 2.6845e-06, 2.9498e-07, 3.3765e-06, 1.1159e-05, 6.1391e-06,
        1.9969e-05, 3.0211e-06, 1.2182e-05, 1.1785e-05, 3.5933e-06, 4.2863e-06,
        1.3877e-04, 1.9975e-05, 1.7974e-05, 2.4040e-06, 7.7006e-06, 1.6881e-05,
        3.4750e-05, 6.3201e-05])//
train_examples$78000$10000.0//
train_loss$80000$1.8643525838851927e-05//
train_individual_losses$80000$tensor([3.5250e-06, 2.5619e-06, 2.7198e-07, 3.2503e-06, 1.0953e-05, 5.7751e-06,
        1.9216e-05, 2.8799e-06, 1.1973e-05, 1.0383e-05, 3.4835e-06, 3.9750e-06,
        1.3741e-04, 1.9813e-05, 1.7951e-05, 2.3455e-06, 7.2912e-06, 1.6248e-05,
        3.4424e-05, 5.9139e-05])//
train_examples$80000$10000.0//
train_loss$82000$1.808350205421448e-05//
train_individual_losses$82000$tensor([2.7963e-06, 2.5893e-06, 2.5603e-07, 3.1707e-06, 1.0838e-05, 5.7906e-06,
        1.7651e-05, 2.7674e-06, 1.1788e-05, 9.4450e-06, 3.4844e-06, 3.8475e-06,
        1.3600e-04, 1.9610e-05, 1.7543e-05, 2.3842e-06, 6.8272e-06, 1.5905e-05,
        3.4304e-05, 5.4675e-05])//
train_examples$82000$10000.0//
train_loss$84000$1.75871479511261e-05//
train_individual_losses$84000$tensor([2.4136e-06, 2.4802e-06, 2.4546e-07, 3.1319e-06, 1.0539e-05, 5.7855e-06,
        1.6974e-05, 2.7512e-06, 1.1643e-05, 8.6545e-06, 3.4044e-06, 3.9602e-06,
        1.3297e-04, 1.9731e-05, 1.7541e-05, 2.3293e-06, 6.3684e-06, 1.5562e-05,
        3.4368e-05, 5.0896e-05])//
train_examples$84000$10000.0//
train_loss$86000$1.6879781484603882e-05//
train_individual_losses$86000$tensor([2.0485e-06, 2.4352e-06, 2.7922e-07, 2.9989e-06, 1.0141e-05, 5.7489e-06,
        1.5805e-05, 2.6443e-06, 1.1431e-05, 7.5652e-06, 3.3616e-06, 3.7841e-06,
        1.2803e-04, 1.9763e-05, 1.7332e-05, 2.2683e-06, 5.7813e-06, 1.5540e-05,
        3.4320e-05, 4.6314e-05])//
train_examples$86000$10000.0//
train_loss$88000$1.60321581363678e-05//
train_individual_losses$88000$tensor([1.8203e-06, 2.4370e-06, 2.4756e-07, 3.0235e-06, 9.9133e-06, 5.6520e-06,
        1.5174e-05, 2.5812e-06, 1.1295e-05, 6.7207e-06, 3.1675e-06, 3.6119e-06,
        1.1968e-04, 1.9651e-05, 1.7212e-05, 2.2317e-06, 5.1002e-06, 1.5092e-05,
        3.4275e-05, 4.1760e-05])//
train_examples$88000$10000.0//
train_loss$90000$1.544115424156189e-05//
train_individual_losses$90000$tensor([1.6522e-06, 2.4883e-06, 2.5160e-07, 2.8619e-06, 1.0101e-05, 5.6346e-06,
        1.4028e-05, 2.5055e-06, 1.1121e-05, 6.0511e-06, 3.1392e-06, 3.6067e-06,
        1.1526e-04, 1.9785e-05, 1.6883e-05, 2.4237e-06, 4.5667e-06, 1.4774e-05,
        3.4515e-05, 3.7178e-05])//
train_examples$90000$10000.0//
train_loss$92000$1.3728814125061035e-05//
train_individual_losses$92000$tensor([1.4972e-06, 2.4309e-06, 2.0680e-07, 2.8422e-06, 9.6685e-06, 5.6843e-06,
        1.3269e-05, 2.4376e-06, 1.1069e-05, 5.5525e-06, 3.5210e-06, 3.4360e-06,
        8.7922e-05, 1.9819e-05, 1.6829e-05, 2.0761e-06, 4.1091e-06, 1.4727e-05,
        3.4286e-05, 3.3193e-05])//
train_examples$92000$10000.0//
train_loss$94000$1.2814744710922242e-05//
train_individual_losses$94000$tensor([1.7485e-06, 2.3611e-06, 2.1382e-07, 2.9441e-06, 9.3188e-06, 5.7152e-06,
        1.2561e-05, 2.4098e-06, 1.1012e-05, 5.0298e-06, 3.1205e-06, 3.4076e-06,
        7.4899e-05, 1.9650e-05, 1.6674e-05, 2.1662e-06, 3.7732e-06, 1.4447e-05,
        3.4297e-05, 3.0546e-05])//
train_examples$94000$10000.0//
train_loss$96000$1.217768669128418e-05//
train_individual_losses$96000$tensor([1.2870e-06, 2.3194e-06, 1.9130e-07, 2.6500e-06, 9.0558e-06, 5.4616e-06,
        1.2268e-05, 2.3331e-06, 1.0715e-05, 4.4134e-06, 3.0038e-06, 3.3115e-06,
        6.8452e-05, 1.9476e-05, 1.6590e-05, 2.0139e-06, 3.4194e-06, 1.4278e-05,
        3.4378e-05, 2.7936e-05])//
train_examples$96000$10000.0//
train_loss$98000$1.1831846237182617e-05//
train_individual_losses$98000$tensor([1.1288e-06, 2.3362e-06, 2.0140e-07, 2.6059e-06, 9.0221e-06, 5.6331e-06,
        1.1636e-05, 2.2551e-06, 1.0771e-05, 3.9368e-06, 2.9400e-06, 3.4848e-06,
        6.4871e-05, 1.9501e-05, 1.6901e-05, 2.0764e-06, 3.1077e-06, 1.3993e-05,
        3.4416e-05, 2.5821e-05])//
train_examples$98000$10000.0//
train_loss$100000$1.1416873931884766e-05//
train_individual_losses$100000$tensor([1.1313e-06, 2.2598e-06, 2.0555e-07, 2.6546e-06, 8.8078e-06, 5.4937e-06,
        1.1519e-05, 2.1850e-06, 1.0613e-05, 3.7094e-06, 2.9164e-06, 3.2962e-06,
        6.0312e-05, 1.9450e-05, 1.6224e-05, 1.9359e-06, 3.0371e-06, 1.4021e-05,
        3.4541e-05, 2.4025e-05])//
train_examples$100000$10000.0