train_loss$0$110.69722666666667//
train_individual_losses$0$tensor([110.8993, 109.5165, 110.4314, 109.6778, 110.8553, 109.5313, 110.4613,
        110.3275, 109.1644, 112.4072, 110.4887, 110.6430, 109.7359, 111.9169,
        109.2775, 111.8872, 110.4558, 110.6252, 111.0505, 110.5807, 110.6897,
        111.2528, 112.2691, 111.6701, 109.1709, 110.4194, 110.5783, 112.2905,
        109.9667, 109.7804, 112.2174, 109.8169, 110.6007, 111.8932, 110.4248,
        112.9016, 110.7395, 110.5380, 109.5457, 111.2298, 110.5344, 111.4970,
        110.9931, 110.4951, 111.5518, 111.6558, 109.3496, 109.8416, 110.5383,
        110.4761])//
train_examples$0$60000.0//
train_loss$9400$3.650706//
train_individual_losses$9400$tensor([ 5.1277,  3.1090,  3.1346,  3.7773,  3.8459,  3.4409,  2.9912,  2.2143,
         2.9093,  5.9939,  3.8162,  3.2235,  3.9057, 10.2176,  3.7231,  7.7485,
         4.5646,  1.3675,  1.9406,  3.7927,  3.9567,  2.3999,  3.3851,  3.7886,
         3.3819,  3.5335,  3.0012,  3.1890,  3.3283,  3.6219,  3.1507,  3.5083,
         4.5028,  2.6186,  2.2472,  4.9775,  3.4381,  3.9066,  2.6414,  2.4671,
         3.4178,  3.7662,  3.5694,  2.1196,  3.3310,  3.1367,  2.3937,  3.5329,
         4.4410,  4.9385])//
train_examples$9400$60000.0//
train_loss$18800$1.8436185//
train_individual_losses$18800$tensor([1.7432, 1.3566, 1.0625, 3.5608, 0.5350, 1.3622, 1.2983, 0.8723, 0.6604,
        3.1742, 2.2718, 1.3777, 2.7903, 5.0282, 0.8981, 4.4227, 1.0806, 0.7890,
        0.6794, 2.8943, 3.5040, 0.8277, 1.2164, 2.2229, 2.6752, 2.0262, 1.5738,
        2.4978, 1.0182, 2.7365, 0.6568, 1.4575, 2.5103, 1.2713, 1.0338, 3.0256,
        2.6952, 1.7299, 0.9345, 0.8446, 0.8546, 3.4753, 2.1784, 0.6674, 1.2646,
        0.9436, 1.1808, 2.7274, 1.7092, 2.8642])//
train_examples$18800$60000.0//
train_loss$28200$1.20984125//
train_individual_losses$28200$tensor([0.7238, 0.8175, 0.3039, 3.4370, 0.1861, 0.8707, 0.8543, 0.4657, 0.3972,
        3.0411, 1.6304, 0.6563, 2.6953, 4.0137, 0.5716, 3.0429, 0.3655, 0.4052,
        0.4050, 1.9820, 3.2038, 0.6418, 0.7216, 0.6665, 0.8599, 1.5620, 0.5852,
        0.5627, 0.5795, 0.7995, 0.4443, 0.5323, 1.1440, 0.7754, 0.7685, 2.8235,
        2.5760, 0.7037, 0.5134, 0.3313, 0.2510, 3.3162, 1.1058, 0.1759, 0.6419,
        0.4198, 1.0202, 2.6076, 0.6061, 2.6873])//
train_examples$28200$60000.0//
train_loss$37600$0.9744459166666667//
train_individual_losses$37600$tensor([0.6185, 0.7212, 0.0988, 3.2692, 0.0543, 0.6555, 0.5083, 0.2783, 0.3203,
        2.9843, 0.5252, 0.4004, 2.6116, 3.8387, 0.4250, 2.7446, 0.0872, 0.2178,
        0.3654, 0.9875, 2.8558, 0.5686, 0.3561, 0.2108, 0.4662, 1.2838, 0.3878,
        0.2900, 0.3986, 0.5060, 0.3608, 0.2945, 0.6389, 0.4084, 0.7065, 2.7543,
        2.5407, 0.3163, 0.3541, 0.1532, 0.0897, 3.1842, 0.7914, 0.0668, 0.3838,
        0.3129, 0.8074, 2.5580, 0.3393, 2.6253])//
train_examples$37600$60000.0//
train_loss$47000$0.8574381666666666//
train_individual_losses$47000$tensor([0.4933, 0.6417, 0.0839, 3.0962, 0.0131, 0.5700, 0.3443, 0.2315, 0.2691,
        2.9220, 0.0959, 0.3434, 2.5731, 3.7567, 0.3308, 2.6842, 0.0268, 0.1350,
        0.3438, 0.6308, 2.5359, 0.5184, 0.1812, 0.0729, 0.3216, 1.1040, 0.3041,
        0.1951, 0.3459, 0.4055, 0.3156, 0.1148, 0.3647, 0.2202, 0.6827, 2.7126,
        2.1676, 0.2170, 0.1910, 0.0738, 0.0817, 3.0102, 0.6410, 0.0345, 0.3066,
        0.2617, 0.6788, 2.5305, 0.0995, 2.5971])//
train_examples$47000$60000.0//
train_loss$56400$0.7423950833333334//
train_individual_losses$56400$tensor([0.3607, 0.5048, 0.0758, 2.9191, 0.0054, 0.4586, 0.2396, 0.1998, 0.2261,
        2.8314, 0.0171, 0.3100, 2.5535, 3.7108, 0.2855, 2.6502, 0.0082, 0.1042,
        0.2944, 0.4496, 1.7997, 0.4692, 0.1227, 0.0287, 0.2397, 0.9537, 0.2641,
        0.1510, 0.3082, 0.2994, 0.2772, 0.0890, 0.2463, 0.1144, 0.6697, 2.6867,
        0.3061, 0.1272, 0.1217, 0.0398, 0.0781, 2.8323, 0.5661, 0.0234, 0.2775,
        0.1037, 0.5897, 2.5208, 0.0250, 2.5837])//
train_examples$56400$60000.0//
train_loss$65800$0.6466195833333334//
train_individual_losses$65800$tensor([2.4749e-01, 2.3272e-01, 6.8039e-02, 1.0083e+00, 3.1319e-03, 2.6869e-01,
        2.0429e-01, 1.9094e-01, 9.3140e-02, 2.7510e+00, 2.1596e-03, 2.8699e-01,
        2.5448e+00, 3.6784e+00, 2.6371e-01, 2.6338e+00, 2.7424e-03, 9.2570e-02,
        2.0380e-01, 3.6643e-01, 1.1997e+00, 4.2393e-01, 1.0065e-01, 1.8086e-02,
        1.8868e-01, 8.3511e-01, 2.5194e-01, 1.2479e-01, 2.8669e-01, 2.6400e-01,
        2.6678e-01, 8.2973e-02, 1.7942e-01, 7.4470e-02, 6.6636e-01, 2.6676e+00,
        8.2670e-02, 6.4873e-02, 9.8174e-02, 2.4880e-02, 7.5782e-02, 2.7598e+00,
        5.2237e-01, 1.8058e-02, 2.6015e-01, 7.9154e-02, 4.6981e-01, 2.5153e+00,
        7.4854e-03, 2.5782e+00])//
train_examples$65800$60000.0//
train_loss$75200$0.5985880833333334//
train_individual_losses$75200$tensor([1.3887e-01, 1.1215e-01, 6.4471e-02, 3.7835e-01, 2.2154e-03, 1.4634e-01,
        1.8916e-01, 1.8673e-01, 7.2028e-02, 2.7120e+00, 5.5445e-04, 2.6930e-01,
        2.5397e+00, 3.6519e+00, 2.5430e-01, 2.6193e+00, 1.2955e-03, 8.8747e-02,
        1.7178e-01, 3.2611e-01, 6.7784e-01, 3.8070e-01, 9.2380e-02, 1.2623e-02,
        1.6375e-01, 7.4612e-01, 2.4659e-01, 1.0555e-01, 2.6439e-01, 2.5380e-01,
        2.6099e-01, 7.9959e-02, 1.4455e-01, 5.0951e-02, 6.6000e-01, 2.6486e+00,
        6.9297e-02, 2.9086e-02, 8.9250e-02, 1.9071e-02, 7.4408e-02, 2.7179e+00,
        4.8847e-01, 1.4954e-02, 2.4969e-01, 7.3945e-02, 3.0564e-01, 2.5101e+00,
        3.5391e-03, 2.5700e+00])//
train_examples$75200$60000.0//
train_loss$84600$0.53515425//
train_individual_losses$84600$tensor([8.7360e-02, 8.9953e-02, 6.1848e-02, 2.5884e-01, 1.7677e-03, 1.0873e-01,
        1.8279e-01, 1.8161e-01, 6.9566e-02, 2.6901e+00, 3.7845e-04, 2.0481e-01,
        2.5360e+00, 3.6131e+00, 2.4883e-01, 2.6073e+00, 7.8398e-04, 8.4996e-02,
        1.5908e-01, 3.0094e-01, 4.6086e-01, 3.0285e-01, 8.7192e-02, 9.7993e-03,
        1.4572e-01, 6.5656e-01, 2.4201e-01, 9.0799e-02, 2.5368e-01, 2.4651e-01,
        2.4720e-01, 7.8529e-02, 1.2132e-01, 3.7529e-02, 6.5782e-01, 2.6337e+00,
        6.4955e-02, 1.1807e-02, 8.4368e-02, 1.5799e-02, 7.2983e-02, 6.5207e-01,
        4.6303e-01, 1.2876e-02, 2.4139e-01, 7.1722e-02, 2.3675e-01, 2.5054e+00,
        2.6997e-03, 2.5610e+00])//
train_examples$84600$60000.0//
train_loss$94000$0.498332625//
train_individual_losses$94000$tensor([7.9066e-02, 8.2227e-02, 6.0864e-02, 1.0374e-01, 1.4688e-03, 3.4799e-02,
        1.8131e-01, 1.7919e-01, 6.8134e-02, 2.6815e+00, 2.7781e-04, 1.3881e-01,
        2.5377e+00, 2.9901e+00, 2.4717e-01, 2.6053e+00, 5.6616e-04, 8.3923e-02,
        1.5203e-01, 2.8306e-01, 3.0155e-01, 1.0465e-01, 8.4462e-02, 7.3403e-03,
        1.3417e-01, 5.7653e-01, 2.3969e-01, 8.1953e-02, 2.4666e-01, 2.4227e-01,
        2.4492e-01, 7.7067e-02, 9.6644e-02, 2.9316e-02, 6.5673e-01, 2.6182e+00,
        6.2714e-02, 5.1580e-03, 8.1895e-02, 1.4166e-02, 7.2538e-02, 3.9363e-01,
        4.4456e-01, 1.1013e-02, 2.3475e-01, 7.0487e-02, 2.1153e-01, 2.5003e+00,
        2.4871e-03, 2.5578e+00])//
train_examples$94000$60000.0//
train_loss$103400$0.48114120833333335//
train_individual_losses$103400$tensor([7.7341e-02, 7.8375e-02, 5.9700e-02, 6.1341e-02, 1.2081e-03, 1.7671e-02,
        1.8102e-01, 1.8076e-01, 6.7052e-02, 2.6705e+00, 2.4371e-04, 1.1304e-01,
        2.5352e+00, 2.7949e+00, 2.4414e-01, 2.5954e+00, 4.5081e-04, 8.3038e-02,
        1.4355e-01, 2.7014e-01, 1.2104e-01, 7.5489e-02, 8.3312e-02, 6.2854e-03,
        1.2486e-01, 4.8716e-01, 2.3918e-01, 7.4215e-02, 2.4304e-01, 2.4147e-01,
        2.3733e-01, 7.5603e-02, 7.6865e-02, 2.3821e-02, 6.4567e-01, 2.6070e+00,
        6.0145e-02, 3.0183e-03, 8.0094e-02, 1.3188e-02, 7.1678e-02, 2.9653e-01,
        4.3000e-01, 1.0467e-02, 2.3210e-01, 6.9622e-02, 1.9906e-01, 2.4976e+00,
        2.3882e-03, 2.5537e+00])//
train_examples$103400$60000.0//
train_loss$112800$0.4723448333333333//
train_individual_losses$112800$tensor([7.5929e-02, 7.6743e-02, 5.9469e-02, 3.8326e-02, 9.5987e-04, 1.2426e-02,
        1.7854e-01, 1.7534e-01, 6.7690e-02, 2.6668e+00, 2.0289e-04, 9.6085e-02,
        2.5311e+00, 2.7528e+00, 2.4236e-01, 2.5893e+00, 3.5895e-04, 8.2328e-02,
        1.2611e-01, 2.6157e-01, 6.7377e-02, 7.0410e-02, 8.2649e-02, 5.5499e-03,
        1.1555e-01, 4.0700e-01, 2.3756e-01, 6.6319e-02, 2.3977e-01, 2.3817e-01,
        2.4322e-01, 7.8901e-02, 5.2074e-02, 2.0143e-02, 6.3754e-01, 2.5985e+00,
        5.9103e-02, 2.4500e-03, 7.9329e-02, 1.2508e-02, 7.1465e-02, 2.3957e-01,
        4.1895e-01, 9.1906e-03, 2.2762e-01, 7.0199e-02, 1.8907e-01, 2.4961e+00,
        2.3083e-03, 2.5443e+00])//
train_examples$112800$60000.0//
train_loss$122200$0.466239375//
train_individual_losses$122200$tensor([7.4382e-02, 7.5301e-02, 5.9278e-02, 2.8448e-02, 7.2317e-04, 1.0397e-02,
        1.7820e-01, 1.7437e-01, 6.6780e-02, 2.6647e+00, 1.8630e-04, 8.6055e-02,
        2.5317e+00, 2.7342e+00, 2.4109e-01, 2.5852e+00, 3.2342e-04, 8.0976e-02,
        7.1190e-02, 2.5597e-01, 4.4681e-02, 6.7436e-02, 8.0366e-02, 5.2468e-03,
        1.0905e-01, 3.6182e-01, 2.3735e-01, 6.3250e-02, 2.3773e-01, 2.3594e-01,
        2.2525e-01, 7.5322e-02, 4.5571e-02, 1.8260e-02, 6.3060e-01, 2.5874e+00,
        5.7059e-02, 2.2880e-03, 7.7962e-02, 1.1987e-02, 7.0788e-02, 2.1250e-01,
        4.0996e-01, 8.8508e-03, 2.2310e-01, 6.8391e-02, 1.8261e-01, 2.4995e+00,
        2.1638e-03, 2.5400e+00])//
train_examples$122200$60000.0//
train_loss$131600$0.460914//
train_individual_losses$131600$tensor([7.3693e-02, 7.3816e-02, 5.7609e-02, 2.2820e-02, 4.8804e-04, 9.5079e-03,
        1.7676e-01, 1.7481e-01, 6.5824e-02, 2.6555e+00, 1.7057e-04, 7.9667e-02,
        2.5284e+00, 2.7226e+00, 2.3915e-01, 2.5811e+00, 2.7373e-04, 8.0269e-02,
        3.4727e-02, 2.5236e-01, 3.3104e-02, 6.5428e-02, 7.9843e-02, 5.0903e-03,
        1.0420e-01, 3.3460e-01, 2.3485e-01, 6.2014e-02, 2.3345e-01, 2.3400e-01,
        2.2040e-01, 7.4591e-02, 3.8576e-02, 1.5845e-02, 6.2371e-01, 2.5774e+00,
        5.5655e-02, 2.0949e-03, 7.7092e-02, 1.1623e-02, 7.0231e-02, 2.0231e-01,
        3.9789e-01, 8.7984e-03, 1.8481e-01, 6.7766e-02, 1.7323e-01, 2.4938e+00,
        2.0928e-03, 2.5317e+00])//
train_examples$131600$60000.0//
train_loss$141000$0.457149125//
train_individual_losses$141000$tensor([7.4093e-02, 7.3294e-02, 5.8389e-02, 1.9503e-02, 3.1295e-04, 9.3289e-03,
        1.7591e-01, 1.7340e-01, 6.5590e-02, 2.6523e+00, 1.7510e-04, 7.6763e-02,
        2.5283e+00, 2.7158e+00, 2.3805e-01, 2.5825e+00, 2.8875e-04, 8.0472e-02,
        2.1443e-02, 2.4848e-01, 2.6741e-02, 6.4466e-02, 8.0143e-02, 4.8210e-03,
        1.0091e-01, 3.1591e-01, 2.3635e-01, 6.1058e-02, 2.3332e-01, 2.3474e-01,
        2.1504e-01, 7.5399e-02, 3.2237e-02, 1.4349e-02, 6.3021e-01, 2.5697e+00,
        5.4700e-02, 2.0605e-03, 7.6839e-02, 1.0973e-02, 6.9964e-02, 1.9758e-01,
        3.9246e-01, 8.1687e-03, 9.7829e-02, 6.8513e-02, 1.7097e-01, 2.4905e+00,
        2.0588e-03, 2.5250e+00])//
train_examples$141000$60000.0//
train_loss$150400$0.4542555//
train_individual_losses$150400$tensor([7.2670e-02, 7.2561e-02, 5.6887e-02, 1.7108e-02, 1.5688e-04, 8.8029e-03,
        1.7597e-01, 1.7404e-01, 6.4864e-02, 2.6460e+00, 1.5773e-04, 7.2810e-02,
        2.5207e+00, 2.7095e+00, 2.3693e-01, 2.5722e+00, 3.0977e-04, 7.9203e-02,
        1.6029e-02, 2.4644e-01, 2.3084e-02, 6.3383e-02, 7.8386e-02, 4.7603e-03,
        9.9150e-02, 3.0276e-01, 2.3369e-01, 5.9909e-02, 2.3113e-01, 2.3250e-01,
        2.1112e-01, 7.4460e-02, 3.0657e-02, 1.3092e-02, 6.1577e-01, 2.5657e+00,
        5.4157e-02, 2.0363e-03, 7.5831e-02, 1.0613e-02, 6.9157e-02, 1.9469e-01,
        3.7908e-01, 7.6187e-03, 8.7158e-02, 6.7161e-02, 1.6816e-01, 2.4940e+00,
        1.9191e-03, 2.5185e+00])//
train_examples$150400$60000.0//
train_loss$159800$0.45246733333333333//
train_individual_losses$159800$tensor([7.2992e-02, 7.3052e-02, 5.6976e-02, 1.5515e-02, 7.9643e-05, 8.5623e-03,
        1.7778e-01, 1.7227e-01, 6.5553e-02, 2.6402e+00, 2.1209e-04, 7.0858e-02,
        2.5225e+00, 2.7057e+00, 2.3569e-01, 2.5722e+00, 2.6356e-04, 7.9531e-02,
        1.4096e-02, 2.4420e-01, 2.0909e-02, 6.3447e-02, 7.8243e-02, 4.6823e-03,
        9.5870e-02, 2.9530e-01, 2.3246e-01, 5.9163e-02, 2.2706e-01, 2.3277e-01,
        2.0289e-01, 7.3996e-02, 2.6151e-02, 1.2993e-02, 6.0706e-01, 2.5606e+00,
        5.4866e-02, 2.0430e-03, 7.5906e-02, 1.0369e-02, 6.9068e-02, 1.9273e-01,
        3.6604e-01, 7.4665e-03, 8.2564e-02, 6.7172e-02, 1.6651e-01, 2.4889e+00,
        1.9346e-03, 2.5161e+00])//
train_examples$159800$60000.0//
train_loss$169200$0.450055125//
train_individual_losses$169200$tensor([7.1782e-02, 7.2074e-02, 5.6204e-02, 1.4171e-02, 4.5266e-05, 8.3249e-03,
        1.7402e-01, 1.7160e-01, 6.4544e-02, 2.6239e+00, 1.5346e-04, 6.8374e-02,
        2.5209e+00, 2.7031e+00, 2.3504e-01, 2.5754e+00, 2.7790e-04, 7.8598e-02,
        1.2906e-02, 2.4079e-01, 1.9157e-02, 6.1917e-02, 7.7562e-02, 4.5926e-03,
        9.3494e-02, 2.8631e-01, 2.3195e-01, 5.8951e-02, 2.2344e-01, 2.3169e-01,
        1.8951e-01, 7.4124e-02, 2.2060e-02, 1.1843e-02, 6.0109e-01, 2.5549e+00,
        5.3652e-02, 2.0263e-03, 7.5332e-02, 1.0074e-02, 6.8048e-02, 1.8854e-01,
        3.5028e-01, 7.0889e-03, 7.9684e-02, 6.7041e-02, 1.6485e-01, 2.4901e+00,
        1.8845e-03, 2.5093e+00])//
train_examples$169200$60000.0//
train_loss$178600$0.448041125//
train_individual_losses$178600$tensor([7.1166e-02, 7.1757e-02, 5.5956e-02, 1.3129e-02, 2.1415e-05, 8.2303e-03,
        1.7411e-01, 1.7293e-01, 6.3778e-02, 2.6134e+00, 1.7141e-04, 6.6951e-02,
        2.5224e+00, 2.7023e+00, 2.3410e-01, 2.5686e+00, 2.1133e-04, 7.8155e-02,
        1.2947e-02, 2.3871e-01, 1.8060e-02, 6.1238e-02, 7.6931e-02, 4.6500e-03,
        9.1605e-02, 2.8220e-01, 2.3359e-01, 5.8366e-02, 2.1657e-01, 2.3174e-01,
        1.8397e-01, 7.3976e-02, 1.8832e-02, 1.2228e-02, 5.9293e-01, 2.5484e+00,
        5.3430e-02, 1.9960e-03, 7.4980e-02, 9.8388e-03, 6.7442e-02, 1.7490e-01,
        3.2861e-01, 7.0464e-03, 7.7843e-02, 6.6584e-02, 1.6411e-01, 2.4903e+00,
        1.8935e-03, 2.5088e+00])//
train_examples$178600$60000.0//
train_loss$188000$0.44532779166666664//
train_individual_losses$188000$tensor([7.1471e-02, 7.1911e-02, 5.6188e-02, 1.2265e-02, 1.9432e-05, 8.1372e-03,
        1.7310e-01, 1.7102e-01, 6.3757e-02, 2.6078e+00, 1.4481e-04, 6.6053e-02,
        2.5148e+00, 2.7011e+00, 2.3340e-01, 2.5664e+00, 1.7043e-04, 7.8576e-02,
        1.1682e-02, 2.3308e-01, 1.7002e-02, 6.0672e-02, 7.7889e-02, 4.5057e-03,
        8.8804e-02, 2.7837e-01, 2.3026e-01, 5.7573e-02, 1.9910e-01, 2.3156e-01,
        1.8170e-01, 7.3717e-02, 1.4984e-02, 1.0649e-02, 5.8525e-01, 2.5451e+00,
        5.3291e-02, 2.0438e-03, 7.4867e-02, 9.5569e-03, 6.7235e-02, 1.6895e-01,
        2.8454e-01, 7.0004e-03, 7.6561e-02, 6.7126e-02, 1.6179e-01, 2.4911e+00,
        1.8217e-03, 2.5024e+00])//
train_examples$188000$60000.0//
train_loss$197400$0.4428493333333333//
train_individual_losses$197400$tensor([7.0448e-02, 7.1673e-02, 5.5742e-02, 1.1686e-02, 8.4068e-06, 8.1628e-03,
        1.7463e-01, 1.7065e-01, 6.3409e-02, 2.6011e+00, 1.4609e-04, 6.5434e-02,
        2.5142e+00, 2.6989e+00, 2.3266e-01, 2.5621e+00, 1.6069e-04, 7.7801e-02,
        1.1112e-02, 2.2948e-01, 1.6140e-02, 5.9788e-02, 7.6625e-02, 4.4643e-03,
        8.4370e-02, 2.7648e-01, 2.2957e-01, 5.6934e-02, 1.4492e-01, 2.3101e-01,
        1.7839e-01, 7.5418e-02, 1.2114e-02, 1.0241e-02, 5.8194e-01, 2.5417e+00,
        5.3113e-02, 2.0387e-03, 7.4567e-02, 9.4659e-03, 6.6696e-02, 1.6876e-01,
        2.6818e-01, 7.3392e-03, 7.5180e-02, 6.6799e-02, 1.6095e-01, 2.4866e+00,
        1.6898e-03, 2.5015e+00])//
train_examples$197400$60000.0//
train_loss$206800$0.438677875//
train_individual_losses$206800$tensor([6.9613e-02, 7.1286e-02, 5.6266e-02, 1.0954e-02, 7.6064e-06, 8.0768e-03,
        1.7309e-01, 1.7102e-01, 6.3183e-02, 2.5977e+00, 1.7575e-04, 6.5442e-02,
        2.5129e+00, 2.6986e+00, 2.3237e-01, 2.5592e+00, 2.9294e-04, 7.7470e-02,
        1.0844e-02, 2.2590e-01, 1.5542e-02, 5.9616e-02, 7.5955e-02, 4.4554e-03,
        8.1181e-02, 2.7454e-01, 2.3038e-01, 5.7496e-02, 1.0577e-01, 2.3147e-01,
        5.7048e-02, 7.3558e-02, 9.5684e-03, 1.0005e-02, 5.7839e-01, 2.5397e+00,
        5.3366e-02, 1.9871e-03, 7.4573e-02, 9.1307e-03, 6.7064e-02, 1.6710e-01,
        2.6193e-01, 6.3796e-03, 7.4564e-02, 6.6371e-02, 1.5803e-01, 2.4845e+00,
        1.6537e-03, 2.4983e+00])//
train_examples$206800$60000.0//
train_loss$216200$0.4370735416666667//
train_individual_losses$216200$tensor([6.9484e-02, 7.1257e-02, 5.5876e-02, 1.0780e-02, 3.5004e-05, 8.6606e-03,
        1.7382e-01, 1.7122e-01, 6.2942e-02, 2.5929e+00, 1.5605e-04, 6.2917e-02,
        2.5089e+00, 2.6971e+00, 2.3183e-01, 2.5607e+00, 1.5600e-04, 7.7825e-02,
        1.0664e-02, 2.2465e-01, 1.4930e-02, 5.8336e-02, 7.6510e-02, 4.4401e-03,
        7.6892e-02, 2.7359e-01, 2.2813e-01, 5.6597e-02, 9.1749e-02, 2.3157e-01,
        5.3537e-02, 7.4088e-02, 7.4403e-03, 9.7708e-03, 5.6772e-01, 2.5384e+00,
        5.3021e-02, 2.0008e-03, 7.4442e-02, 9.2513e-03, 6.5602e-02, 1.6620e-01,
        2.5700e-01, 6.3854e-03, 7.4336e-02, 6.7415e-02, 1.3898e-01, 2.4848e+00,
        1.5160e-03, 2.4973e+00])//
train_examples$216200$60000.0//
train_loss$225600$0.4343930833333333//
train_individual_losses$225600$tensor([6.8848e-02, 6.9744e-02, 5.5387e-02, 1.0077e-02, 6.0440e-06, 8.0579e-03,
        1.7186e-01, 1.7240e-01, 6.2875e-02, 2.5913e+00, 1.3274e-04, 6.2562e-02,
        2.5119e+00, 2.6966e+00, 2.3062e-01, 2.5690e+00, 1.4351e-04, 7.7259e-02,
        1.0384e-02, 2.2471e-01, 1.4582e-02, 5.7243e-02, 7.6075e-02, 4.3698e-03,
        7.6122e-02, 2.7138e-01, 2.2840e-01, 5.7983e-02, 8.1971e-02, 2.3102e-01,
        4.2451e-02, 7.3795e-02, 5.7620e-03, 9.8368e-03, 5.6453e-01, 2.5344e+00,
        5.3938e-02, 2.0280e-03, 7.4032e-02, 8.9591e-03, 6.6675e-02, 1.6638e-01,
        2.6080e-01, 6.3075e-03, 7.4347e-02, 6.6954e-02, 3.2904e-02, 2.4835e+00,
        1.2558e-03, 2.4978e+00])//
train_examples$225600$60000.0//
train_loss$235000$0.43308129166666665//
train_individual_losses$235000$tensor([6.8319e-02, 7.0076e-02, 5.5305e-02, 9.6774e-03, 6.2412e-06, 8.8405e-03,
        1.7143e-01, 1.7151e-01, 6.3152e-02, 2.5924e+00, 1.2959e-04, 6.1187e-02,
        2.5178e+00, 2.6990e+00, 2.2748e-01, 2.5610e+00, 1.5724e-04, 7.7583e-02,
        1.0611e-02, 2.2306e-01, 1.4041e-02, 5.6323e-02, 7.5774e-02, 4.3769e-03,
        6.8362e-02, 2.6902e-01, 2.2697e-01, 5.6749e-02, 7.8366e-02, 2.3012e-01,
        3.6739e-02, 7.4035e-02, 4.6465e-03, 9.3347e-03, 5.5208e-01, 2.5346e+00,
        5.3286e-02, 1.9794e-03, 7.4308e-02, 8.7200e-03, 6.5305e-02, 1.6449e-01,
        2.5137e-01, 6.3938e-03, 7.2697e-02, 6.6956e-02, 2.4230e-02, 2.4845e+00,
        7.6988e-04, 2.4988e+00])//
train_examples$235000$60000.0//
train_loss$244400$0.4321539583333333//
train_individual_losses$244400$tensor([6.7603e-02, 6.8911e-02, 5.4609e-02, 9.4121e-03, 5.1612e-06, 8.0640e-03,
        1.7023e-01, 1.7199e-01, 6.2772e-02, 2.5901e+00, 1.1864e-04, 6.1512e-02,
        2.5237e+00, 2.6972e+00, 2.2635e-01, 2.5574e+00, 1.2836e-04, 7.6818e-02,
        1.0035e-02, 2.2249e-01, 1.3758e-02, 5.5265e-02, 7.5288e-02, 4.3327e-03,
        6.3505e-02, 2.6760e-01, 2.2872e-01, 5.5411e-02, 7.5808e-02, 2.2918e-01,
        3.0792e-02, 7.3756e-02, 3.7177e-03, 9.7296e-03, 5.3803e-01, 2.5342e+00,
        5.2935e-02, 2.0399e-03, 7.3852e-02, 8.6454e-03, 6.4783e-02, 1.6383e-01,
        2.5032e-01, 6.0815e-03, 7.2265e-02, 6.6193e-02, 1.9787e-02, 2.4874e+00,
        2.6732e-04, 2.5009e+00])//
train_examples$244400$60000.0//
train_loss$253800$0.4305415416666667//
train_individual_losses$253800$tensor([6.7128e-02, 6.8919e-02, 5.5129e-02, 9.2376e-03, 1.0129e-05, 8.0441e-03,
        1.7129e-01, 1.7083e-01, 6.2124e-02, 2.5884e+00, 1.3607e-04, 5.8694e-02,
        2.5054e+00, 2.6954e+00, 2.2662e-01, 2.5524e+00, 1.2829e-04, 7.7626e-02,
        9.9743e-03, 2.2238e-01, 1.3427e-02, 5.4676e-02, 7.5397e-02, 4.3681e-03,
        5.7770e-02, 2.6853e-01, 2.2503e-01, 5.5862e-02, 7.1528e-02, 2.3013e-01,
        2.5305e-02, 7.3977e-02, 3.2159e-03, 9.1844e-03, 5.2841e-01, 2.5305e+00,
        5.2385e-02, 2.0239e-03, 7.3800e-02, 8.5812e-03, 6.4424e-02, 1.6522e-01,
        2.4673e-01, 6.0249e-03, 7.2057e-02, 6.6426e-02, 1.6703e-02, 2.4838e+00,
        2.4924e-04, 2.4915e+00])//
train_examples$253800$60000.0//
train_loss$263200$0.42986425//
train_individual_losses$263200$tensor([6.6952e-02, 6.8667e-02, 5.4661e-02, 9.0405e-03, 4.0358e-06, 7.9257e-03,
        1.7004e-01, 1.6956e-01, 6.2354e-02, 2.5836e+00, 1.2703e-04, 5.7521e-02,
        2.5058e+00, 2.6948e+00, 2.2537e-01, 2.5610e+00, 1.2224e-04, 7.6822e-02,
        9.7375e-03, 2.2173e-01, 1.3013e-02, 5.4213e-02, 7.5604e-02, 4.3544e-03,
        5.2660e-02, 2.6662e-01, 2.2417e-01, 5.5745e-02, 7.1227e-02, 2.2892e-01,
        2.0475e-02, 7.3587e-02, 2.6775e-03, 8.9923e-03, 5.1916e-01, 2.5286e+00,
        5.3599e-02, 2.0020e-03, 7.4186e-02, 8.4263e-03, 6.4694e-02, 1.6329e-01,
        2.4688e-01, 6.0009e-03, 7.0685e-02, 6.6214e-02, 1.4654e-02, 2.4838e+00,
        4.3290e-05, 2.4928e+00])//
train_examples$263200$60000.0//
train_loss$272600$0.428807625//
train_individual_losses$272600$tensor([6.6614e-02, 6.8486e-02, 5.4043e-02, 8.8181e-03, 2.3309e-04, 8.0339e-03,
        1.7044e-01, 1.6879e-01, 6.1986e-02, 2.5811e+00, 1.3564e-04, 5.6068e-02,
        2.5030e+00, 2.6952e+00, 2.2549e-01, 2.5518e+00, 1.5621e-04, 7.6420e-02,
        9.6515e-03, 2.2147e-01, 1.2579e-02, 5.3296e-02, 7.4935e-02, 4.2884e-03,
        4.7236e-02, 2.6712e-01, 2.2363e-01, 5.6169e-02, 6.8345e-02, 2.2929e-01,
        1.6562e-02, 7.3550e-02, 2.3340e-03, 9.7001e-03, 5.0973e-01, 2.5293e+00,
        5.2254e-02, 2.0290e-03, 7.3609e-02, 8.3508e-03, 6.4416e-02, 1.6343e-01,
        2.4206e-01, 6.3489e-03, 7.0785e-02, 6.6045e-02, 1.3573e-02, 2.4824e+00,
        8.0869e-05, 2.4889e+00])//
train_examples$272600$60000.0//
train_loss$282000$0.4287395//
train_individual_losses$282000$tensor([6.6959e-02, 6.9039e-02, 5.4508e-02, 8.8293e-03, 3.2825e-06, 7.9177e-03,
        1.7033e-01, 1.6856e-01, 6.2252e-02, 2.5828e+00, 1.2049e-04, 5.4814e-02,
        2.5023e+00, 2.6961e+00, 2.2531e-01, 2.5495e+00, 1.1933e-04, 7.7082e-02,
        9.6373e-03, 2.2172e-01, 1.2293e-02, 5.2940e-02, 7.5478e-02, 4.3601e-03,
        4.3274e-02, 2.6996e-01, 2.2413e-01, 5.5586e-02, 6.8858e-02, 2.3239e-01,
        1.3730e-02, 7.6498e-02, 2.0978e-03, 9.1648e-03, 4.9466e-01, 2.5309e+00,
        5.2180e-02, 1.9818e-03, 7.3918e-02, 8.4135e-03, 6.4237e-02, 1.6473e-01,
        2.4225e-01, 7.2938e-03, 7.1936e-02, 6.7823e-02, 1.2573e-02, 2.4862e+00,
        1.4693e-04, 2.4891e+00])//
train_examples$282000$60000.0//
train_loss$291400$0.42783316666666665//
train_individual_losses$291400$tensor([6.6005e-02, 6.8426e-02, 5.3867e-02, 8.7367e-03, 1.5262e-05, 8.0483e-03,
        1.6876e-01, 1.6976e-01, 6.1572e-02, 2.5822e+00, 1.2381e-04, 5.2846e-02,
        2.5068e+00, 2.6950e+00, 2.2430e-01, 2.5614e+00, 1.0988e-04, 7.7562e-02,
        9.3640e-03, 2.2024e-01, 1.1998e-02, 5.1844e-02, 7.4741e-02, 4.5394e-03,
        3.7666e-02, 2.6500e-01, 2.2182e-01, 5.4770e-02, 6.6585e-02, 2.2859e-01,
        1.2060e-02, 7.5392e-02, 1.5170e-03, 8.8534e-03, 4.8143e-01, 2.5298e+00,
        5.2276e-02, 1.9642e-03, 7.3598e-02, 8.3009e-03, 6.4206e-02, 1.6228e-01,
        2.4262e-01, 5.9945e-03, 7.0329e-02, 6.6308e-02, 1.1745e-02, 2.4795e+00,
        1.2234e-04, 2.4907e+00])//
train_examples$291400$60000.0//
train_loss$300800$0.426720125//
train_individual_losses$300800$tensor([6.6168e-02, 6.8129e-02, 5.4199e-02, 8.5954e-03, 3.4415e-06, 8.1624e-03,
        1.6911e-01, 1.6834e-01, 6.1932e-02, 2.5782e+00, 1.8650e-04, 5.0485e-02,
        2.5001e+00, 2.6943e+00, 2.2509e-01, 2.5474e+00, 1.0860e-04, 7.6386e-02,
        9.3714e-03, 2.2031e-01, 1.1752e-02, 5.1205e-02, 7.4951e-02, 4.2992e-03,
        3.1264e-02, 2.6530e-01, 2.2193e-01, 5.4843e-02, 6.5001e-02, 2.2992e-01,
        1.0259e-02, 7.4973e-02, 8.0226e-04, 8.7806e-03, 4.6848e-01, 2.5280e+00,
        5.2427e-02, 2.0104e-03, 7.3597e-02, 8.3575e-03, 6.4057e-02, 1.6256e-01,
        2.3707e-01, 6.1096e-03, 7.0537e-02, 6.6828e-02, 1.1222e-02, 2.4850e+00,
        4.7183e-05, 2.4879e+00])//
train_examples$300800$60000.0//
train_loss$310200$0.42636029166666667//
train_individual_losses$310200$tensor([6.6152e-02, 6.7740e-02, 5.3235e-02, 8.4100e-03, 2.9810e-06, 7.9282e-03,
        1.6858e-01, 1.6945e-01, 6.2362e-02, 2.5754e+00, 1.4247e-04, 4.8768e-02,
        2.5123e+00, 2.6947e+00, 2.2452e-01, 2.5515e+00, 1.1133e-04, 7.6202e-02,
        9.1688e-03, 2.1973e-01, 1.1508e-02, 4.9367e-02, 7.4589e-02, 4.5928e-03,
        2.8011e-02, 2.6440e-01, 2.2106e-01, 5.4339e-02, 6.4138e-02, 2.2839e-01,
        1.0660e-02, 7.3508e-02, 3.1463e-04, 8.8405e-03, 4.5677e-01, 2.5295e+00,
        5.1633e-02, 2.0544e-03, 7.3326e-02, 8.1005e-03, 6.4850e-02, 1.6215e-01,
        2.3590e-01, 5.7015e-03, 6.9650e-02, 6.5836e-02, 1.0514e-02, 2.4811e+00,
        3.8557e-05, 2.4907e+00])//
train_examples$310200$60000.0//
train_loss$319600$0.42575745833333334//
train_individual_losses$319600$tensor([6.6044e-02, 6.8298e-02, 5.4431e-02, 8.3224e-03, 1.0154e-05, 7.9568e-03,
        1.6948e-01, 1.6753e-01, 6.2401e-02, 2.5766e+00, 1.0525e-04, 4.7562e-02,
        2.5049e+00, 2.6942e+00, 2.2526e-01, 2.5435e+00, 1.0548e-04, 7.6569e-02,
        9.1599e-03, 2.1969e-01, 1.1317e-02, 5.0180e-02, 7.5710e-02, 4.3237e-03,
        2.4528e-02, 2.6521e-01, 2.1960e-01, 5.4600e-02, 6.3332e-02, 2.2928e-01,
        8.3587e-03, 7.4972e-02, 1.3551e-04, 8.5599e-03, 4.4780e-01, 2.5291e+00,
        5.1942e-02, 2.0551e-03, 7.4065e-02, 8.2174e-03, 6.4895e-02, 1.6130e-01,
        2.3543e-01, 5.7046e-03, 7.0156e-02, 6.6842e-02, 1.0257e-02, 2.4815e+00,
        8.9528e-05, 2.4864e+00])//
train_examples$319600$60000.0//
train_loss$329000$0.42486583333333333//
train_individual_losses$329000$tensor([6.5446e-02, 6.7498e-02, 5.3403e-02, 8.3175e-03, 3.3850e-06, 8.1167e-03,
        1.6783e-01, 1.6750e-01, 6.1268e-02, 2.5754e+00, 1.3313e-04, 4.6007e-02,
        2.4989e+00, 2.6933e+00, 2.2351e-01, 2.5490e+00, 1.1472e-04, 7.6217e-02,
        9.1353e-03, 2.1854e-01, 1.0984e-02, 4.8271e-02, 7.4349e-02, 4.2763e-03,
        2.1869e-02, 2.6409e-01, 2.1805e-01, 5.4112e-02, 6.2735e-02, 2.2765e-01,
        7.8592e-03, 7.4143e-02, 3.0696e-04, 8.6868e-03, 4.3647e-01, 2.5287e+00,
        5.1880e-02, 2.0091e-03, 7.3390e-02, 8.1862e-03, 6.3788e-02, 1.6085e-01,
        2.3391e-01, 5.8457e-03, 6.9380e-02, 6.6094e-02, 9.8590e-03, 2.4798e+00,
        6.1376e-05, 2.4860e+00])//
train_examples$329000$60000.0//
train_loss$338400$0.42433983333333336//
train_individual_losses$338400$tensor([6.5291e-02, 6.7098e-02, 5.3153e-02, 8.2128e-03, 1.5012e-05, 7.9143e-03,
        1.6767e-01, 1.6910e-01, 6.1062e-02, 2.5726e+00, 1.0293e-04, 4.5594e-02,
        2.4974e+00, 2.6933e+00, 2.2378e-01, 2.5460e+00, 1.0936e-04, 7.5745e-02,
        9.0003e-03, 2.1936e-01, 1.0629e-02, 4.6065e-02, 7.4449e-02, 4.3236e-03,
        1.9370e-02, 2.6410e-01, 2.1747e-01, 5.4057e-02, 6.1585e-02, 2.2828e-01,
        7.2632e-03, 7.4015e-02, 1.0895e-04, 8.4415e-03, 4.3119e-01, 2.5272e+00,
        5.2702e-02, 2.1880e-03, 7.3135e-02, 8.0641e-03, 6.4315e-02, 1.6013e-01,
        2.3186e-01, 5.7214e-03, 6.9845e-02, 6.6002e-02, 9.5888e-03, 2.4780e+00,
        3.6167e-05, 2.4843e+00])//
train_examples$338400$60000.0//
train_loss$347800$0.424463125//
train_individual_losses$347800$tensor([6.5333e-02, 6.6980e-02, 5.2490e-02, 8.2170e-03, 7.2226e-05, 7.9658e-03,
        1.6739e-01, 1.6770e-01, 6.1020e-02, 2.5774e+00, 9.7557e-05, 4.1932e-02,
        2.5049e+00, 2.6936e+00, 2.2338e-01, 2.5530e+00, 9.5226e-05, 7.5935e-02,
        8.9215e-03, 2.1832e-01, 1.0275e-02, 4.4962e-02, 7.4395e-02, 4.2894e-03,
        1.8518e-02, 2.6384e-01, 2.1582e-01, 5.4125e-02, 6.2622e-02, 2.2777e-01,
        7.0786e-03, 7.3170e-02, 1.2855e-04, 8.3578e-03, 4.2444e-01, 2.5260e+00,
        5.1907e-02, 1.9574e-03, 7.3173e-02, 8.0369e-03, 6.3989e-02, 1.5946e-01,
        2.3571e-01, 5.7639e-03, 6.9210e-02, 6.5746e-02, 9.6466e-03, 2.4796e+00,
        3.8735e-05, 2.4883e+00])//
train_examples$347800$60000.0//
train_loss$357200$0.4239711666666667//
train_individual_losses$357200$tensor([6.5829e-02, 6.7051e-02, 5.2519e-02, 8.1204e-03, 1.5067e-05, 7.8646e-03,
        1.7073e-01, 1.6657e-01, 6.1237e-02, 2.5780e+00, 1.4977e-04, 4.1003e-02,
        2.4964e+00, 2.6940e+00, 2.2497e-01, 2.5401e+00, 1.0678e-04, 7.5742e-02,
        8.9692e-03, 2.1882e-01, 9.8333e-03, 4.4257e-02, 7.4535e-02, 4.2869e-03,
        1.6421e-02, 2.6645e-01, 2.1538e-01, 5.4258e-02, 6.0636e-02, 2.3000e-01,
        6.9237e-03, 7.4059e-02, 9.5726e-05, 8.4981e-03, 4.1719e-01, 2.5265e+00,
        5.2372e-02, 1.9988e-03, 7.3271e-02, 7.9291e-03, 6.3820e-02, 1.6086e-01,
        2.3080e-01, 5.6512e-03, 6.9094e-02, 6.6036e-02, 9.2485e-03, 2.4874e+00,
        4.2943e-05, 2.4825e+00])//
train_examples$357200$60000.0//
train_loss$366600$0.4239434166666667//
train_individual_losses$366600$tensor([6.5607e-02, 6.8162e-02, 5.3600e-02, 8.1660e-03, 2.9929e-06, 7.9747e-03,
        1.6750e-01, 1.6746e-01, 6.1997e-02, 2.5702e+00, 9.7266e-05, 4.0631e-02,
        2.4917e+00, 2.6937e+00, 2.2647e-01, 2.5338e+00, 1.0267e-04, 7.7125e-02,
        8.7753e-03, 2.1743e-01, 9.4301e-03, 4.3482e-02, 7.6911e-02, 4.3833e-03,
        1.6235e-02, 2.6427e-01, 2.1288e-01, 5.4351e-02, 6.2891e-02, 2.3136e-01,
        6.7813e-03, 7.4777e-02, 1.0545e-04, 8.8744e-03, 4.1382e-01, 2.5293e+00,
        5.2256e-02, 1.9777e-03, 7.3561e-02, 7.9764e-03, 6.9439e-02, 1.6205e-01,
        2.3270e-01, 5.6022e-03, 7.1619e-02, 6.7311e-02, 9.1448e-03, 2.4909e+00,
        2.5722e-05, 2.4824e+00])//
train_examples$366600$60000.0//
train_loss$376000$0.4227424166666667//
train_individual_losses$376000$tensor([6.5188e-02, 6.6689e-02, 5.1991e-02, 8.1030e-03, 3.4884e-06, 7.8754e-03,
        1.6728e-01, 1.6982e-01, 6.1224e-02, 2.5703e+00, 9.1420e-05, 3.9385e-02,
        2.4895e+00, 2.6928e+00, 2.2355e-01, 2.5340e+00, 2.0245e-04, 7.5455e-02,
        8.7204e-03, 2.1704e-01, 9.0191e-03, 4.2948e-02, 7.4373e-02, 4.3538e-03,
        1.4290e-02, 2.6316e-01, 2.1038e-01, 5.3695e-02, 6.0492e-02, 2.2798e-01,
        6.9311e-03, 7.3258e-02, 2.1136e-04, 8.4236e-03, 4.0970e-01, 2.5276e+00,
        5.2081e-02, 1.9824e-03, 7.3070e-02, 7.9090e-03, 6.3725e-02, 1.5803e-01,
        2.2848e-01, 5.5113e-03, 6.9062e-02, 6.6107e-02, 9.0510e-03, 2.4838e+00,
        2.5810e-05, 2.4822e+00])//
train_examples$376000$60000.0//
train_loss$385400$0.422317875//
train_individual_losses$385400$tensor([6.5388e-02, 6.6737e-02, 5.1789e-02, 8.1026e-03, 2.9830e-06, 7.9610e-03,
        1.6674e-01, 1.6775e-01, 6.1177e-02, 2.5712e+00, 1.1372e-04, 3.9101e-02,
        2.4891e+00, 2.6921e+00, 2.2328e-01, 2.5278e+00, 1.1945e-04, 7.5622e-02,
        8.7127e-03, 2.1692e-01, 8.6235e-03, 4.2068e-02, 7.4400e-02, 4.4620e-03,
        1.5644e-02, 2.6314e-01, 2.0938e-01, 5.3618e-02, 6.0295e-02, 2.2756e-01,
        6.7286e-03, 7.3360e-02, 2.7018e-04, 8.3729e-03, 4.0460e-01, 2.5258e+00,
        5.1589e-02, 1.9764e-03, 7.3128e-02, 7.9111e-03, 6.3731e-02, 1.5818e-01,
        2.3159e-01, 5.5713e-03, 6.8933e-02, 6.6076e-02, 9.0077e-03, 2.4773e+00,
        2.0946e-04, 2.4827e+00])//
train_examples$385400$60000.0//
train_loss$394800$0.42212104166666664//
train_individual_losses$394800$tensor([6.4885e-02, 6.7062e-02, 5.1845e-02, 8.0335e-03, 1.3395e-05, 7.8553e-03,
        1.6674e-01, 1.7087e-01, 6.0763e-02, 2.5681e+00, 8.8965e-05, 3.8432e-02,
        2.4901e+00, 2.6922e+00, 2.2306e-01, 2.5252e+00, 1.6772e-04, 7.5692e-02,
        8.5571e-03, 2.1678e-01, 8.2916e-03, 4.1905e-02, 7.5196e-02, 4.3120e-03,
        1.4231e-02, 2.6440e-01, 2.0683e-01, 5.3411e-02, 6.0858e-02, 2.2832e-01,
        6.6484e-03, 7.3785e-02, 8.0941e-05, 1.0071e-02, 3.9744e-01, 2.5250e+00,
        5.2164e-02, 1.9588e-03, 7.3422e-02, 7.9269e-03, 6.3800e-02, 1.5793e-01,
        2.3028e-01, 5.6071e-03, 6.8820e-02, 6.6541e-02, 9.0014e-03, 2.4812e+00,
        1.8692e-04, 2.4799e+00])//
train_examples$394800$60000.0//
train_loss$404200$0.4219288333333333//
train_individual_losses$404200$tensor([6.4538e-02, 6.6546e-02, 4.9511e-02, 8.0733e-03, 4.6728e-06, 8.3703e-03,
        1.6661e-01, 1.6571e-01, 6.0530e-02, 2.5660e+00, 1.0430e-04, 3.8006e-02,
        2.5006e+00, 2.6927e+00, 2.2351e-01, 2.5240e+00, 8.7308e-05, 7.5059e-02,
        8.5946e-03, 2.1770e-01, 7.9883e-03, 4.1272e-02, 7.4081e-02, 4.2676e-03,
        1.2355e-02, 2.6331e-01, 2.0480e-01, 5.3801e-02, 5.9182e-02, 2.2728e-01,
        6.6331e-03, 7.3042e-02, 8.1782e-05, 8.4415e-03, 3.9199e-01, 2.5265e+00,
        5.2317e-02, 2.1073e-03, 7.2899e-02, 7.8753e-03, 6.4078e-02, 1.5806e-01,
        2.2877e-01, 5.4339e-03, 6.8480e-02, 6.5687e-02, 8.9468e-03, 2.4855e+00,
        1.8178e-05, 2.4850e+00])//
train_examples$404200$60000.0//
train_loss$413600$0.4210220416666667//
train_individual_losses$413600$tensor([6.5599e-02, 6.7369e-02, 4.7240e-02, 8.0260e-03, 5.1089e-06, 8.1807e-03,
        1.6599e-01, 1.6543e-01, 6.0660e-02, 2.5656e+00, 8.4965e-05, 3.7606e-02,
        2.4842e+00, 2.6916e+00, 2.2337e-01, 2.5142e+00, 8.2977e-05, 7.6386e-02,
        8.3713e-03, 2.1636e-01, 7.7286e-03, 4.1379e-02, 7.5445e-02, 4.2527e-03,
        1.2684e-02, 2.6392e-01, 2.0079e-01, 5.3264e-02, 5.9387e-02, 2.2774e-01,
        6.5218e-03, 7.4437e-02, 8.4007e-05, 8.5463e-03, 3.8736e-01, 2.5301e+00,
        5.1841e-02, 1.9590e-03, 7.4095e-02, 7.7936e-03, 6.3826e-02, 1.5667e-01,
        2.2723e-01, 5.3756e-03, 6.9480e-02, 6.6536e-02, 8.8613e-03, 2.4800e+00,
        1.5824e-05, 2.4773e+00])//
train_examples$413600$60000.0//
train_loss$423000$0.42054291666666666//
train_individual_losses$423000$tensor([6.4826e-02, 6.6493e-02, 4.4584e-02, 7.9680e-03, 1.3402e-05, 7.8116e-03,
        1.6525e-01, 1.6607e-01, 6.0520e-02, 2.5650e+00, 8.6749e-05, 3.7356e-02,
        2.4872e+00, 2.6935e+00, 2.2207e-01, 2.5155e+00, 1.0239e-04, 7.5328e-02,
        8.2754e-03, 2.1531e-01, 7.4922e-03, 4.0377e-02, 7.4203e-02, 4.3068e-03,
        1.1924e-02, 2.6272e-01, 1.9631e-01, 5.3293e-02, 5.9017e-02, 2.2772e-01,
        6.5322e-03, 7.3599e-02, 1.0598e-04, 8.3947e-03, 3.8238e-01, 2.5258e+00,
        5.1573e-02, 1.9637e-03, 7.3009e-02, 7.8212e-03, 6.4953e-02, 1.5577e-01,
        2.2781e-01, 5.4314e-03, 6.8534e-02, 6.5979e-02, 8.8126e-03, 2.4777e+00,
        2.0509e-05, 2.4803e+00])//
train_examples$423000$60000.0//
train_loss$432400$0.42006775//
train_individual_losses$432400$tensor([6.4789e-02, 6.6368e-02, 4.2527e-02, 8.0378e-03, 5.2313e-06, 7.8229e-03,
        1.6554e-01, 1.6642e-01, 6.0151e-02, 2.5669e+00, 8.3312e-05, 3.7153e-02,
        2.4847e+00, 2.6916e+00, 2.2167e-01, 2.5134e+00, 9.0764e-05, 7.5036e-02,
        8.3111e-03, 2.1503e-01, 7.4266e-03, 3.9880e-02, 7.4070e-02, 4.2618e-03,
        1.1665e-02, 2.6197e-01, 1.8988e-01, 5.3156e-02, 5.9065e-02, 2.2744e-01,
        6.5474e-03, 7.2968e-02, 1.3611e-04, 8.3604e-03, 3.7931e-01, 2.5274e+00,
        5.1472e-02, 2.0706e-03, 7.2834e-02, 7.7951e-03, 6.4066e-02, 1.5550e-01,
        2.2602e-01, 5.3932e-03, 6.8326e-02, 6.5669e-02, 8.9124e-03, 2.4793e+00,
        1.3675e-05, 2.4769e+00])//
train_examples$432400$60000.0//
train_loss$441800$0.41993495833333333//
train_individual_losses$441800$tensor([6.5353e-02, 6.6501e-02, 4.1087e-02, 8.0674e-03, 7.4182e-06, 7.8726e-03,
        1.6468e-01, 1.6636e-01, 6.0389e-02, 2.5705e+00, 8.7749e-05, 3.6711e-02,
        2.4838e+00, 2.6917e+00, 2.2173e-01, 2.5130e+00, 8.3860e-05, 7.5339e-02,
        8.2158e-03, 2.1470e-01, 7.2280e-03, 3.9299e-02, 7.4175e-02, 4.2884e-03,
        1.1850e-02, 2.6241e-01, 1.8399e-01, 5.2921e-02, 5.8399e-02, 2.2694e-01,
        6.4207e-03, 7.3427e-02, 9.1158e-05, 8.4504e-03, 3.7347e-01, 2.5278e+00,
        5.1387e-02, 1.9981e-03, 7.2964e-02, 7.7064e-03, 6.4602e-02, 1.5575e-01,
        2.2762e-01, 5.2328e-03, 6.8552e-02, 6.5780e-02, 8.9258e-03, 2.4810e+00,
        1.8915e-05, 2.4779e+00])//
train_examples$441800$60000.0//
train_loss$451200$0.4189845833333333//
train_individual_losses$451200$tensor([6.4500e-02, 6.6457e-02, 3.9342e-02, 8.0107e-03, 3.5420e-06, 8.3767e-03,
        1.6439e-01, 1.6523e-01, 6.0528e-02, 2.5650e+00, 9.0097e-05, 3.7143e-02,
        2.4820e+00, 2.6912e+00, 2.2179e-01, 2.5063e+00, 8.3095e-05, 7.5056e-02,
        8.4154e-03, 2.1469e-01, 7.1947e-03, 3.9265e-02, 7.4235e-02, 4.3924e-03,
        1.1198e-02, 2.6203e-01, 1.7320e-01, 5.3212e-02, 5.7945e-02, 2.2655e-01,
        6.5310e-03, 7.3218e-02, 1.6986e-04, 8.8866e-03, 3.6759e-01, 2.5250e+00,
        5.1424e-02, 2.0008e-03, 7.2990e-02, 7.7667e-03, 6.3791e-02, 1.5442e-01,
        2.2686e-01, 5.4836e-03, 6.8512e-02, 6.5953e-02, 8.8287e-03, 2.4771e+00,
        3.2926e-05, 2.4748e+00])//
train_examples$451200$60000.0//
train_loss$460600$0.41821708333333335//
train_individual_losses$460600$tensor([6.5432e-02, 6.6548e-02, 3.7917e-02, 7.9518e-03, 2.6643e-05, 7.9612e-03,
        1.6467e-01, 1.6599e-01, 6.0131e-02, 2.5635e+00, 9.5717e-05, 3.6495e-02,
        2.4820e+00, 2.6913e+00, 2.2237e-01, 2.5081e+00, 1.8146e-04, 7.5766e-02,
        8.7631e-03, 2.1479e-01, 7.1109e-03, 3.8752e-02, 7.4704e-02, 4.3216e-03,
        1.0040e-02, 2.6225e-01, 1.3973e-01, 5.3261e-02, 6.0258e-02, 2.2644e-01,
        6.4787e-03, 7.3627e-02, 1.4307e-04, 8.2224e-03, 3.6379e-01, 2.5239e+00,
        5.1101e-02, 2.1449e-03, 7.3414e-02, 7.7995e-03, 6.3555e-02, 1.5507e-01,
        2.2535e-01, 5.4759e-03, 6.8636e-02, 6.6039e-02, 8.8347e-03, 2.4747e+00,
        9.3619e-06, 2.4757e+00])//
train_examples$460600$60000.0//
train_loss$470000$0.41727179166666667//
train_individual_losses$470000$tensor([6.4167e-02, 6.6258e-02, 3.4614e-02, 8.0197e-03, 3.6526e-06, 8.0687e-03,
        1.6363e-01, 1.6632e-01, 6.0302e-02, 2.5626e+00, 7.8401e-05, 3.6315e-02,
        2.4841e+00, 2.6907e+00, 2.2131e-01, 2.5123e+00, 9.3702e-05, 7.5007e-02,
        8.1253e-03, 2.1442e-01, 7.0540e-03, 3.7866e-02, 7.4087e-02, 4.2518e-03,
        1.0021e-02, 2.6163e-01, 1.0410e-01, 5.2716e-02, 6.0527e-02, 2.2683e-01,
        6.3523e-03, 7.3511e-02, 1.3067e-04, 8.4976e-03, 3.5686e-01, 2.5255e+00,
        5.1451e-02, 1.9922e-03, 7.2809e-02, 7.6874e-03, 6.3666e-02, 1.5333e-01,
        2.2668e-01, 5.8538e-03, 6.8203e-02, 6.6150e-02, 8.8411e-03, 2.4750e+00,
        3.5540e-05, 2.4755e+00])//
train_examples$470000$60000.0