train_loss$0$0.7456259375//
train_individual_losses$0$tensor([0.3797, 1.0898, 1.2625, 0.9414, 0.2492, 0.5966, 0.5882, 1.4069, 0.6714,
        0.7600, 1.1204, 0.4065, 0.4048, 0.2506, 1.8307, 0.5833, 0.4454, 0.2032,
        1.2017, 0.5201])//
train_examples$0$10000.0//
train_loss$2000$0.02369009765625//
train_individual_losses$2000$tensor([0.0098, 0.0344, 0.0608, 0.0287, 0.0099, 0.0062, 0.0117, 0.0571, 0.0129,
        0.0168, 0.0330, 0.0120, 0.0119, 0.0055, 0.0538, 0.0086, 0.0111, 0.0092,
        0.0678, 0.0126])//
train_examples$2000$10000.0//
train_loss$4000$0.006103135375976562//
train_individual_losses$4000$tensor([0.0029, 0.0101, 0.0098, 0.0080, 0.0035, 0.0021, 0.0053, 0.0131, 0.0045,
        0.0057, 0.0059, 0.0060, 0.0070, 0.0016, 0.0085, 0.0024, 0.0059, 0.0039,
        0.0113, 0.0044])//
train_examples$4000$10000.0//
train_loss$6000$0.003051802978515625//
train_individual_losses$6000$tensor([0.0012, 0.0051, 0.0048, 0.0047, 0.0020, 0.0012, 0.0031, 0.0040, 0.0023,
        0.0032, 0.0025, 0.0032, 0.0034, 0.0007, 0.0048, 0.0013, 0.0032, 0.0021,
        0.0057, 0.0026])//
train_examples$6000$10000.0//
train_loss$8000$0.0017465341186523437//
train_individual_losses$8000$tensor([0.0008, 0.0029, 0.0029, 0.0032, 0.0012, 0.0009, 0.0019, 0.0008, 0.0011,
        0.0022, 0.0014, 0.0018, 0.0020, 0.0004, 0.0027, 0.0006, 0.0017, 0.0012,
        0.0034, 0.0018])//
train_examples$8000$10000.0//
train_loss$10000$0.0011364969635009766//
train_individual_losses$10000$tensor([0.0006, 0.0016, 0.0019, 0.0016, 0.0006, 0.0008, 0.0012, 0.0004, 0.0005,
        0.0015, 0.0009, 0.0014, 0.0014, 0.0002, 0.0021, 0.0003, 0.0011, 0.0007,
        0.0025, 0.0014])//
train_examples$10000$10000.0//
train_loss$12000$0.0008170281982421874//
train_individual_losses$12000$tensor([0.0003, 0.0011, 0.0015, 0.0007, 0.0002, 0.0007, 0.0008, 0.0003, 0.0003,
        0.0011, 0.0007, 0.0011, 0.0009, 0.0002, 0.0017, 0.0002, 0.0009, 0.0005,
        0.0022, 0.0011])//
train_examples$12000$10000.0//
train_loss$14000$0.000624700698852539//
train_individual_losses$14000$tensor([1.8516e-04, 9.2283e-04, 1.2447e-03, 3.5544e-04, 8.1299e-05, 4.6310e-04,
        6.4675e-04, 2.5581e-04, 2.1103e-04, 7.8786e-04, 4.8725e-04, 9.1168e-04,
        5.6661e-04, 1.1662e-04, 1.4072e-03, 1.0952e-04, 7.1527e-04, 3.5895e-04,
        1.8961e-03, 7.7086e-04])//
train_examples$14000$10000.0//
train_loss$16000$0.0005055657196044922//
train_individual_losses$16000$tensor([1.0423e-04, 8.1937e-04, 1.1181e-03, 2.4406e-04, 6.0391e-05, 3.7319e-04,
        5.1901e-04, 2.2873e-04, 1.7139e-04, 6.0050e-04, 3.0137e-04, 7.0217e-04,
        4.3361e-04, 9.2482e-05, 1.2398e-03, 8.2567e-05, 5.3811e-04, 2.7985e-04,
        1.6079e-03, 5.9447e-04])//
train_examples$16000$10000.0//
train_loss$18000$0.0004137517547607422//
train_individual_losses$18000$tensor([7.7257e-05, 7.5699e-04, 1.0258e-03, 1.8309e-04, 4.6139e-05, 3.0978e-04,
        4.4663e-04, 2.0525e-04, 1.3073e-04, 4.5325e-04, 2.0632e-04, 5.6968e-04,
        3.5277e-04, 7.5622e-05, 9.7055e-04, 6.2202e-05, 4.2327e-04, 2.2906e-04,
        1.3141e-03, 4.3659e-04])//
train_examples$18000$10000.0//
train_loss$20000$0.00034524765014648436//
train_individual_losses$20000$tensor([6.8531e-05, 7.0916e-04, 9.4636e-04, 1.1050e-04, 3.6785e-05, 1.4993e-04,
        4.0206e-04, 1.8338e-04, 1.0340e-04, 3.0031e-04, 1.5972e-04, 4.9233e-04,
        2.9230e-04, 6.3890e-05, 8.8546e-04, 5.1366e-05, 3.5148e-04, 1.9285e-04,
        1.0645e-03, 3.4062e-04])//
train_examples$20000$10000.0//
train_loss$22000$0.00030179977416992186//
train_individual_losses$22000$tensor([6.4361e-05, 6.8087e-04, 8.7253e-04, 6.5975e-05, 2.9816e-05, 1.1606e-04,
        3.6860e-04, 1.3832e-04, 8.2765e-05, 2.4256e-04, 1.3250e-04, 4.4564e-04,
        2.4892e-04, 5.4528e-05, 7.8229e-04, 4.4798e-05, 3.0068e-04, 1.6878e-04,
        9.1361e-04, 2.8241e-04])//
train_examples$22000$10000.0//
train_loss$24000$0.00026576467514038087//
train_individual_losses$24000$tensor([5.8412e-05, 6.3893e-04, 8.1515e-04, 5.4081e-05, 2.4043e-05, 1.0790e-04,
        3.3899e-04, 7.9762e-05, 7.1513e-05, 2.1129e-04, 1.1779e-04, 3.9955e-04,
        2.2286e-04, 4.6499e-05, 6.7503e-04, 3.8479e-05, 2.6059e-04, 1.5183e-04,
        7.5461e-04, 2.4797e-04])//
train_examples$24000$10000.0//
train_loss$26000$0.0002366219711303711//
train_individual_losses$26000$tensor([5.4497e-05, 5.1364e-04, 7.6674e-04, 5.0717e-05, 2.0717e-05, 1.0666e-04,
        3.0870e-04, 4.2817e-05, 6.3232e-05, 1.8868e-04, 1.0908e-04, 3.7105e-04,
        2.0671e-04, 4.1609e-05, 6.2303e-04, 3.3784e-05, 2.2781e-04, 1.3869e-04,
        6.3841e-04, 2.2588e-04])//
train_examples$26000$10000.0//
train_loss$28000$0.00020826408386230468//
train_individual_losses$28000$tensor([5.0885e-05, 4.4650e-04, 5.7596e-04, 4.8149e-05, 1.8755e-05, 1.0535e-04,
        2.7253e-04, 3.1311e-05, 5.7752e-05, 1.6561e-04, 1.0298e-04, 3.5144e-04,
        1.9526e-04, 3.8994e-05, 5.8783e-04, 2.9509e-05, 2.0234e-04, 1.2820e-04,
        5.4908e-04, 2.0685e-04])//
train_examples$28000$10000.0//
train_loss$30000$0.00017788690567016602//
train_individual_losses$30000$tensor([4.8479e-05, 4.1316e-04, 2.5020e-04, 4.6496e-05, 1.7513e-05, 1.0437e-04,
        2.3055e-04, 2.6717e-05, 5.4381e-05, 1.4931e-04, 9.5314e-05, 3.3314e-04,
        1.8646e-04, 3.7464e-05, 5.5233e-04, 2.6041e-05, 1.8412e-04, 1.1983e-04,
        4.9181e-04, 1.9007e-04])//
train_examples$30000$10000.0//
train_loss$32000$0.00016247373580932618//
train_individual_losses$32000$tensor([4.4873e-05, 3.9014e-04, 1.7823e-04, 4.5029e-05, 1.6805e-05, 1.0491e-04,
        1.9535e-04, 2.4345e-05, 5.1556e-05, 1.3792e-04, 8.4017e-05, 3.1923e-04,
        1.7921e-04, 3.6627e-05, 5.1469e-04, 2.3148e-05, 1.6804e-04, 1.1260e-04,
        4.4555e-04, 1.7719e-04])//
train_examples$32000$10000.0//
train_loss$34000$0.00015174708366394042//
train_individual_losses$34000$tensor([4.2291e-05, 3.7686e-04, 1.3764e-04, 4.4097e-05, 1.6123e-05, 1.0327e-04,
        1.7504e-04, 1.9641e-05, 4.9512e-05, 1.2861e-04, 7.9479e-05, 3.0776e-04,
        1.7393e-04, 3.5552e-05, 4.8474e-04, 2.0638e-05, 1.5680e-04, 1.0665e-04,
        4.0855e-04, 1.6775e-04])//
train_examples$34000$10000.0//
train_loss$36000$0.00014206763267517089//
train_individual_losses$36000$tensor([4.0416e-05, 3.6790e-04, 1.1287e-04, 4.3471e-05, 1.5490e-05, 1.0422e-04,
        1.6149e-04, 1.6273e-05, 4.7925e-05, 1.1958e-04, 7.6747e-05, 2.9566e-04,
        1.6759e-04, 3.5176e-05, 4.4571e-04, 1.8822e-05, 1.4845e-04, 1.0153e-04,
        3.6383e-04, 1.5820e-04])//
train_examples$36000$10000.0//
train_loss$38000$0.00013097224235534668//
train_individual_losses$38000$tensor([3.7926e-05, 3.6038e-04, 9.5275e-05, 4.3500e-05, 1.5241e-05, 1.0323e-04,
        1.5339e-04, 1.2168e-05, 4.6378e-05, 1.1215e-04, 7.3921e-05, 2.8538e-04,
        1.5573e-04, 3.3946e-05, 3.8265e-04, 1.7242e-05, 1.4348e-04, 9.8292e-05,
        3.0067e-04, 1.4850e-04])//
train_examples$38000$10000.0//
train_loss$40000$0.00012326276779174805//
train_individual_losses$40000$tensor([3.5816e-05, 3.5384e-04, 8.3536e-05, 4.2789e-05, 1.4702e-05, 1.0256e-04,
        1.4787e-04, 7.7779e-06, 4.4857e-05, 1.0459e-04, 7.0563e-05, 2.7678e-04,
        1.4125e-04, 3.3360e-05, 3.4188e-04, 1.6348e-05, 1.3784e-04, 9.4236e-05,
        2.7238e-04, 1.4228e-04])//
train_examples$40000$10000.0//
train_loss$42000$0.00011822705268859863//
train_individual_losses$42000$tensor([3.4527e-05, 3.4902e-04, 7.4663e-05, 4.2362e-05, 1.4272e-05, 1.0204e-04,
        1.4504e-04, 5.4319e-06, 4.3602e-05, 9.8181e-05, 6.8314e-05, 2.7127e-04,
        1.3127e-04, 3.3434e-05, 3.2731e-04, 1.5167e-05, 1.3296e-04, 9.2229e-05,
        2.4647e-04, 1.3698e-04])//
train_examples$42000$10000.0//
train_loss$44000$0.0001137269401550293//
train_individual_losses$44000$tensor([3.2457e-05, 3.4501e-04, 6.8304e-05, 4.1830e-05, 1.3846e-05, 1.0179e-04,
        1.4310e-04, 4.1535e-06, 4.2316e-05, 9.2397e-05, 6.6219e-05, 2.6042e-04,
        1.2591e-04, 3.2315e-05, 3.1625e-04, 1.4195e-05, 1.2856e-04, 9.0939e-05,
        2.2093e-04, 1.3361e-04])//
train_examples$44000$10000.0//
train_loss$46000$0.00010994599342346192//
train_individual_losses$46000$tensor([3.1641e-05, 3.4287e-04, 6.3425e-05, 4.1427e-05, 1.3254e-05, 1.0130e-04,
        1.3803e-04, 3.4652e-06, 3.7397e-05, 8.7428e-05, 6.4520e-05, 2.4975e-04,
        1.1853e-04, 3.2032e-05, 3.0728e-04, 1.3157e-05, 1.2570e-04, 8.9446e-05,
        2.0734e-04, 1.3093e-04])//
train_examples$46000$10000.0//
train_loss$48000$0.00010588637351989746//
train_individual_losses$48000$tensor([2.9983e-05, 3.4038e-04, 5.9647e-05, 4.1065e-05, 1.2695e-05, 1.0116e-04,
        1.3741e-04, 2.9349e-06, 3.5281e-05, 8.2303e-05, 6.2765e-05, 2.3313e-04,
        1.1152e-04, 3.1987e-05, 2.8551e-04, 1.1677e-05, 1.2322e-04, 8.8408e-05,
        1.9721e-04, 1.2943e-04])//
train_examples$48000$10000.0//
train_loss$50000$0.00010112680435180664//
train_individual_losses$50000$tensor([2.8794e-05, 3.3754e-04, 5.6424e-05, 4.0935e-05, 1.2143e-05, 1.0011e-04,
        1.3394e-04, 2.6804e-06, 3.3602e-05, 7.7647e-05, 6.1286e-05, 1.9606e-04,
        1.0227e-04, 3.1203e-05, 2.7285e-04, 1.0239e-05, 1.2128e-04, 8.7463e-05,
        1.8794e-04, 1.2813e-04])//
train_examples$50000$10000.0//
train_loss$52000$9.716547012329101e-05//
train_individual_losses$52000$tensor([2.7788e-05, 3.3584e-04, 5.3741e-05, 4.0598e-05, 1.1555e-05, 9.8955e-05,
        1.3115e-04, 2.2902e-06, 3.2347e-05, 7.3412e-05, 5.9717e-05, 1.7435e-04,
        9.6517e-05, 3.0808e-05, 2.5750e-04, 9.1847e-06, 1.1911e-04, 8.6258e-05,
        1.7479e-04, 1.2740e-04])//
train_examples$52000$10000.0//
train_loss$54000$9.428750038146973e-05//
train_individual_losses$54000$tensor([2.6740e-05, 3.3402e-04, 5.1176e-05, 4.0272e-05, 1.0998e-05, 9.8125e-05,
        1.2910e-04, 2.0895e-06, 3.1406e-05, 6.9564e-05, 5.8292e-05, 1.6429e-04,
        9.1821e-05, 3.0618e-05, 2.4654e-04, 7.9264e-06, 1.1845e-04, 8.5639e-05,
        1.6197e-04, 1.2670e-04])//
train_examples$54000$10000.0//
train_loss$56000$9.070379257202148e-05//
train_individual_losses$56000$tensor([2.5716e-05, 3.3155e-04, 4.8831e-05, 3.9930e-05, 1.0368e-05, 9.6861e-05,
        1.2803e-04, 1.9844e-06, 3.0186e-05, 6.5747e-05, 5.6981e-05, 1.5727e-04,
        8.6532e-05, 3.0300e-05, 2.2058e-04, 6.7599e-06, 1.1515e-04, 8.4249e-05,
        1.5071e-04, 1.2633e-04])//
train_examples$56000$10000.0//
train_loss$58000$8.811332702636718e-05//
train_individual_losses$58000$tensor([2.4803e-05, 3.3101e-04, 4.6801e-05, 3.9500e-05, 9.9436e-06, 9.6228e-05,
        1.2494e-04, 1.7316e-06, 2.8991e-05, 6.2013e-05, 5.5550e-05, 1.5222e-04,
        8.2789e-05, 3.0055e-05, 2.0408e-04, 5.7982e-06, 1.1453e-04, 8.3667e-05,
        1.4186e-04, 1.2577e-04])//
train_examples$58000$10000.0//
train_loss$60000$8.591072082519532e-05//
train_individual_losses$60000$tensor([2.4029e-05, 3.2731e-04, 4.4740e-05, 3.9350e-05, 9.5510e-06, 9.5431e-05,
        1.2140e-04, 1.5887e-06, 2.7847e-05, 5.8441e-05, 5.4058e-05, 1.4838e-04,
        7.9687e-05, 2.9986e-05, 1.9560e-04, 5.6171e-06, 1.1231e-04, 8.3367e-05,
        1.3500e-04, 1.2452e-04])//
train_examples$60000$10000.0//
train_loss$62000$8.363268852233886e-05//
train_individual_losses$62000$tensor([2.3223e-05, 3.2851e-04, 4.2614e-05, 3.9031e-05, 9.1882e-06, 9.4559e-05,
        1.1782e-04, 1.4704e-06, 2.7079e-05, 5.5093e-05, 5.3082e-05, 1.4425e-04,
        7.7212e-05, 2.9247e-05, 1.7863e-04, 5.3162e-06, 1.1104e-04, 8.1676e-05,
        1.2988e-04, 1.2373e-04])//
train_examples$62000$10000.0//
train_loss$64000$8.158894538879395e-05//
train_individual_losses$64000$tensor([2.2378e-05, 3.2663e-04, 4.0982e-05, 3.9159e-05, 9.0617e-06, 9.3567e-05,
        1.1480e-04, 1.3591e-06, 2.5761e-05, 5.1862e-05, 5.2107e-05, 1.3972e-04,
        7.5260e-05, 2.9284e-05, 1.6393e-04, 5.0795e-06, 1.1056e-04, 8.0803e-05,
        1.2675e-04, 1.2272e-04])//
train_examples$64000$10000.0//
train_loss$66000$7.926433086395264e-05//
train_individual_losses$66000$tensor([2.1685e-05, 3.2906e-04, 3.8639e-05, 3.8426e-05, 8.7458e-06, 9.2430e-05,
        1.1372e-04, 1.2929e-06, 2.4367e-05, 4.8751e-05, 5.0378e-05, 1.3644e-04,
        7.3494e-05, 2.8574e-05, 1.4117e-04, 4.9865e-06, 1.0953e-04, 7.9300e-05,
        1.2264e-04, 1.2166e-04])//
train_examples$66000$10000.0//
train_loss$68000$7.709123611450196e-05//
train_individual_losses$68000$tensor([2.1323e-05, 3.2340e-04, 3.6922e-05, 3.8715e-05, 8.8668e-06, 9.1691e-05,
        1.1138e-04, 1.2100e-06, 2.2851e-05, 4.6400e-05, 4.9269e-05, 1.3360e-04,
        7.1665e-05, 2.8480e-05, 1.2193e-04, 4.8856e-06, 1.0920e-04, 7.9008e-05,
        1.1955e-04, 1.2147e-04])//
train_examples$68000$10000.0//
train_loss$70000$7.535036087036133e-05//
train_individual_losses$70000$tensor([2.0850e-05, 3.2281e-04, 3.5174e-05, 3.8149e-05, 8.4292e-06, 9.1665e-05,
        1.1017e-04, 1.1394e-06, 2.1500e-05, 4.3425e-05, 4.7263e-05, 1.3045e-04,
        7.0377e-05, 2.8352e-05, 1.1249e-04, 4.6645e-06, 1.0797e-04, 7.7121e-05,
        1.1517e-04, 1.1984e-04])//
train_examples$70000$10000.0//
train_loss$72000$7.386345863342285e-05//
train_individual_losses$72000$tensor([1.9856e-05, 3.2247e-04, 3.3404e-05, 3.7738e-05, 8.3338e-06, 9.1719e-05,
        1.0903e-04, 1.1016e-06, 2.0611e-05, 4.0720e-05, 4.5209e-05, 1.2795e-04,
        6.9452e-05, 2.7933e-05, 1.0336e-04, 4.4262e-06, 1.0761e-04, 7.6169e-05,
        1.1170e-04, 1.1847e-04])//
train_examples$72000$10000.0//
train_loss$74000$7.204195022583008e-05//
train_individual_losses$74000$tensor([1.9322e-05, 3.2114e-04, 3.1850e-05, 3.7931e-05, 8.2184e-06, 9.0641e-05,
        1.0814e-04, 1.0943e-06, 2.0147e-05, 3.8351e-05, 4.2746e-05, 1.2594e-04,
        6.8414e-05, 2.7562e-05, 9.3828e-05, 4.2261e-06, 1.0646e-04, 7.5016e-05,
        1.0279e-04, 1.1702e-04])//
train_examples$74000$10000.0//
train_loss$76000$7.067153453826904e-05//
train_individual_losses$76000$tensor([1.9329e-05, 3.2021e-04, 3.0375e-05, 3.7285e-05, 8.2479e-06, 8.9852e-05,
        1.0702e-04, 1.0311e-06, 1.9738e-05, 3.6191e-05, 4.0780e-05, 1.2390e-04,
        6.7912e-05, 2.7328e-05, 8.5339e-05, 4.1982e-06, 1.0621e-04, 7.4104e-05,
        9.8421e-05, 1.1596e-04])//
train_examples$76000$10000.0//
train_loss$78000$6.9588303565979e-05//
train_individual_losses$78000$tensor([1.8570e-05, 3.2010e-04, 2.9411e-05, 3.7344e-05, 8.0263e-06, 8.9864e-05,
        1.0623e-04, 1.0181e-06, 1.8573e-05, 3.4338e-05, 3.9644e-05, 1.2193e-04,
        6.7022e-05, 2.7181e-05, 7.9183e-05, 4.0631e-06, 1.0570e-04, 7.3334e-05,
        9.5999e-05, 1.1423e-04])//
train_examples$78000$10000.0//
train_loss$80000$6.869697093963623e-05//
train_individual_losses$80000$tensor([1.8014e-05, 3.2218e-04, 2.7703e-05, 3.6918e-05, 7.9514e-06, 8.9888e-05,
        1.0594e-04, 9.4343e-07, 1.8005e-05, 3.2317e-05, 3.8239e-05, 1.2157e-04,
        6.6374e-05, 2.6617e-05, 7.4004e-05, 3.9784e-06, 1.0500e-04, 7.2130e-05,
        9.5243e-05, 1.1093e-04])//
train_examples$80000$10000.0//
train_loss$82000$6.744691371917724e-05//
train_individual_losses$82000$tensor([1.7719e-05, 3.1853e-04, 2.6430e-05, 3.6811e-05, 7.8543e-06, 8.8331e-05,
        1.0584e-04, 8.7574e-07, 1.7518e-05, 3.0530e-05, 3.7162e-05, 1.1879e-04,
        6.5534e-05, 2.7194e-05, 6.9123e-05, 3.8945e-06, 1.0474e-04, 7.1128e-05,
        9.3540e-05, 1.0739e-04])//
train_examples$82000$10000.0//
train_loss$84000$6.639073371887207e-05//
train_individual_losses$84000$tensor([1.7190e-05, 3.1866e-04, 2.5006e-05, 3.7125e-05, 7.6929e-06, 8.7714e-05,
        1.0396e-04, 8.7620e-07, 1.7185e-05, 2.8432e-05, 3.6502e-05, 1.1753e-04,
        6.4931e-05, 2.6163e-05, 6.3810e-05, 3.9649e-06, 1.0425e-04, 7.0200e-05,
        9.2528e-05, 1.0410e-04])//
train_examples$84000$10000.0//
train_loss$86000$6.52905035018921e-05//
train_individual_losses$86000$tensor([1.6637e-05, 3.1768e-04, 2.3931e-05, 3.6494e-05, 7.7856e-06, 8.3448e-05,
        1.0297e-04, 7.8346e-07, 1.6740e-05, 2.7192e-05, 3.5279e-05, 1.1642e-04,
        6.4648e-05, 2.5810e-05, 6.0155e-05, 3.8151e-06, 1.0384e-04, 6.8976e-05,
        9.2049e-05, 1.0116e-04])//
train_examples$86000$10000.0//
train_loss$88000$6.458209991455078e-05//
train_individual_losses$88000$tensor([1.6297e-05, 3.1720e-04, 2.2997e-05, 3.6486e-05, 7.4140e-06, 8.3391e-05,
        1.0371e-04, 8.3296e-07, 1.6269e-05, 2.5405e-05, 3.4591e-05, 1.1518e-04,
        6.4215e-05, 2.5508e-05, 5.6348e-05, 3.7813e-06, 1.0388e-04, 6.7681e-05,
        9.0940e-05, 9.9513e-05])//
train_examples$88000$10000.0//
train_loss$90000$6.371897220611572e-05//
train_individual_losses$90000$tensor([1.6327e-05, 3.1651e-04, 2.2409e-05, 3.6190e-05, 7.2202e-06, 8.2555e-05,
        1.0086e-04, 6.9628e-07, 1.6315e-05, 2.4007e-05, 3.3818e-05, 1.1426e-04,
        6.3041e-05, 2.5185e-05, 5.3835e-05, 3.7187e-06, 1.0324e-04, 6.6492e-05,
        9.0649e-05, 9.7048e-05])//
train_examples$90000$10000.0//
train_loss$92000$6.285836696624756e-05//
train_individual_losses$92000$tensor([1.5781e-05, 3.1503e-04, 2.1093e-05, 3.6030e-05, 7.1027e-06, 8.1101e-05,
        1.0007e-04, 6.6905e-07, 1.5558e-05, 2.2692e-05, 3.3169e-05, 1.1393e-04,
        6.2555e-05, 2.4820e-05, 5.0789e-05, 3.7083e-06, 1.0302e-04, 6.5604e-05,
        9.0020e-05, 9.4417e-05])//
train_examples$92000$10000.0//
train_loss$94000$6.230868339538575e-05//
train_individual_losses$94000$tensor([1.5581e-05, 3.1586e-04, 2.0464e-05, 3.6217e-05, 7.0176e-06, 8.1071e-05,
        9.9485e-05, 6.2676e-07, 1.4884e-05, 2.1541e-05, 3.2538e-05, 1.1295e-04,
        6.2115e-05, 2.4492e-05, 4.8897e-05, 3.6255e-06, 1.0284e-04, 6.4284e-05,
        8.9567e-05, 9.2116e-05])//
train_examples$94000$10000.0//
train_loss$96000$6.222306728363037e-05//
train_individual_losses$96000$tensor([1.5096e-05, 3.2190e-04, 1.9507e-05, 3.5902e-05, 6.9810e-06, 7.9838e-05,
        1.0053e-04, 6.2837e-07, 1.4683e-05, 2.0494e-05, 3.2260e-05, 1.1292e-04,
        6.2115e-05, 2.4426e-05, 4.6770e-05, 3.6790e-06, 1.0267e-04, 6.4825e-05,
        8.9218e-05, 9.0020e-05])//
train_examples$96000$10000.0//
train_loss$98000$6.095376491546631e-05//
train_individual_losses$98000$tensor([1.5001e-05, 3.1425e-04, 1.9089e-05, 3.5998e-05, 6.9237e-06, 7.9640e-05,
        9.9103e-05, 5.8761e-07, 1.4251e-05, 1.9277e-05, 3.1916e-05, 1.1060e-04,
        6.1239e-05, 2.3392e-05, 4.5253e-05, 3.7267e-06, 1.0254e-04, 6.2730e-05,
        8.9045e-05, 8.4515e-05])//
train_examples$98000$10000.0//
train_loss$100000$6.0309023857116696e-05//
train_individual_losses$100000$tensor([1.5048e-05, 3.1513e-04, 1.8276e-05, 3.5741e-05, 6.7639e-06, 8.0517e-05,
        9.8073e-05, 5.6030e-07, 1.3925e-05, 1.8399e-05, 3.0926e-05, 1.0964e-04,
        6.0606e-05, 2.3032e-05, 4.3847e-05, 3.5842e-06, 1.0237e-04, 6.1133e-05,
        8.8012e-05, 8.0603e-05])//
train_examples$100000$10000.0