train_loss$0$3.1492755859375//
train_individual_losses$0$tensor([2.8882, 3.0573, 3.3609, 2.8324, 3.0540, 3.3177, 3.1661, 3.0496, 3.1622,
        3.3365, 3.0297, 2.8439, 3.1948, 2.9934, 3.2799, 3.2504, 3.1027, 3.2688,
        3.2513, 3.5457])//
train_examples$0$8000.0//
train_loss$1600$0.0019274080276489257//
train_individual_losses$1600$tensor([0.0009, 0.0014, 0.0016, 0.0071, 0.0013, 0.0009, 0.0029, 0.0017, 0.0033,
        0.0012, 0.0007, 0.0010, 0.0035, 0.0011, 0.0019, 0.0017, 0.0017, 0.0013,
        0.0009, 0.0023])//
train_examples$1600$8000.0//
train_loss$3200$0.0005986368656158447//
train_individual_losses$3200$tensor([0.0003, 0.0003, 0.0005, 0.0048, 0.0005, 0.0003, 0.0005, 0.0004, 0.0006,
        0.0003, 0.0002, 0.0003, 0.0007, 0.0003, 0.0003, 0.0005, 0.0002, 0.0004,
        0.0003, 0.0003])//
train_examples$3200$8000.0//
train_loss$4800$0.00035651166439056394//
train_individual_losses$4800$tensor([2.0459e-04, 1.1560e-04, 1.6507e-04, 3.0309e-03, 4.2199e-04, 2.0758e-04,
        1.8233e-04, 2.2270e-04, 3.9674e-04, 1.6020e-04, 5.9326e-05, 1.3557e-04,
        5.0370e-04, 1.5628e-04, 1.4800e-04, 3.0467e-04, 1.3460e-04, 1.7408e-04,
        2.1701e-04, 1.8928e-04])//
train_examples$4800$8000.0//
train_loss$6400$0.0001940180540084839//
train_individual_losses$6400$tensor([9.6951e-05, 5.9728e-05, 8.2747e-05, 1.5580e-03, 4.0951e-04, 9.4849e-05,
        1.2571e-04, 2.6551e-05, 7.2827e-05, 1.4863e-04, 4.3128e-06, 6.9431e-05,
        3.6135e-04, 5.8254e-05, 1.3939e-04, 1.7567e-04, 9.8009e-05, 5.9063e-05,
        8.9722e-05, 1.4966e-04])//
train_examples$6400$8000.0//
train_loss$8000$9.155884981155395e-05//
train_individual_losses$8000$tensor([1.5144e-05, 2.8475e-06, 7.0156e-05, 5.8039e-04, 3.8250e-04, 4.5798e-05,
        1.0465e-04, 1.1430e-06, 1.4135e-05, 1.4515e-04, 5.1821e-07, 2.6073e-05,
        8.3090e-05, 1.7457e-05, 1.0296e-04, 1.4556e-05, 6.1780e-05, 1.7660e-05,
        1.3669e-06, 1.4381e-04])//
train_examples$8000$8000.0//
train_loss$9600$5.2025586366653445e-05//
train_individual_losses$9600$tensor([2.7903e-07, 5.5047e-08, 2.4272e-05, 2.2169e-04, 3.6976e-04, 4.7922e-06,
        6.0051e-05, 1.6437e-08, 5.6154e-07, 1.4200e-04, 1.1015e-08, 3.7808e-07,
        4.6119e-06, 4.0505e-07, 5.7929e-05, 3.0486e-07, 1.0631e-05, 3.4684e-07,
        1.2315e-08, 1.4240e-04])//
train_examples$9600$8000.0//
train_loss$11200$3.545287549495697e-05//
train_individual_losses$11200$tensor([3.2945e-10, 1.2404e-09, 8.8177e-08, 7.8957e-05, 3.3501e-04, 1.6661e-07,
        3.5382e-06, 4.7069e-10, 7.1383e-10, 1.4295e-04, 2.4286e-10, 2.9600e-10,
        3.4609e-09, 2.5754e-10, 3.0379e-07, 6.0171e-10, 1.4139e-08, 1.2053e-09,
        4.3201e-11, 1.4802e-04])//
train_examples$11200$8000.0//
train_loss$12800$3.314700722694397e-05//
train_individual_losses$12800$tensor([1.0554e-07, 7.3440e-10, 1.1563e-10, 2.5603e-05, 3.4325e-04, 1.0599e-07,
        6.0088e-08, 6.9113e-07, 1.8645e-08, 1.4354e-04, 4.4641e-09, 4.1657e-10,
        2.8915e-11, 1.2202e-08, 8.2290e-11, 5.9799e-09, 5.4790e-11, 1.7345e-10,
        1.5553e-08, 1.4952e-04])//
train_examples$12800$8000.0//
train_loss$14400$3.160121142864227e-05//
train_individual_losses$14400$tensor([1.8890e-07, 1.1136e-06, 2.2920e-09, 8.7513e-06, 3.3595e-04, 2.3636e-07,
        7.5377e-07, 3.9939e-08, 2.5643e-07, 1.4211e-04, 5.8752e-12, 5.3667e-08,
        1.6098e-07, 7.4298e-09, 9.2214e-07, 8.6089e-12, 9.6659e-10, 4.4063e-08,
        1.2658e-11, 1.4144e-04])//
train_examples$14400$8000.0//
train_loss$16000$3.140145242214203e-05//
train_individual_losses$16000$tensor([1.3978e-11, 6.2076e-12, 1.3460e-09, 2.8494e-06, 3.3253e-04, 1.3731e-09,
        1.1577e-09, 3.7369e-10, 1.6948e-10, 1.4524e-04, 4.5347e-10, 8.9565e-09,
        5.8836e-08, 2.8566e-08, 1.5710e-11, 4.3115e-06, 2.2175e-08, 2.4666e-07,
        1.5158e-08, 1.4271e-04])//
train_examples$16000$8000.0//
train_loss$17600$3.083840608596802e-05//
train_individual_losses$17600$tensor([6.0867e-07, 6.3805e-10, 4.1968e-08, 1.4632e-06, 3.2928e-04, 1.3003e-09,
        3.6153e-10, 9.4226e-11, 5.9744e-09, 1.4278e-04, 2.6728e-09, 1.4267e-10,
        1.4628e-09, 1.2251e-11, 7.9948e-12, 1.3662e-11, 1.5599e-10, 4.2475e-11,
        2.3193e-08, 1.4256e-04])//
train_examples$17600$8000.0//
train_loss$19200$3.1479722261428835e-05//
train_individual_losses$19200$tensor([5.9080e-11, 4.9031e-09, 2.0404e-09, 9.2240e-07, 3.3318e-04, 1.5431e-07,
        3.0421e-11, 5.1683e-07, 2.0976e-13, 1.4806e-04, 1.2647e-07, 3.7113e-12,
        3.1220e-11, 1.1393e-07, 1.7716e-12, 2.5572e-11, 2.5419e-11, 1.7997e-07,
        8.2809e-08, 1.4625e-04])//
train_examples$19200$8000.0//
train_loss$20800$3.10420036315918e-05//
train_individual_losses$20800$tensor([3.5611e-10, 3.2995e-13, 2.3320e-07, 3.0974e-07, 3.3001e-04, 1.5474e-07,
        4.9159e-08, 6.0639e-11, 6.8298e-09, 1.4688e-04, 1.3017e-10, 2.6450e-11,
        1.5890e-11, 1.8758e-10, 1.6821e-12, 8.3470e-09, 8.6168e-10, 1.0757e-10,
        4.2559e-07, 1.4276e-04])//
train_examples$20800$8000.0//
train_loss$22400$3.0863472819328306e-05//
train_individual_losses$22400$tensor([1.3967e-11, 8.0598e-08, 6.1217e-10, 1.1883e-07, 3.3234e-04, 3.2724e-09,
        2.0411e-09, 7.3784e-09, 2.7942e-13, 1.4221e-04, 8.3707e-08, 8.2842e-14,
        2.6573e-11, 1.1019e-07, 4.8212e-08, 9.9807e-11, 1.0311e-11, 5.1524e-08,
        6.0769e-09, 1.4220e-04])//
train_examples$22400$8000.0//
train_loss$24000$3.1035536527633665e-05//
train_individual_losses$24000$tensor([1.8431e-11, 1.5126e-06, 5.3789e-12, 7.3999e-08, 3.3492e-04, 5.9689e-10,
        6.4225e-11, 9.9120e-09, 3.7932e-08, 1.4242e-04, 9.5060e-09, 2.7634e-13,
        1.3275e-10, 2.1644e-07, 1.8185e-11, 1.9532e-11, 4.2764e-11, 2.0533e-11,
        7.6017e-12, 1.4151e-04])//
train_examples$24000$8000.0//
train_loss$25600$3.116229474544525e-05//
train_individual_losses$25600$tensor([2.7188e-11, 1.8352e-08, 2.5763e-08, 4.7347e-08, 3.3423e-04, 1.6489e-09,
        2.3006e-06, 3.3520e-07, 1.9047e-12, 1.4355e-04, 1.6327e-10, 5.5114e-10,
        1.4084e-10, 4.6591e-07, 8.3656e-08, 1.0992e-08, 2.9139e-11, 2.2539e-10,
        6.6932e-11, 1.4218e-04])//
train_examples$25600$8000.0//
train_loss$27200$3.0852913856506346e-05//
train_individual_losses$27200$tensor([4.2643e-11, 5.8096e-12, 1.0089e-10, 2.9262e-08, 3.3337e-04, 9.0000e-08,
        4.4199e-11, 1.8153e-10, 3.0486e-10, 1.4125e-04, 1.1438e-06, 4.6128e-07,
        9.0717e-12, 1.3769e-08, 5.2078e-10, 9.4494e-10, 2.8530e-11, 1.3537e-10,
        1.4111e-08, 1.4068e-04])//
train_examples$27200$8000.0//
train_loss$28800$3.107772171497345e-05//
train_individual_losses$28800$tensor([1.1623e-11, 9.6400e-13, 5.9493e-08, 3.5962e-06, 3.3207e-04, 6.6305e-09,
        9.9137e-09, 1.6631e-10, 1.2853e-08, 1.4142e-04, 1.9413e-09, 1.8136e-06,
        3.6016e-10, 1.1084e-07, 2.5489e-10, 1.0095e-11, 9.2252e-11, 1.1155e-07,
        3.5692e-10, 1.4234e-04])//
train_examples$28800$8000.0//
train_loss$30400$3.107925653457642e-05//
train_individual_losses$30400$tensor([1.9373e-11, 2.2677e-12, 1.0648e-07, 1.9558e-07, 3.3608e-04, 1.4134e-09,
        1.0946e-07, 1.8566e-09, 5.3863e-11, 1.4230e-04, 1.9632e-10, 7.5497e-13,
        8.4828e-09, 1.7420e-08, 1.6053e-09, 2.3262e-11, 1.8252e-09, 8.9349e-08,
        7.4513e-07, 1.4193e-04])//
train_examples$30400$8000.0//
train_loss$32000$3.1519806385040286e-05//
train_individual_losses$32000$tensor([1.4171e-07, 1.1139e-06, 1.3471e-10, 1.5240e-09, 3.3788e-04, 1.2077e-07,
        1.3752e-09, 1.3451e-11, 2.9631e-08, 1.4287e-04, 5.3473e-06, 6.0462e-12,
        1.1592e-10, 1.6717e-10, 3.3937e-13, 2.4723e-11, 1.3713e-11, 4.6324e-07,
        7.3590e-08, 1.4235e-04])//
train_examples$32000$8000.0//
train_loss$33600$3.110623061656952e-05//
train_individual_losses$33600$tensor([8.8646e-11, 4.6117e-10, 4.2190e-07, 1.8372e-07, 3.3122e-04, 4.7551e-10,
        6.1651e-10, 6.4707e-07, 2.2540e-13, 1.4568e-04, 4.3892e-09, 5.0573e-07,
        6.7440e-11, 9.0666e-12, 4.0637e-07, 3.4668e-11, 3.4294e-08, 1.9805e-08,
        2.9761e-07, 1.4270e-04])//
train_examples$33600$8000.0//
train_loss$35200$3.144187927246094e-05//
train_individual_losses$35200$tensor([7.9154e-07, 1.7068e-06, 5.9247e-08, 1.4784e-08, 3.3020e-04, 6.2960e-07,
        1.7112e-07, 4.5641e-08, 4.8674e-07, 1.4817e-04, 1.3529e-06, 7.2243e-12,
        1.3318e-09, 8.0150e-11, 6.4747e-09, 1.3953e-07, 7.0379e-11, 7.4953e-11,
        5.8059e-11, 1.4506e-04])//
train_examples$35200$8000.0//
train_loss$36800$3.1030416488647463e-05//
train_individual_losses$36800$tensor([1.8149e-08, 5.8967e-09, 2.0060e-10, 4.1773e-08, 3.3151e-04, 1.2881e-07,
        4.3110e-10, 6.1818e-11, 1.9066e-07, 1.4454e-04, 6.3765e-11, 1.2584e-13,
        5.8971e-10, 1.0942e-07, 2.3156e-10, 2.4149e-07, 3.2680e-07, 2.6378e-11,
        8.7873e-09, 1.4348e-04])//
train_examples$36800$8000.0//
train_loss$38400$3.107008635997772e-05//
train_individual_losses$38400$tensor([1.0641e-08, 9.1507e-12, 2.7859e-10, 1.4034e-09, 3.3417e-04, 2.8923e-08,
        2.3191e-08, 1.6612e-09, 1.2058e-13, 1.4466e-04, 1.1862e-08, 2.4083e-07,
        4.4916e-07, 1.0959e-08, 1.6929e-13, 3.3128e-11, 7.8537e-09, 1.3044e-11,
        1.1774e-11, 1.4179e-04])//
train_examples$38400$8000.0//
train_loss$40000$3.214566111564636e-05//
train_individual_losses$40000$tensor([1.0063e-09, 5.7500e-07, 1.8343e-08, 8.5473e-07, 3.3863e-04, 3.5204e-10,
        1.6549e-07, 3.0503e-11, 3.1274e-11, 1.5402e-04, 4.5781e-07, 1.7801e-09,
        2.5453e-11, 1.3402e-07, 4.1529e-12, 7.0731e-09, 2.1787e-11, 2.3976e-08,
        2.7149e-07, 1.4775e-04])//
train_examples$40000$8000.0//
train_loss$41600$3.104518055915833e-05//
train_individual_losses$41600$tensor([6.0995e-08, 2.3047e-07, 8.8312e-11, 2.7659e-11, 3.2945e-04, 5.8493e-08,
        2.3323e-10, 2.2539e-10, 8.2493e-13, 1.4705e-04, 7.5205e-09, 4.0663e-08,
        2.1635e-11, 3.2739e-08, 6.4278e-13, 1.5611e-07, 7.7600e-08, 5.5701e-09,
        3.6130e-09, 1.4373e-04])//
train_examples$41600$8000.0//
train_loss$43200$3.1417793035507205e-05//
train_individual_losses$43200$tensor([6.8226e-08, 1.8759e-06, 5.2628e-07, 3.0938e-09, 3.3756e-04, 1.6126e-07,
        1.6330e-07, 5.4004e-08, 1.4478e-11, 1.4406e-04, 4.4797e-07, 1.3450e-09,
        9.3138e-09, 5.1704e-12, 8.2430e-08, 2.6987e-11, 4.9931e-11, 3.7519e-11,
        3.3534e-08, 1.4330e-04])//
train_examples$43200$8000.0//
train_loss$44800$3.112175464630127e-05//
train_individual_losses$44800$tensor([1.9750e-07, 7.5427e-13, 6.2946e-11, 4.0108e-09, 3.3427e-04, 3.3873e-09,
        4.5797e-11, 1.8471e-09, 1.3092e-12, 1.4436e-04, 3.2884e-07, 6.0309e-10,
        4.3556e-09, 5.0082e-09, 2.7908e-12, 4.8451e-07, 4.2965e-11, 8.3087e-10,
        6.1133e-08, 1.4271e-04])//
train_examples$44800$8000.0//
train_loss$46400$3.1756815314292905e-05//
train_individual_losses$46400$tensor([3.9567e-07, 9.3101e-07, 2.5896e-09, 1.5189e-07, 3.4740e-04, 6.3372e-10,
        3.3439e-11, 9.3764e-08, 1.5490e-10, 1.4423e-04, 2.1925e-10, 7.1322e-09,
        5.0630e-10, 3.0742e-08, 1.5954e-09, 1.4246e-11, 4.7632e-09, 2.1286e-07,
        1.4132e-09, 1.4167e-04])//
train_examples$46400$8000.0//
train_loss$48000$3.266743421554565e-05//
train_individual_losses$48000$tensor([1.8201e-11, 4.8710e-13, 4.1071e-09, 6.7218e-09, 3.3329e-04, 2.2868e-07,
        7.0322e-11, 3.2848e-11, 8.6315e-13, 1.6591e-04, 4.1996e-07, 1.6307e-06,
        1.4951e-10, 1.4638e-09, 3.2926e-08, 5.0856e-11, 1.8886e-07, 1.4510e-11,
        1.1334e-10, 1.5163e-04])//
train_examples$48000$8000.0//
train_loss$49600$3.085995316505432e-05//
train_individual_losses$49600$tensor([6.5492e-08, 1.4072e-07, 3.0094e-10, 7.1969e-11, 3.2911e-04, 4.9354e-10,
        3.6756e-10, 1.0239e-11, 1.0326e-09, 1.4528e-04, 1.3719e-11, 9.6788e-08,
        1.3761e-10, 3.6552e-09, 5.9235e-13, 3.8743e-08, 1.1806e-11, 8.7458e-10,
        4.5251e-11, 1.4246e-04])//
train_examples$49600$8000.0//
train_loss$51200$3.0859193205833436e-05//
train_individual_losses$51200$tensor([1.3268e-11, 5.2429e-09, 6.8000e-11, 3.7701e-08, 3.2989e-04, 2.8887e-09,
        1.7582e-08, 2.9720e-09, 4.8828e-08, 1.4241e-04, 1.9076e-06, 1.3951e-08,
        1.9598e-08, 2.4208e-07, 4.4241e-12, 1.3414e-06, 2.0223e-08, 1.2483e-10,
        3.8848e-11, 1.4123e-04])//
train_examples$51200$8000.0//
train_loss$52800$3.112806081771851e-05//
train_individual_losses$52800$tensor([4.5068e-11, 8.4489e-10, 1.5427e-11, 1.2846e-10, 3.3543e-04, 2.7100e-10,
        3.7708e-11, 2.2593e-11, 1.4587e-10, 1.4224e-04, 2.5039e-11, 1.4448e-11,
        2.8855e-11, 1.8137e-07, 1.7787e-08, 1.0720e-10, 3.5066e-10, 1.0369e-10,
        2.1967e-06, 1.4250e-04])//
train_examples$52800$8000.0//
train_loss$54400$3.0896484851837156e-05//
train_individual_losses$54400$tensor([5.7102e-10, 5.9392e-09, 1.6775e-10, 2.9377e-11, 3.2877e-04, 2.3662e-10,
        1.0828e-06, 7.0136e-08, 7.7688e-11, 1.4456e-04, 2.5928e-11, 9.1919e-08,
        2.7676e-08, 5.1964e-11, 8.0634e-09, 1.3640e-11, 6.8450e-11, 2.9847e-07,
        5.7041e-10, 1.4302e-04])//
train_examples$54400$8000.0//
train_loss$56000$3.1166350841522215e-05//
train_individual_losses$56000$tensor([4.3218e-07, 2.3363e-12, 5.9542e-11, 8.0553e-11, 3.3430e-04, 9.9838e-10,
        6.0285e-11, 1.7542e-09, 3.9594e-08, 1.4419e-04, 3.8151e-10, 5.1803e-08,
        2.8881e-07, 1.5243e-09, 1.1202e-09, 3.1673e-10, 6.7419e-08, 3.0542e-07,
        2.5823e-09, 1.4365e-04])//
train_examples$56000$8000.0//
train_loss$57600$3.0874887108802794e-05//
train_individual_losses$57600$tensor([1.0706e-07, 1.7232e-11, 2.2163e-08, 9.3770e-09, 3.3182e-04, 8.5836e-09,
        4.3286e-10, 1.1180e-09, 1.2398e-06, 1.4190e-04, 3.9134e-08, 1.7924e-09,
        3.3627e-11, 6.3504e-09, 4.5216e-08, 2.1156e-11, 5.9436e-11, 1.2400e-10,
        8.9339e-12, 1.4230e-04])//
train_examples$57600$8000.0//
train_loss$59200$3.1406179070472714e-05//
train_individual_losses$59200$tensor([3.0178e-11, 2.6517e-11, 9.6066e-12, 6.5239e-07, 3.3134e-04, 2.9062e-09,
        8.4381e-11, 6.6899e-08, 9.5186e-09, 1.5040e-04, 1.5981e-09, 6.8972e-12,
        3.2625e-08, 3.8328e-10, 3.5959e-12, 7.0603e-12, 2.0743e-10, 4.4225e-08,
        1.6657e-08, 1.4555e-04])//
train_examples$59200$8000.0//
train_loss$60800$3.157642483711243e-05//
train_individual_losses$60800$tensor([1.8631e-07, 2.1745e-06, 9.2503e-09, 1.4326e-08, 3.3021e-04, 3.9181e-07,
        1.0468e-06, 4.0743e-09, 1.8176e-12, 1.4839e-04, 9.7441e-12, 5.6759e-11,
        2.4259e-11, 1.7376e-11, 6.6979e-07, 5.2528e-11, 6.2144e-11, 4.0293e-10,
        5.6517e-08, 1.4838e-04])//
train_examples$60800$8000.0//
train_loss$62400$3.1122153997421265e-05//
train_individual_losses$62400$tensor([1.9587e-08, 3.2631e-13, 1.1972e-11, 5.2243e-09, 3.3555e-04, 9.3141e-08,
        2.3398e-07, 1.0218e-10, 2.2125e-08, 1.4328e-04, 4.2744e-11, 8.3607e-12,
        2.4169e-11, 9.7469e-12, 1.2146e-12, 1.4299e-10, 3.8914e-08, 1.1773e-09,
        1.9570e-10, 1.4320e-04])//
train_examples$62400$8000.0//
train_loss$64000$3.0973505973815915e-05//
train_individual_losses$64000$tensor([2.4476e-10, 1.2471e-09, 2.5119e-11, 3.8634e-07, 3.3433e-04, 7.7697e-10,
        6.5160e-11, 1.9833e-11, 7.4532e-10, 1.4246e-04, 4.5972e-10, 5.9901e-11,
        1.1021e-06, 5.6639e-08, 1.6409e-11, 2.2477e-08, 2.4361e-11, 1.0196e-08,
        1.2566e-11, 1.4110e-04])//
train_examples$64000$8000.0//
train_loss$65600$3.1677523255348205e-05//
train_individual_losses$65600$tensor([3.9570e-08, 2.7848e-11, 7.2396e-08, 7.8218e-08, 3.4823e-04, 1.9336e-08,
        9.1789e-10, 3.0461e-08, 4.3090e-08, 1.4252e-04, 9.4344e-08, 3.5494e-13,
        1.0481e-10, 7.6488e-12, 3.6165e-09, 2.7299e-07, 2.4609e-09, 1.6222e-10,
        2.9154e-08, 1.4211e-04])//
train_examples$65600$8000.0//
train_loss$67200$3.1287094950675964e-05//
train_individual_losses$67200$tensor([6.3208e-09, 1.2457e-06, 1.2065e-06, 2.4412e-08, 3.3832e-04, 8.5359e-10,
        8.4896e-11, 3.9328e-09, 8.5135e-07, 1.4139e-04, 2.0473e-08, 7.4961e-14,
        2.9410e-11, 1.2575e-11, 3.1728e-08, 1.1913e-09, 1.6479e-08, 6.6548e-08,
        1.2132e-06, 1.4134e-04])//
train_examples$67200$8000.0//
train_loss$68800$3.1278285384178164e-05//
train_individual_losses$68800$tensor([1.2877e-08, 1.0345e-07, 4.0509e-08, 3.7196e-09, 3.3473e-04, 3.1510e-09,
        1.7279e-08, 2.0891e-11, 1.0895e-07, 1.4737e-04, 1.6844e-07, 4.0120e-09,
        9.6779e-09, 1.8750e-11, 2.5334e-07, 1.4623e-10, 4.8064e-08, 4.1066e-09,
        6.5850e-08, 1.4262e-04])//
train_examples$68800$8000.0//
train_loss$70400$3.101322948932648e-05//
train_individual_losses$70400$tensor([1.4180e-09, 2.8703e-09, 6.6797e-08, 1.6116e-11, 3.3230e-04, 1.8230e-09,
        1.6866e-09, 2.1286e-11, 2.1337e-13, 1.4458e-04, 1.8998e-09, 4.1713e-07,
        3.4306e-09, 2.0042e-08, 2.9767e-08, 2.2858e-08, 9.1443e-09, 2.5338e-09,
        1.2972e-08, 1.4279e-04])//
train_examples$70400$8000.0//
train_loss$72000$3.157544732093811e-05//
train_individual_losses$72000$tensor([1.3814e-10, 4.6459e-10, 1.6616e-11, 9.1495e-09, 3.4005e-04, 2.4626e-08,
        1.6828e-10, 4.6026e-10, 2.1898e-07, 1.4565e-04, 1.1891e-11, 7.5375e-09,
        2.3312e-06, 1.6362e-07, 5.2382e-07, 2.6144e-11, 3.2022e-11, 4.2890e-08,
        4.0315e-08, 1.4245e-04])//
train_examples$72000$8000.0//
train_loss$73600$3.085681200027466e-05//
train_individual_losses$73600$tensor([2.1996e-11, 8.6983e-11, 3.7556e-11, 8.8198e-07, 3.3155e-04, 4.4450e-08,
        4.3632e-09, 6.3585e-09, 1.2565e-07, 1.4163e-04, 3.9277e-09, 1.1081e-09,
        1.1691e-07, 2.3400e-08, 4.9586e-07, 1.0791e-09, 3.0791e-11, 5.0255e-10,
        4.8537e-10, 1.4225e-04])//
train_examples$73600$8000.0//
train_loss$75200$3.155463039875031e-05//
train_individual_losses$75200$tensor([1.7292e-09, 1.1685e-09, 6.8206e-08, 3.2189e-11, 3.3226e-04, 2.0914e-10,
        2.7226e-10, 2.6464e-11, 2.8422e-12, 1.4831e-04, 1.3991e-10, 1.3406e-11,
        3.5174e-06, 7.3884e-09, 1.0738e-09, 6.7587e-09, 2.4234e-09, 1.3527e-10,
        2.0275e-12, 1.4691e-04])//
train_examples$75200$8000.0//
train_loss$76800$3.118272125720978e-05//
train_individual_losses$76800$tensor([3.0663e-11, 9.7976e-08, 3.5182e-07, 8.4539e-11, 3.2909e-04, 2.7362e-09,
        4.0529e-07, 2.8834e-11, 1.5244e-13, 1.4920e-04, 1.1565e-07, 4.1979e-09,
        7.9225e-10, 2.8563e-11, 1.3037e-06, 9.1245e-09, 2.2082e-07, 1.7422e-10,
        1.5312e-08, 1.4284e-04])//
train_examples$76800$8000.0//
train_loss$78400$3.1271401047706606e-05//
train_individual_losses$78400$tensor([3.7955e-10, 6.7474e-08, 9.5499e-11, 1.1183e-08, 3.3681e-04, 2.5349e-06,
        1.5284e-06, 1.3975e-11, 1.9300e-11, 1.4147e-04, 1.1792e-08, 1.0763e-08,
        1.1920e-08, 6.3834e-09, 1.5446e-07, 1.8851e-07, 2.8089e-10, 3.0349e-11,
        1.7208e-09, 1.4262e-04])//
train_examples$78400$8000.0//
train_loss$80000$3.222951292991638e-05//
train_individual_losses$80000$tensor([1.7407e-10, 1.0093e-10, 6.8320e-12, 1.6890e-11, 3.3745e-04, 3.9576e-10,
        4.5053e-08, 7.2959e-07, 7.1271e-09, 1.5521e-04, 3.7734e-08, 2.7975e-10,
        1.6043e-07, 9.5346e-08, 5.7899e-09, 5.2368e-07, 2.2495e-09, 6.5235e-11,
        1.4324e-11, 1.5032e-04])//
train_examples$80000$8000.0//
train_loss$81600$3.1383109092712404e-05//
train_individual_losses$81600$tensor([7.6632e-07, 1.2202e-10, 4.0459e-11, 1.2002e-11, 3.2911e-04, 3.8345e-08,
        3.7988e-09, 3.5202e-09, 2.1471e-09, 1.4779e-04, 3.1212e-09, 1.2060e-06,
        6.7588e-07, 1.9250e-09, 6.7476e-09, 4.8820e-08, 1.0579e-07, 3.4742e-10,
        2.4457e-06, 1.4545e-04])//
train_examples$81600$8000.0//
train_loss$83200$3.186341524124145e-05//
train_individual_losses$83200$tensor([2.3098e-09, 6.7150e-10, 1.6029e-08, 3.9734e-06, 3.4458e-04, 4.4435e-06,
        4.3678e-09, 7.2903e-08, 1.2767e-11, 1.4233e-04, 1.2284e-07, 6.2093e-11,
        7.1500e-07, 2.0685e-08, 9.7452e-12, 1.7141e-11, 2.7106e-10, 6.4837e-08,
        3.9459e-08, 1.4088e-04])//
train_examples$83200$8000.0//
train_loss$84800$3.161483705043793e-05//
train_individual_losses$84800$tensor([8.7016e-10, 7.8996e-09, 8.7983e-09, 1.5255e-08, 3.4272e-04, 2.7811e-07,
        8.8147e-11, 2.7287e-06, 4.9747e-13, 1.4293e-04, 1.9074e-08, 5.6363e-08,
        1.8089e-11, 1.3504e-11, 5.2178e-09, 1.7827e-08, 1.4200e-09, 1.8999e-11,
        1.3161e-08, 1.4349e-04])//
train_examples$84800$8000.0//
train_loss$86400$3.109977841377258e-05//
train_individual_losses$86400$tensor([8.7994e-12, 2.0121e-08, 1.3856e-11, 7.5244e-08, 3.3016e-04, 4.0798e-10,
        1.0286e-10, 2.6550e-10, 1.0181e-08, 1.4380e-04, 1.1084e-08, 1.0404e-07,
        1.1860e-06, 3.7732e-07, 2.4982e-07, 2.1870e-10, 2.9477e-08, 1.4888e-11,
        2.7135e-08, 1.4595e-04])//
train_examples$86400$8000.0//
train_loss$88000$3.101310133934021e-05//
train_individual_losses$88000$tensor([1.3454e-10, 4.5594e-08, 1.5682e-11, 5.5833e-09, 3.3354e-04, 3.3127e-09,
        2.1358e-07, 6.8077e-10, 1.8777e-08, 1.4258e-04, 2.0656e-06, 2.1238e-12,
        1.4644e-07, 1.9067e-10, 6.1014e-13, 1.4978e-10, 1.0279e-09, 4.1646e-10,
        8.4733e-08, 1.4155e-04])//
train_examples$88000$8000.0//
train_loss$89600$3.090951144695282e-05//
train_individual_losses$89600$tensor([2.4239e-07, 1.7930e-12, 2.7600e-07, 3.0897e-11, 3.2978e-04, 8.0000e-08,
        4.4781e-11, 2.2856e-09, 2.3219e-10, 1.4180e-04, 6.3980e-10, 7.1553e-07,
        3.6669e-06, 2.3241e-07, 1.7933e-11, 1.9000e-09, 4.7018e-08, 6.5714e-11,
        9.8246e-11, 1.4134e-04])//
train_examples$89600$8000.0//
train_loss$91200$3.113047480583191e-05//
train_individual_losses$91200$tensor([1.6226e-09, 2.2599e-08, 6.4892e-08, 3.2567e-11, 3.3569e-04, 1.2157e-06,
        2.7272e-08, 3.2251e-11, 5.8400e-11, 1.4336e-04, 1.2558e-08, 3.5982e-13,
        2.3457e-10, 2.6811e-10, 2.7367e-09, 4.9346e-07, 5.1938e-09, 4.8483e-11,
        7.0997e-11, 1.4172e-04])//
train_examples$91200$8000.0//
train_loss$92800$3.1238478422164916e-05//
train_individual_losses$92800$tensor([3.2924e-10, 2.3782e-07, 3.3570e-11, 7.4280e-08, 3.3112e-04, 2.0966e-10,
        1.4948e-09, 3.2873e-11, 1.2952e-09, 1.4704e-04, 1.4796e-11, 6.0027e-08,
        5.0622e-08, 1.5942e-07, 6.8833e-09, 7.4102e-09, 1.8993e-11, 1.8729e-11,
        6.0474e-09, 1.4600e-04])//
train_examples$92800$8000.0//
train_loss$94400$3.1303921341896055e-05//
train_individual_losses$94400$tensor([1.0743e-08, 1.9866e-12, 1.4273e-08, 3.5483e-06, 3.3751e-04, 5.7552e-07,
        9.1811e-07, 2.8745e-08, 3.7988e-09, 1.4200e-04, 1.4825e-09, 1.0889e-12,
        2.7462e-10, 4.7754e-11, 2.5700e-10, 2.3109e-08, 4.5438e-11, 1.5986e-08,
        1.9821e-11, 1.4142e-04])//
train_examples$94400$8000.0//
train_loss$96000$3.088568150997162e-05//
train_individual_losses$96000$tensor([2.2523e-11, 2.1737e-11, 7.8184e-10, 2.1438e-10, 3.3264e-04, 1.1296e-07,
        9.3461e-09, 1.0769e-09, 5.2975e-10, 1.4175e-04, 2.0693e-08, 4.3749e-08,
        5.2323e-11, 1.3479e-06, 6.7117e-11, 9.5702e-12, 1.0996e-09, 3.5948e-07,
        1.0464e-07, 1.4131e-04])//
train_examples$96000$8000.0//
train_loss$97600$3.194192945957184e-05//
train_individual_losses$97600$tensor([7.4878e-11, 2.1461e-10, 1.7372e-07, 1.4469e-11, 3.3252e-04, 3.8601e-08,
        1.3360e-10, 2.2393e-11, 2.6101e-10, 1.5311e-04, 7.6083e-11, 3.4294e-10,
        2.1041e-09, 5.5106e-12, 2.0885e-12, 8.8942e-12, 1.8337e-10, 5.5230e-10,
        7.8178e-11, 1.5299e-04])//
train_examples$97600$8000.0//
train_loss$99200$3.089344203472138e-05//
train_individual_losses$99200$tensor([1.6476e-07, 3.2711e-11, 2.8061e-07, 1.4205e-09, 3.2945e-04, 2.7090e-07,
        5.7674e-11, 2.6919e-09, 9.8514e-11, 1.4495e-04, 9.7229e-10, 1.7304e-13,
        6.5523e-09, 8.0502e-08, 1.2500e-08, 2.6247e-10, 2.0171e-09, 4.5949e-07,
        3.0702e-07, 1.4188e-04])//
train_examples$99200$8000.0//
train_loss$100800$3.087840378284454e-05//
train_individual_losses$100800$tensor([3.0047e-09, 9.9681e-11, 4.7975e-07, 6.7112e-11, 3.3222e-04, 1.2194e-08,
        4.6464e-11, 1.7722e-11, 3.5879e-09, 1.4158e-04, 7.7849e-08, 1.6488e-06,
        1.7516e-08, 1.0149e-08, 1.0623e-12, 1.1784e-07, 1.4301e-10, 6.9977e-10,
        1.4806e-11, 1.4139e-04])//
train_examples$100800$8000.0//
train_loss$102400$3.1250253319740293e-05//
train_individual_losses$102400$tensor([7.9069e-08, 4.9747e-08, 1.5722e-07, 3.6476e-09, 3.3105e-04, 1.3342e-10,
        3.6834e-06, 7.6683e-10, 1.1337e-11, 1.4619e-04, 3.4662e-10, 9.4194e-11,
        8.5256e-07, 6.9097e-12, 3.3421e-12, 1.3984e-08, 5.1856e-11, 4.1882e-11,
        7.7448e-10, 1.4292e-04])//
train_examples$102400$8000.0//
train_loss$104000$3.13958078622818e-05//
train_individual_losses$104000$tensor([1.0874e-11, 6.7640e-07, 1.0018e-07, 1.9550e-08, 3.3033e-04, 2.5869e-08,
        1.2036e-08, 2.3996e-09, 1.0488e-12, 1.4678e-04, 1.0707e-11, 1.5354e-12,
        3.2739e-11, 8.2130e-10, 7.8304e-09, 2.2012e-08, 1.6923e-08, 2.1023e-11,
        1.5720e-09, 1.4992e-04])//
train_examples$104000$8000.0//
train_loss$105600$3.086403906345367e-05//
train_individual_losses$105600$tensor([2.4338e-07, 1.8222e-11, 6.1402e-12, 1.2211e-11, 3.3375e-04, 1.5511e-10,
        4.3115e-11, 2.0900e-11, 8.5138e-13, 1.4312e-04, 2.5829e-08, 2.7139e-09,
        3.4610e-08, 1.6737e-08, 5.0604e-13, 1.1605e-11, 5.6536e-08, 1.6906e-11,
        4.9349e-12, 1.4002e-04])//
train_examples$105600$8000.0//
train_loss$107200$3.098952174186707e-05//
train_individual_losses$107200$tensor([4.5828e-09, 2.1085e-12, 1.3711e-07, 6.5189e-10, 3.3488e-04, 1.0630e-06,
        9.4367e-07, 1.4063e-11, 6.9813e-09, 1.4282e-04, 1.0202e-10, 1.5780e-09,
        2.1348e-10, 5.2966e-10, 1.0047e-11, 7.1992e-07, 6.0638e-09, 2.9765e-09,
        1.3585e-12, 1.3921e-04])//
train_examples$107200$8000.0//
train_loss$108800$3.094940483570099e-05//
train_individual_losses$108800$tensor([3.7437e-11, 2.8979e-13, 2.0224e-08, 3.2197e-09, 3.3492e-04, 2.8617e-09,
        1.2238e-08, 6.1751e-08, 4.4657e-07, 1.4511e-04, 1.4974e-10, 3.6620e-13,
        1.0378e-10, 2.3319e-09, 5.5880e-13, 1.4929e-07, 4.5279e-08, 1.6383e-11,
        2.8849e-10, 1.3822e-04])//
train_examples$108800$8000.0//
train_loss$110400$3.0682283639907834e-05//
train_individual_losses$110400$tensor([3.2823e-07, 1.2754e-09, 3.7392e-11, 2.7231e-07, 3.3573e-04, 1.6421e-10,
        5.0797e-10, 2.2981e-10, 6.4395e-11, 1.4386e-04, 2.2698e-08, 1.2372e-12,
        3.9441e-11, 1.8616e-11, 8.3262e-11, 7.1283e-07, 3.1627e-09, 3.7985e-11,
        6.3717e-12, 1.3271e-04])//
train_examples$110400$8000.0//
train_loss$112000$2.9075458645820618e-05//
train_individual_losses$112000$tensor([5.2510e-11, 4.4047e-10, 3.1535e-10, 2.3739e-07, 3.3434e-04, 1.5766e-07,
        1.5657e-07, 2.9437e-11, 6.0059e-09, 1.4152e-04, 2.0372e-07, 4.7336e-12,
        1.9472e-08, 4.4206e-12, 2.1628e-12, 8.8084e-11, 1.5275e-11, 1.7180e-09,
        1.6911e-07, 1.0470e-04])//
train_examples$112000$8000.0//
train_loss$113600$2.5619277358055115e-05//
train_individual_losses$113600$tensor([1.8988e-06, 4.3258e-13, 7.6637e-09, 1.9341e-07, 3.3073e-04, 1.9031e-09,
        9.1696e-10, 1.7596e-11, 7.1193e-14, 1.4335e-04, 3.8922e-08, 6.4964e-10,
        1.2534e-11, 3.5982e-12, 3.0907e-12, 1.2209e-10, 9.3230e-09, 9.5205e-11,
        1.6789e-10, 3.6154e-05])//
train_examples$113600$8000.0//
train_loss$115200$2.396263927221298e-05//
train_individual_losses$115200$tensor([2.6158e-06, 3.9809e-08, 8.7876e-10, 5.4217e-09, 3.3336e-04, 1.9510e-10,
        1.3305e-08, 1.1827e-09, 1.2698e-08, 1.4315e-04, 2.3172e-10, 1.0857e-08,
        4.2606e-08, 3.9855e-09, 6.5358e-12, 3.9475e-09, 2.0973e-11, 6.9308e-11,
        3.4911e-11, 5.8283e-10])//
train_examples$115200$8000.0//
train_loss$116800$2.434908598661423e-05//
train_individual_losses$116800$tensor([2.2762e-08, 1.2810e-07, 1.9522e-08, 8.0383e-10, 3.3695e-04, 1.1952e-07,
        3.1889e-08, 4.4309e-08, 4.4217e-13, 1.4804e-04, 1.0238e-09, 3.1180e-12,
        2.6040e-09, 4.8293e-07, 4.0744e-08, 3.0102e-07, 2.6376e-08, 4.2355e-08,
        7.3238e-07, 2.4026e-09])//
train_examples$116800$8000.0//
train_loss$118400$2.39475280046463e-05//
train_individual_losses$118400$tensor([6.9767e-10, 9.4525e-14, 1.3584e-11, 7.6415e-08, 3.3204e-04, 1.9660e-09,
        1.5013e-07, 7.5497e-11, 2.3897e-13, 1.4569e-04, 4.9714e-10, 5.3575e-11,
        8.8291e-11, 3.8230e-09, 3.2216e-07, 1.2891e-08, 1.3464e-11, 3.2498e-07,
        2.1886e-09, 3.2140e-07])//
train_examples$118400$8000.0//
train_loss$120000$2.3906105756759644e-05//
train_individual_losses$120000$tensor([7.6809e-07, 5.4414e-11, 4.2943e-11, 1.1136e-10, 3.2865e-04, 1.6691e-09,
        2.2340e-08, 2.3813e-08, 1.6712e-09, 1.4769e-04, 3.4757e-10, 3.1471e-07,
        4.6883e-08, 7.8339e-11, 5.1461e-07, 3.2598e-09, 3.8017e-11, 2.6760e-08,
        7.5190e-09, 4.8622e-08])//
train_examples$120000$8000.0//
train_loss$121600$2.365635931491852e-05//
train_individual_losses$121600$tensor([2.1609e-06, 6.7454e-12, 2.4437e-11, 2.1068e-07, 3.2919e-04, 5.4681e-10,
        4.8475e-11, 1.3095e-10, 1.5203e-10, 1.4122e-04, 4.4006e-10, 3.3286e-08,
        2.8675e-07, 2.4208e-11, 1.0282e-08, 1.1318e-08, 1.8915e-10, 2.3067e-10,
        3.5735e-09, 1.6353e-11])//
train_examples$121600$8000.0//
train_loss$123200$2.4447134137153626e-05//
train_individual_losses$123200$tensor([5.4425e-07, 6.3942e-12, 1.8263e-11, 7.8277e-07, 3.3767e-04, 1.4588e-10,
        3.2545e-11, 6.5983e-11, 4.4691e-10, 1.4967e-04, 6.3224e-09, 6.7872e-14,
        8.0996e-11, 4.3300e-08, 2.9884e-10, 9.1702e-10, 1.8917e-07, 4.0118e-08,
        3.3412e-12, 7.0074e-10])//
train_examples$123200$8000.0//
train_loss$124800$2.3948325216770172e-05//
train_individual_losses$124800$tensor([2.7731e-10, 9.4317e-09, 6.7012e-08, 1.3508e-10, 3.3126e-04, 4.2426e-08,
        1.4327e-08, 5.9033e-09, 1.8553e-10, 1.4707e-04, 1.6824e-10, 7.2659e-09,
        4.2353e-07, 6.5458e-08, 2.5848e-12, 6.7673e-10, 1.2649e-11, 1.7380e-11,
        9.0931e-12, 1.8921e-11])//
train_examples$124800$8000.0//
train_loss$126400$2.4773070216178895e-05//
train_individual_losses$126400$tensor([1.1163e-07, 1.3662e-13, 2.5555e-10, 1.3755e-10, 3.3987e-04, 7.8904e-08,
        6.8034e-09, 4.0019e-10, 7.2039e-10, 1.5345e-04, 1.1273e-11, 2.1762e-10,
        5.5553e-08, 9.3405e-07, 2.5888e-08, 1.0012e-11, 2.1356e-10, 3.4818e-10,
        3.5200e-07, 5.7311e-07])//
train_examples$126400$8000.0//
train_loss$128000$2.433718889951706e-05//
train_individual_losses$128000$tensor([2.8131e-07, 1.6737e-13, 3.4643e-11, 1.1763e-11, 3.4363e-04, 9.2793e-08,
        9.6494e-11, 1.2040e-11, 7.1544e-08, 1.4236e-04, 2.4477e-08, 2.4806e-12,
        4.2268e-11, 2.5266e-11, 3.5957e-08, 6.0568e-09, 8.0784e-08, 4.3944e-08,
        1.1540e-07, 5.4494e-12])//
train_examples$128000$8000.0//
train_loss$129600$1.6925069689750672e-05//
train_individual_losses$129600$tensor([2.7610e-10, 1.5730e-09, 8.3533e-11, 9.4958e-08, 3.3363e-04, 1.1972e-10,
        4.0860e-11, 1.4501e-08, 3.5768e-13, 1.8192e-07, 2.6250e-06, 7.0818e-07,
        2.0474e-11, 1.6231e-09, 2.5569e-09, 4.3389e-12, 3.5451e-11, 1.3215e-08,
        9.7389e-07, 2.5172e-07])//
train_examples$129600$8000.0//
train_loss$131200$1.679590344429016e-05//
train_individual_losses$131200$tensor([3.8132e-08, 1.1476e-07, 2.2014e-06, 8.1790e-11, 3.2878e-04, 4.4603e-10,
        9.8161e-10, 1.2212e-07, 1.8999e-08, 4.7714e-10, 1.6223e-08, 5.8063e-08,
        1.8615e-06, 2.1029e-06, 5.0752e-10, 5.5065e-10, 4.1749e-07, 8.6000e-11,
        1.7610e-12, 1.8174e-07])//
train_examples$131200$8000.0//
train_loss$132800$1.649409830570221e-05//
train_individual_losses$132800$tensor([9.4267e-11, 1.2254e-08, 9.7618e-12, 5.4913e-09, 3.2892e-04, 2.4413e-09,
        1.2681e-10, 2.6480e-07, 2.4434e-10, 6.2255e-09, 2.3905e-07, 6.0811e-09,
        4.8731e-11, 1.2241e-08, 5.6995e-10, 1.1647e-08, 4.0378e-07, 2.3609e-11,
        2.7857e-11, 1.4046e-09])//
train_examples$132800$8000.0//
train_loss$134400$1.6997869312763213e-05//
train_individual_losses$134400$tensor([2.6264e-11, 1.1162e-11, 1.6379e-07, 1.4112e-11, 3.3715e-04, 3.2885e-07,
        2.2411e-06, 3.0895e-10, 2.5105e-09, 4.1410e-08, 3.3675e-11, 6.2299e-11,
        3.6155e-11, 1.9712e-10, 2.2636e-11, 1.1572e-11, 1.4633e-10, 1.9777e-08,
        6.1499e-09, 5.0173e-09])//
train_examples$134400$8000.0//
train_loss$136000$1.688818484544754e-05//
train_individual_losses$136000$tensor([1.3797e-11, 3.0689e-10, 2.4555e-08, 1.9958e-06, 3.3378e-04, 2.5519e-09,
        1.2764e-06, 8.0654e-09, 8.2129e-08, 1.6872e-08, 1.1297e-08, 9.2456e-10,
        1.9473e-08, 2.6534e-08, 1.8142e-07, 8.9338e-09, 4.1769e-10, 8.6884e-11,
        3.2415e-07, 2.3224e-10])//
train_examples$136000$8000.0//
train_loss$137600$1.7367985844612123e-05//
train_individual_losses$137600$tensor([5.6904e-11, 1.0206e-09, 9.6029e-08, 1.0822e-08, 3.4331e-04, 5.1379e-10,
        2.2062e-08, 2.7147e-08, 1.6493e-06, 3.4343e-11, 2.5552e-09, 6.4937e-08,
        4.3255e-07, 3.0866e-07, 6.9256e-08, 7.9416e-07, 6.6951e-11, 5.6123e-07,
        8.2272e-09, 1.8180e-10])//
train_examples$137600$8000.0//
train_loss$139200$1.7043206095695495e-05//
train_individual_losses$139200$tensor([1.2058e-09, 1.7601e-09, 5.3592e-08, 1.1338e-07, 3.3821e-04, 2.2597e-10,
        1.5483e-10, 5.4437e-07, 2.9246e-07, 1.2663e-09, 1.0621e-07, 1.2454e-06,
        1.2631e-07, 8.8893e-11, 1.5965e-12, 2.0049e-11, 2.7543e-10, 2.5748e-08,
        8.7651e-09, 1.2865e-07])//
train_examples$139200$8000.0//
train_loss$140800$1.7002286016941072e-05//
train_individual_losses$140800$tensor([5.3088e-07, 1.6132e-12, 4.0270e-08, 9.9364e-09, 3.3902e-04, 5.1796e-09,
        3.5722e-11, 2.1767e-07, 2.1142e-13, 7.2315e-10, 2.8109e-11, 2.0845e-13,
        1.9676e-11, 2.1301e-07, 4.7034e-11, 2.2110e-11, 2.9033e-10, 1.3253e-09,
        4.3097e-10, 5.4327e-09])//
train_examples$140800$8000.0//
train_loss$142400$1.669100821018219e-05//
train_individual_losses$142400$tensor([4.6420e-11, 1.7654e-13, 3.0682e-11, 3.9050e-08, 3.3286e-04, 2.5407e-07,
        1.7147e-10, 5.9138e-09, 6.9929e-08, 4.3630e-10, 1.9152e-11, 2.4827e-13,
        5.6106e-08, 1.4244e-10, 1.2124e-07, 6.0508e-09, 1.9537e-07, 1.6167e-07,
        2.9542e-08, 2.1584e-08])//
train_examples$142400$8000.0//
train_loss$144000$1.6517405211925508e-05//
train_individual_losses$144000$tensor([1.5745e-10, 8.6168e-12, 5.0787e-09, 2.1326e-09, 3.2984e-04, 5.6442e-08,
        5.8116e-11, 1.5697e-09, 1.6715e-12, 2.7403e-09, 6.0899e-08, 1.8067e-12,
        1.2904e-07, 9.0729e-11, 1.3320e-10, 4.3739e-10, 1.3769e-09, 2.3977e-07,
        9.3909e-09, 3.0726e-10])//
train_examples$144000$8000.0//
train_loss$145600$1.6872482001781465e-05//
train_individual_losses$145600$tensor([5.6325e-08, 8.7759e-07, 6.0252e-09, 2.1964e-11, 3.3564e-04, 2.8953e-10,
        2.8435e-10, 7.7308e-09, 4.2553e-08, 3.9091e-11, 1.0477e-07, 8.7633e-08,
        1.7967e-07, 1.6746e-11, 3.9206e-07, 1.7513e-10, 1.7420e-11, 3.1186e-09,
        4.1589e-08, 1.1400e-08])//
train_examples$145600$8000.0//
train_loss$147200$1.6501151025295256e-05//
train_individual_losses$147200$tensor([6.0504e-11, 3.8575e-08, 2.3674e-08, 5.0156e-07, 3.2911e-04, 2.3645e-09,
        1.4256e-07, 1.0513e-08, 6.9573e-11, 2.0689e-11, 1.8042e-11, 1.9872e-13,
        6.6929e-08, 7.2047e-12, 3.0786e-10, 1.6622e-09, 6.4867e-11, 1.1486e-07,
        2.3900e-12, 8.8971e-09])//
train_examples$147200$8000.0//
train_loss$148800$1.6481216251850127e-05//
train_individual_losses$148800$tensor([2.3748e-11, 6.5275e-09, 8.2039e-10, 1.3030e-11, 3.2958e-04, 4.4125e-09,
        1.9981e-08, 4.0026e-11, 1.6624e-09, 4.2747e-11, 5.2758e-11, 4.7038e-12,
        1.0538e-08, 2.1709e-11, 1.5166e-12, 1.4262e-11, 6.8280e-11, 7.0548e-11,
        5.7412e-12, 6.3364e-11])//
train_examples$148800$8000.0//
train_loss$150400$1.6688986122608186e-05//
train_individual_losses$150400$tensor([8.7369e-10, 6.1390e-09, 3.0498e-11, 1.0712e-10, 3.3298e-04, 4.8682e-09,
        6.6712e-09, 8.8146e-11, 6.4395e-09, 3.9349e-08, 8.0139e-10, 2.3002e-07,
        5.1022e-11, 1.7007e-11, 2.8555e-12, 6.5530e-12, 4.9936e-07, 6.5594e-09,
        1.9129e-10, 2.7512e-11])//
train_examples$150400$8000.0//
train_loss$152000$1.7154133319854738e-05//
train_individual_losses$152000$tensor([1.4870e-08, 9.5045e-09, 2.0166e-11, 4.7043e-07, 3.4109e-04, 5.4092e-09,
        4.4470e-07, 1.7340e-08, 4.9341e-13, 8.0450e-08, 1.7416e-08, 5.1759e-09,
        1.4429e-08, 2.5839e-11, 3.3305e-08, 8.7373e-07, 2.3505e-09, 2.2108e-10,
        7.2994e-11, 1.7009e-11])//
train_examples$152000$8000.0//
train_loss$153600$1.6685327887535096e-05//
train_individual_losses$153600$tensor([1.0446e-06, 9.6314e-13, 1.1980e-08, 1.1562e-11, 3.3189e-04, 1.2146e-07,
        2.2755e-10, 2.9389e-07, 6.3132e-13, 2.6496e-07, 1.6901e-11, 4.3535e-13,
        3.9817e-10, 7.6848e-12, 7.3937e-08, 4.3732e-10, 1.9571e-11, 7.3577e-10,
        1.3222e-09, 6.5748e-11])//
train_examples$153600$8000.0//
train_loss$155200$1.679929494857788e-05//
train_individual_losses$155200$tensor([1.7506e-09, 9.4519e-13, 5.9479e-11, 3.1584e-06, 3.3045e-04, 1.3413e-10,
        6.6016e-10, 1.7549e-06, 5.3799e-13, 8.2732e-11, 3.2228e-08, 3.7837e-13,
        2.1228e-08, 6.1868e-08, 1.1088e-07, 1.8098e-09, 4.3381e-08, 3.4385e-07,
        1.0314e-09, 6.2792e-12])//
train_examples$155200$8000.0//
train_loss$156800$1.7271234095096587e-05//
train_individual_losses$156800$tensor([2.2419e-10, 1.1629e-07, 9.0058e-08, 1.7600e-08, 3.3759e-04, 2.6784e-10,
        1.2039e-06, 2.8042e-06, 4.9411e-10, 2.6970e-07, 8.2246e-09, 1.0805e-08,
        5.3902e-07, 7.7584e-09, 6.5014e-13, 2.1955e-10, 2.0962e-09, 8.0324e-09,
        2.7536e-06, 9.9959e-11])//
train_examples$156800$8000.0//
train_loss$158400$1.6941283643245697e-05//
train_individual_losses$158400$tensor([1.6081e-11, 4.6869e-13, 5.8202e-08, 1.2474e-07, 3.3757e-04, 1.4584e-09,
        5.1765e-08, 3.9724e-09, 1.8680e-08, 1.4687e-11, 1.3983e-11, 8.6378e-10,
        6.4007e-08, 7.2329e-09, 8.7563e-08, 8.0340e-07, 1.4425e-11, 5.2610e-09,
        1.3687e-10, 2.9310e-08])//
train_examples$158400$8000.0//
train_loss$160000$1.6983669996261596e-05//
train_individual_losses$160000$tensor([4.3734e-09, 1.2697e-07, 6.9061e-07, 2.9039e-11, 3.3594e-04, 3.5577e-07,
        3.4921e-10, 1.4469e-07, 5.6062e-09, 1.8054e-09, 2.9111e-10, 1.7821e-07,
        1.3082e-10, 8.0604e-11, 7.8324e-07, 2.4010e-09, 5.0794e-08, 1.3925e-06,
        1.1581e-12, 1.1083e-10])//
train_examples$160000$8000.0