train_loss$0$62.53103466666666//
train_individual_losses$0$tensor([62.5681, 62.5135, 62.5296, 62.5469, 62.5422, 62.5282, 62.5146, 62.5200,
        62.5355, 62.5222, 62.5304, 62.5230, 62.5233, 62.5278, 62.5388, 62.5372,
        62.5387, 62.5489, 62.5376, 62.5442, 62.5293, 62.5206, 62.5550, 62.5293,
        62.5291, 62.5362, 62.5409, 62.5247, 62.5169, 62.5269, 62.5314, 62.5279,
        62.5229, 62.5414, 62.5324, 62.5265, 62.5255, 62.5197, 62.5190, 62.5253,
        62.5270, 62.5365, 62.5190, 62.5275, 62.5224, 62.5320, 62.5432, 62.5385,
        62.5316, 62.5227])//
train_examples$0$60000.0//
train_loss$2350000$0.0004517987060546875//
train_individual_losses$2350000$tensor([1.3043e-05, 2.7910e-04, 1.2030e-05, 1.9148e-04, 2.0953e-06, 9.0301e-04,
        1.6620e-04, 7.3797e-05, 1.8473e-04, 6.6353e-05, 8.7441e-05, 9.4196e-06,
        2.5692e-04, 1.4096e-04, 1.3385e-04, 2.4064e-04, 6.3938e-05, 1.5648e-05,
        8.7511e-05, 1.2951e-03, 1.0831e-04, 4.7820e-04, 1.9438e-03, 8.5425e-04,
        2.1204e-04, 8.1204e-05, 4.2739e-05, 6.0322e-05, 8.7318e-06, 2.2904e-04,
        6.0725e-04, 3.7566e-04, 2.1183e-04, 3.5551e-05, 1.6937e-04, 1.5617e-05,
        7.0570e-04, 2.4867e-03, 3.2112e-03, 3.2301e-05, 8.5779e-04, 1.7992e-04,
        4.3294e-05, 9.5379e-04, 5.8509e-05, 1.1986e-04, 9.4252e-05, 3.7511e-05,
        4.0188e-03, 1.3308e-04])//
train_examples$2350000$60000.0