train_loss$0$0.543687060546875//
train_individual_losses$0$tensor([0.5328, 0.5747, 0.5683, 0.5809, 0.5009, 0.5589, 0.5347, 0.5317, 0.4919,
        0.5231, 0.5766, 0.5584, 0.6182, 0.5379, 0.5653, 0.4965, 0.5655, 0.4275,
        0.6027, 0.5272])//
train_examples$0$8000.0//
train_loss$1600$0.0014734001159667969//
train_individual_losses$1600$tensor([1.0064e-03, 2.2431e-03, 3.0155e-03, 3.9841e-04, 8.0075e-04, 4.5542e-03,
        1.6342e-05, 2.2412e-03, 1.5685e-03, 9.0307e-04, 7.3678e-05, 9.0763e-05,
        9.3255e-04, 1.7190e-04, 1.0847e-03, 2.4457e-03, 1.6336e-03, 1.7419e-03,
        3.6235e-03, 9.2225e-04])//
train_examples$1600$8000.0//
train_loss$3200$0.0001929025411605835//
train_individual_losses$3200$tensor([1.4657e-04, 8.5192e-05, 3.7058e-04, 1.9861e-06, 1.7492e-05, 6.7855e-04,
        8.3798e-07, 4.0121e-04, 3.0075e-04, 2.9085e-04, 1.0965e-06, 2.7636e-06,
        2.3667e-04, 2.0366e-06, 3.0312e-04, 3.3371e-04, 3.2144e-04, 2.9424e-04,
        6.6051e-05, 2.9076e-06])//
train_examples$3200$8000.0//
train_loss$4800$7.239056825637817e-05//
train_individual_losses$4800$tensor([8.5654e-05, 6.0734e-05, 1.2934e-04, 5.3682e-08, 1.6567e-06, 1.4642e-04,
        8.4523e-08, 2.0402e-04, 8.4091e-05, 1.3617e-04, 4.1625e-08, 3.1945e-07,
        7.7868e-05, 1.3536e-07, 1.7203e-04, 8.5786e-05, 1.4056e-04, 7.8011e-05,
        4.4753e-05, 8.6558e-08])//
train_examples$4800$8000.0//
train_loss$6400$2.9342547059059143e-05//
train_individual_losses$6400$tensor([4.1076e-05, 3.2404e-05, 4.3942e-05, 4.5713e-09, 1.5608e-07, 4.3302e-05,
        8.3633e-09, 1.0082e-04, 2.3498e-05, 6.0880e-05, 4.1551e-09, 5.2014e-08,
        2.5979e-05, 1.1552e-08, 9.0987e-05, 2.3210e-05, 5.0517e-05, 1.9667e-05,
        3.0325e-05, 6.0594e-09])//
train_examples$6400$8000.0//
train_loss$8000$9.71251130104065e-06//
train_individual_losses$8000$tensor([1.2518e-05, 1.0625e-05, 1.0125e-05, 6.2909e-10, 4.9812e-09, 9.2348e-06,
        7.1196e-10, 5.1830e-05, 4.3596e-06, 2.5403e-05, 5.4275e-10, 4.3566e-09,
        7.3620e-06, 1.0585e-09, 3.2710e-05, 3.8760e-06, 4.3769e-06, 4.6458e-06,
        1.7172e-05, 8.1233e-10])//
train_examples$8000$8000.0//
train_loss$9600$3.3182404935359953e-06//
train_individual_losses$9600$tensor([3.2202e-06, 3.2664e-06, 1.5097e-06, 4.3224e-09, 4.9359e-08, 1.4628e-06,
        1.1596e-09, 1.8897e-05, 1.5215e-06, 1.5249e-05, 1.1427e-07, 3.9756e-07,
        1.7387e-06, 2.3031e-08, 9.2884e-06, 5.7382e-07, 1.7002e-07, 5.5426e-07,
        8.3232e-06, 6.8537e-11])//
train_examples$9600$8000.0//
train_loss$11200$1.3749432750046254e-06//
train_individual_losses$11200$tensor([1.0317e-06, 1.0569e-06, 2.7900e-07, 2.4494e-11, 1.0216e-07, 2.8676e-07,
        1.3747e-08, 7.3478e-06, 1.9687e-07, 8.9200e-06, 2.5560e-10, 1.4787e-10,
        6.3970e-07, 1.2664e-08, 3.1035e-06, 1.7314e-07, 1.1257e-08, 1.6017e-07,
        4.1626e-06, 3.5075e-10])//
train_examples$11200$8000.0//
train_loss$12800$8.999661542475224e-07//
train_individual_losses$12800$tensor([3.4591e-07, 3.0897e-07, 1.2774e-07, 1.0553e-08, 3.7744e-08, 1.0076e-07,
        2.5125e-07, 2.4455e-06, 8.5463e-08, 4.8219e-06, 9.9076e-08, 1.2893e-08,
        1.7008e-07, 5.0978e-10, 9.4535e-07, 9.1863e-08, 8.9471e-07, 3.9171e-06,
        3.3316e-06, 3.9311e-10])//
train_examples$12800$8000.0//
train_loss$14400$4.1179629042744635e-07//
train_individual_losses$14400$tensor([1.9279e-07, 2.1231e-07, 3.6542e-08, 1.6928e-07, 3.6088e-10, 3.4628e-07,
        1.2449e-06, 8.3875e-07, 4.1504e-08, 2.6397e-06, 1.6500e-10, 1.3206e-10,
        9.2706e-07, 1.4020e-11, 4.3477e-07, 1.6537e-07, 1.4451e-08, 3.5780e-08,
        9.3376e-07, 2.0373e-09])//
train_examples$14400$8000.0//
train_loss$16000$2.9686205089092254e-07//
train_individual_losses$16000$tensor([2.2034e-07, 4.4552e-07, 1.5454e-08, 1.2273e-08, 7.4196e-08, 9.8382e-08,
        1.4625e-07, 4.7079e-07, 2.0951e-08, 1.4523e-06, 5.5063e-07, 1.0137e-10,
        4.5045e-07, 2.8339e-09, 2.6600e-07, 1.6452e-08, 5.6242e-09, 1.7937e-08,
        1.6708e-06, 4.7055e-12])//
train_examples$16000$8000.0//
train_loss$17600$5.798447877168656e-07//
train_individual_losses$17600$tensor([3.6294e-08, 3.2286e-08, 2.4739e-06, 2.1280e-07, 5.7509e-11, 1.1503e-08,
        2.8135e-08, 1.4771e-07, 1.0102e-08, 9.7258e-07, 6.7045e-08, 9.8345e-08,
        3.4465e-08, 3.8596e-08, 2.8668e-07, 7.9335e-09, 7.1440e-07, 6.1262e-06,
        2.2183e-07, 7.6088e-08])//
train_examples$17600$8000.0//
train_loss$19200$2.7172525878995655e-07//
train_individual_losses$19200$tensor([8.0988e-08, 3.5074e-08, 5.8645e-09, 1.1987e-08, 1.9868e-07, 8.0081e-09,
        1.8109e-11, 7.7699e-08, 5.2164e-09, 4.5818e-07, 3.6443e-10, 2.2221e-11,
        1.8656e-08, 2.4528e-07, 3.0094e-07, 1.9445e-06, 3.2841e-10, 1.8979e-06,
        9.7826e-08, 4.7066e-08])//
train_examples$19200$8000.0//
train_loss$20800$1.1289840331301093e-07//
train_individual_losses$20800$tensor([1.4865e-07, 2.7900e-08, 6.5515e-07, 3.2464e-09, 3.3301e-10, 2.2217e-09,
        1.1771e-08, 7.8331e-08, 2.9665e-09, 4.8758e-07, 7.3603e-11, 4.3600e-08,
        4.3688e-07, 1.3310e-08, 2.3523e-08, 4.6919e-09, 1.3663e-07, 3.7371e-08,
        8.6788e-08, 5.6942e-08])//
train_examples$20800$8000.0//
train_loss$22400$7.800465682521462e-08//
train_individual_losses$22400$tensor([1.5333e-08, 1.7906e-08, 5.3936e-10, 2.2684e-08, 8.4507e-11, 1.1668e-09,
        7.4403e-07, 3.9369e-08, 1.6673e-09, 4.2268e-07, 1.4885e-11, 8.2946e-08,
        1.0254e-08, 2.3184e-10, 1.6704e-08, 9.8983e-10, 8.9900e-10, 3.2064e-08,
        1.0874e-07, 4.1788e-08])//
train_examples$22400$8000.0//
train_loss$24000$3.0521303415298464e-07//
train_individual_losses$24000$tensor([1.9495e-08, 1.5573e-07, 2.8377e-07, 4.6832e-10, 1.1470e-07, 3.9779e-07,
        1.6804e-08, 2.5579e-07, 9.1433e-09, 3.2814e-07, 1.8070e-09, 2.6013e-08,
        2.5675e-07, 5.1573e-08, 6.3604e-08, 1.3880e-07, 3.2357e-06, 1.4214e-09,
        4.5811e-07, 2.8869e-07])//
train_examples$24000$8000.0//
train_loss$25600$3.724547801539302e-07//
train_individual_losses$25600$tensor([2.9016e-08, 1.2532e-08, 7.9905e-07, 1.3204e-11, 1.1815e-07, 5.3004e-10,
        3.7547e-09, 1.4369e-06, 4.2423e-06, 4.8767e-08, 5.3414e-10, 7.6327e-11,
        1.5266e-08, 6.5627e-09, 2.0784e-08, 2.1302e-08, 2.6422e-09, 8.6825e-10,
        6.8999e-07, 2.9171e-11])//
train_examples$25600$8000.0//
train_loss$27200$8.597520180046558e-07//
train_individual_losses$27200$tensor([4.9185e-06, 2.2125e-08, 1.1443e-10, 5.5049e-09, 6.8578e-11, 7.1446e-07,
        1.6648e-10, 2.0464e-08, 2.4055e-10, 6.2158e-07, 3.7195e-12, 6.8131e-10,
        6.1952e-08, 3.7821e-11, 6.5879e-06, 4.2295e-06, 3.1982e-11, 2.1727e-10,
        1.0726e-08, 7.3845e-10])//
train_examples$27200$8000.0//
train_loss$28800$2.9343143105506895e-07//
train_individual_losses$28800$tensor([2.9742e-09, 6.9532e-07, 5.9817e-09, 3.3578e-11, 3.7246e-10, 1.0041e-10,
        3.2051e-06, 3.3583e-09, 1.4736e-10, 2.8557e-07, 1.4858e-11, 1.1564e-09,
        3.3730e-07, 1.7876e-11, 4.4083e-09, 9.5104e-07, 1.8084e-11, 5.5461e-08,
        3.2759e-08, 2.8746e-07])//
train_examples$28800$8000.0//
train_loss$30400$3.0708289705216886e-07//
train_individual_losses$30400$tensor([3.1806e-09, 1.0961e-08, 2.8425e-11, 1.3499e-09, 4.0543e-11, 3.4418e-06,
        4.7881e-08, 8.6253e-07, 1.1162e-09, 1.0911e-08, 7.9303e-10, 2.3659e-07,
        2.2315e-08, 1.4292e-08, 1.4549e-06, 1.6489e-10, 2.8073e-08, 5.1412e-10,
        4.2299e-09, 4.9210e-12])//
train_examples$30400$8000.0//
train_loss$32000$4.5144467731006444e-08//
train_individual_losses$32000$tensor([2.0165e-08, 1.1066e-09, 1.2736e-10, 4.7255e-12, 1.5582e-09, 8.1143e-11,
        1.2501e-07, 4.2364e-07, 8.3354e-11, 6.6634e-08, 3.3199e-09, 7.8575e-09,
        5.2833e-09, 2.6108e-08, 1.0074e-07, 2.2172e-10, 8.6972e-12, 5.8412e-11,
        7.8021e-09, 1.1308e-07])//
train_examples$32000$8000.0//
train_loss$33600$1.0694231605157257e-07//
train_individual_losses$33600$tensor([1.5374e-09, 1.2024e-09, 1.8703e-07, 1.8307e-08, 2.0491e-10, 6.2418e-11,
        6.2263e-07, 2.2005e-07, 2.1108e-08, 7.8623e-08, 4.0069e-07, 8.2563e-08,
        1.7401e-07, 4.1227e-09, 1.9670e-09, 1.1325e-07, 1.7054e-10, 1.1315e-07,
        7.8450e-08, 1.9724e-08])//
train_examples$33600$8000.0//
train_loss$35200$1.1903555132448672e-06//
train_individual_losses$35200$tensor([9.9981e-10, 2.1329e-08, 3.0040e-06, 9.3849e-12, 2.1281e-07, 1.8313e-07,
        1.1820e-07, 5.8562e-08, 1.7407e-05, 9.6580e-09, 1.1020e-06, 3.0272e-07,
        4.4211e-08, 8.8900e-12, 8.6656e-07, 4.0880e-07, 1.8465e-10, 1.0004e-09,
        6.5419e-08, 1.1471e-10])//
train_examples$35200$8000.0//
train_loss$36800$2.960229991003871e-07//
train_individual_losses$36800$tensor([1.4700e-08, 5.0396e-09, 5.8949e-12, 6.0027e-08, 2.6149e-08, 2.1405e-11,
        5.5306e-11, 1.5245e-09, 5.5813e-06, 3.0571e-09, 5.7594e-10, 1.2464e-07,
        1.1149e-09, 3.1781e-09, 5.7740e-10, 6.7737e-09, 1.6867e-08, 1.7699e-11,
        3.3921e-09, 7.1426e-08])//
train_examples$36800$8000.0//
train_loss$38400$4.566241055727005e-07//
train_individual_losses$38400$tensor([4.6787e-09, 1.7083e-07, 4.3518e-07, 3.0250e-07, 1.0820e-06, 1.8878e-11,
        2.4190e-07, 2.7304e-07, 4.2166e-07, 5.5494e-09, 1.9325e-07, 4.8975e-08,
        6.9176e-10, 6.1712e-07, 9.0594e-08, 4.3773e-10, 4.9872e-06, 2.0223e-07,
        1.2607e-09, 5.3398e-08])//
train_examples$38400$8000.0//
train_loss$40000$1.67787226382643e-07//
train_individual_losses$40000$tensor([4.9937e-09, 4.6477e-08, 5.7247e-09, 6.0860e-11, 2.5185e-07, 1.1465e-11,
        2.1702e-06, 9.3467e-09, 1.0457e-07, 5.2644e-08, 1.1014e-11, 3.5643e-10,
        1.5006e-07, 4.7427e-11, 2.4470e-09, 6.8842e-08, 4.8664e-07, 3.6172e-10,
        1.0494e-09, 1.2026e-11])//
train_examples$40000$8000.0//
train_loss$41600$4.1562155820429323e-07//
train_individual_losses$41600$tensor([8.8296e-09, 7.9872e-08, 6.4283e-12, 1.1790e-07, 1.9891e-09, 4.4139e-09,
        1.3073e-08, 4.0414e-10, 8.7439e-11, 1.2951e-06, 2.0663e-11, 1.7648e-09,
        8.1071e-10, 1.7904e-08, 2.9515e-10, 2.3601e-07, 1.6729e-08, 6.5113e-06,
        5.7464e-09, 1.9000e-10])//
train_examples$41600$8000.0//
train_loss$43200$1.589066465385258e-07//
train_individual_losses$43200$tensor([3.2459e-10, 2.2785e-10, 2.6958e-10, 1.8352e-09, 2.1560e-11, 7.0484e-12,
        2.1817e-08, 6.8121e-09, 1.1705e-11, 1.4568e-09, 5.1822e-07, 7.3311e-12,
        7.4905e-09, 1.5035e-11, 3.4706e-10, 1.0551e-11, 2.3594e-07, 9.5085e-08,
        1.4523e-06, 8.3591e-07])//
train_examples$43200$8000.0//
train_loss$44800$1.6503549413755536e-07//
train_individual_losses$44800$tensor([1.6362e-06, 1.1621e-08, 1.0493e-09, 7.9611e-09, 1.0869e-07, 8.4881e-07,
        1.2969e-09, 3.7256e-08, 4.5203e-09, 1.9553e-09, 1.3322e-11, 1.8040e-07,
        6.7068e-09, 2.7758e-11, 2.4334e-10, 3.2888e-08, 1.2119e-09, 1.5493e-07,
        2.7066e-10, 2.6467e-07])//
train_examples$44800$8000.0//
train_loss$46400$1.4180951984599231e-07//
train_individual_losses$46400$tensor([2.2191e-10, 2.1779e-09, 1.0074e-07, 2.5908e-07, 2.8043e-07, 1.3003e-11,
        1.7885e-08, 1.8368e-07, 2.7732e-10, 8.2683e-10, 5.3026e-09, 2.0950e-07,
        1.4357e-06, 1.1200e-08, 2.2459e-07, 3.7137e-08, 4.0831e-08, 2.6024e-08,
        4.5314e-10, 9.8197e-11])//
train_examples$46400$8000.0//
train_loss$48000$3.8960794918239116e-07//
train_individual_losses$48000$tensor([2.6995e-10, 2.1422e-10, 3.1590e-08, 1.4040e-06, 1.9581e-11, 2.9314e-10,
        1.0073e-08, 3.4063e-06, 2.3976e-06, 4.5847e-10, 2.8986e-11, 1.6040e-07,
        1.1917e-07, 2.7483e-10, 5.7769e-10, 1.8829e-07, 3.3628e-11, 7.0842e-08,
        3.7627e-10, 1.3538e-09])//
train_examples$48000$8000.0//
train_loss$49600$5.027505103498697e-07//
train_individual_losses$49600$tensor([4.2962e-08, 2.3956e-07, 6.2596e-11, 9.5502e-08, 1.4234e-08, 1.9989e-07,
        7.1191e-11, 4.3456e-08, 2.4639e-11, 1.1786e-09, 1.1231e-10, 1.0043e-08,
        7.8409e-06, 1.7719e-09, 3.4278e-07, 3.5090e-07, 4.7846e-07, 3.0825e-07,
        1.1287e-09, 8.3697e-08])//
train_examples$49600$8000.0//
train_loss$51200$7.917534559965133e-07//
train_individual_losses$51200$tensor([7.3853e-08, 2.2087e-07, 1.6339e-08, 4.3706e-08, 1.2991e-07, 3.3413e-09,
        2.6928e-08, 1.0819e-05, 4.4756e-11, 1.1657e-06, 1.7532e-07, 1.4469e-09,
        1.9907e-10, 4.4544e-10, 2.8902e-07, 7.4833e-11, 1.1482e-06, 1.7121e-06,
        3.3196e-09, 5.1027e-09])//
train_examples$51200$8000.0//
train_loss$52800$5.284775048494339e-07//
train_individual_losses$52800$tensor([5.3185e-10, 1.0361e-10, 2.7746e-06, 3.7454e-09, 9.3318e-07, 1.9957e-09,
        8.0494e-09, 8.8300e-09, 4.0002e-10, 4.4948e-07, 3.7615e-10, 4.5141e-11,
        2.2977e-06, 1.5590e-08, 1.8841e-09, 3.8844e-06, 1.5432e-08, 7.1336e-08,
        4.9518e-09, 9.6964e-08])//
train_examples$52800$8000.0//
train_loss$54400$5.24816382676363e-07//
train_individual_losses$54400$tensor([2.3796e-08, 1.6684e-09, 1.3676e-09, 7.1831e-11, 1.1020e-07, 1.1055e-06,
        2.5515e-08, 1.4660e-06, 4.5625e-06, 3.9744e-10, 2.6135e-11, 7.5817e-11,
        5.7212e-07, 2.9707e-11, 7.6624e-10, 8.4216e-10, 1.2573e-07, 1.0364e-09,
        9.5410e-08, 2.4032e-06])//
train_examples$54400$8000.0//
train_loss$56000$5.4807816632092e-07//
train_individual_losses$56000$tensor([3.4252e-09, 1.1911e-07, 2.2290e-10, 9.9026e-09, 4.3484e-07, 2.1971e-10,
        7.8304e-07, 9.8247e-07, 3.3830e-11, 6.7873e-06, 9.5135e-08, 1.1829e-11,
        1.0603e-09, 1.7814e-10, 1.4606e-10, 1.6945e-06, 1.3645e-09, 3.2009e-11,
        4.8565e-08, 2.1337e-11])//
train_examples$56000$8000.0//
train_loss$57600$1.8179825274273753e-07//
train_individual_losses$57600$tensor([6.1624e-10, 9.5379e-10, 2.4694e-10, 1.1987e-07, 8.7821e-07, 8.7246e-12,
        1.4155e-10, 1.4870e-06, 5.6373e-07, 1.0306e-09, 6.0838e-08, 1.1454e-07,
        6.9076e-09, 5.0074e-11, 4.0142e-07, 2.7885e-10, 4.0236e-11, 1.7844e-11,
        9.6611e-11, 1.1307e-11])//
train_examples$57600$8000.0//
train_loss$59200$9.676143527030945e-08//
train_individual_losses$59200$tensor([4.6690e-09, 7.4465e-08, 1.2618e-06, 2.8222e-07, 6.9131e-11, 2.6834e-08,
        2.0131e-07, 1.6980e-09, 3.5871e-11, 1.5339e-10, 1.4045e-11, 1.1866e-09,
        1.4968e-10, 9.6484e-12, 8.7936e-10, 6.0435e-08, 1.1208e-09, 1.3383e-11,
        1.2667e-10, 1.8061e-08])//
train_examples$59200$8000.0//
train_loss$60800$1.878123148344457e-07//
train_individual_losses$60800$tensor([8.2832e-07, 2.8218e-09, 9.0534e-08, 1.0409e-11, 3.4673e-09, 7.8862e-12,
        1.0274e-10, 1.6475e-09, 1.2862e-07, 9.3804e-10, 1.9908e-08, 3.0264e-07,
        2.7266e-09, 1.5453e-10, 1.2267e-06, 7.9320e-07, 3.0202e-07, 3.5052e-11,
        5.2121e-08, 2.2347e-10])//
train_examples$60800$8000.0//
train_loss$62400$1.2302773538976907e-07//
train_individual_losses$62400$tensor([4.0344e-09, 1.3568e-10, 2.8986e-07, 5.6113e-07, 1.4361e-07, 8.6357e-12,
        2.1686e-08, 9.4904e-08, 1.5175e-07, 1.1125e-08, 6.9949e-09, 1.8608e-11,
        8.5457e-07, 2.0212e-07, 1.7543e-08, 4.3195e-10, 5.6881e-09, 9.4870e-08,
        5.2255e-11, 2.4314e-11])//
train_examples$62400$8000.0//
train_loss$64000$4.856564104557037e-07//
train_individual_losses$64000$tensor([1.1042e-06, 2.8112e-06, 8.2822e-12, 2.8686e-07, 1.6786e-10, 2.7052e-11,
        9.6459e-07, 5.1018e-08, 8.3606e-10, 5.3844e-10, 1.1551e-07, 2.0288e-11,
        1.0243e-07, 4.4195e-10, 1.2093e-10, 3.5295e-06, 2.7661e-09, 4.3856e-11,
        7.4284e-07, 2.0424e-11])//
train_examples$64000$8000.0//
train_loss$65600$2.4045344907790424e-07//
train_individual_losses$65600$tensor([5.8099e-09, 7.0377e-11, 1.0725e-11, 7.3570e-11, 8.1560e-10, 4.3728e-11,
        5.9449e-09, 1.9937e-08, 2.3780e-08, 7.2106e-11, 4.3208e-09, 6.0180e-08,
        9.3954e-08, 5.3617e-08, 2.0841e-07, 4.2782e-06, 2.8529e-10, 4.0589e-08,
        1.2894e-08, 4.9013e-11])//
train_examples$65600$8000.0//
train_loss$67200$1.6603831201791763e-06//
train_individual_losses$67200$tensor([5.8684e-09, 4.0932e-06, 9.2237e-09, 9.1814e-12, 1.7795e-07, 4.3644e-09,
        4.7280e-07, 1.1783e-05, 1.5236e-05, 4.5003e-08, 1.1280e-08, 2.9840e-07,
        1.2802e-10, 9.4807e-07, 2.9861e-09, 4.4014e-08, 6.3385e-08, 1.5554e-09,
        1.1429e-10, 9.4529e-09])//
train_examples$67200$8000.0//
train_loss$68800$1.6336581902578473e-07//
train_individual_losses$68800$tensor([1.0565e-10, 2.2066e-06, 7.0907e-12, 6.9124e-10, 9.7214e-11, 4.4678e-08,
        7.6436e-09, 1.2282e-10, 4.7757e-07, 1.2138e-10, 1.2770e-10, 1.3441e-07,
        1.7545e-08, 2.9171e-07, 6.5259e-10, 1.3451e-08, 5.6444e-08, 4.6320e-11,
        1.5295e-08, 1.5182e-11])//
train_examples$68800$8000.0//
train_loss$70400$1.9634121563285589e-07//
train_individual_losses$70400$tensor([3.5027e-08, 7.8536e-10, 8.2935e-07, 5.0891e-10, 2.6859e-08, 4.8339e-10,
        3.6981e-08, 1.4211e-10, 5.2181e-11, 1.8514e-10, 7.0550e-08, 3.8672e-08,
        3.5006e-07, 6.2841e-08, 1.0343e-10, 1.9587e-06, 4.8180e-09, 6.9206e-11,
        5.1026e-07, 4.1297e-10])//
train_examples$70400$8000.0//
train_loss$72000$3.165022237226367e-07//
train_individual_losses$72000$tensor([3.4059e-10, 9.9822e-11, 1.0408e-10, 4.9195e-07, 1.1793e-08, 1.3575e-11,
        9.4491e-11, 4.5081e-07, 1.3398e-11, 6.0173e-08, 3.9794e-11, 6.4966e-07,
        1.0300e-09, 1.7878e-09, 1.6590e-08, 4.6173e-06, 1.0168e-08, 9.6402e-12,
        1.8089e-08, 2.3219e-11])//
train_examples$72000$8000.0//
train_loss$73600$1.1131647042930126e-07//
train_individual_losses$73600$tensor([4.7650e-09, 4.2498e-10, 1.3217e-08, 1.3801e-06, 4.3694e-10, 9.2624e-08,
        1.0020e-09, 1.6475e-09, 2.6016e-08, 8.3934e-08, 2.6336e-11, 3.8840e-07,
        4.2838e-08, 3.7777e-11, 1.3339e-09, 1.7756e-07, 1.9346e-11, 1.1696e-08,
        4.2643e-11, 1.9678e-10])//
train_examples$73600$8000.0//
train_loss$75200$1.1663776822388172e-06//
train_individual_losses$75200$tensor([7.2021e-10, 4.9221e-09, 6.9185e-07, 4.6120e-12, 7.2690e-11, 1.0002e-07,
        1.0734e-10, 2.8233e-10, 9.9758e-12, 2.9892e-09, 3.2480e-11, 2.5454e-10,
        3.5916e-08, 5.2152e-11, 8.7337e-08, 5.3958e-11, 2.2638e-09, 1.1211e-06,
        2.1280e-05, 1.0993e-11])//
train_examples$75200$8000.0//
train_loss$76800$1.4242579927667976e-07//
train_individual_losses$76800$tensor([6.0986e-08, 1.3617e-10, 3.1852e-07, 7.0346e-08, 8.7026e-08, 9.1473e-09,
        4.5855e-08, 1.8925e-09, 1.0036e-06, 2.5271e-10, 1.4587e-08, 5.0056e-09,
        6.4866e-09, 2.1185e-07, 9.4897e-07, 1.0249e-11, 5.3646e-08, 1.6971e-11,
        9.0968e-10, 9.2508e-09])//
train_examples$76800$8000.0//
train_loss$78400$2.908059163019061e-07//
train_individual_losses$78400$tensor([1.6447e-10, 4.0287e-08, 4.8095e-12, 5.0871e-08, 5.3772e-09, 2.2061e-06,
        2.7488e-07, 8.9891e-10, 1.8093e-09, 2.4350e-10, 3.9512e-08, 2.5655e-06,
        4.5305e-08, 3.2366e-07, 2.2780e-07, 2.8686e-10, 2.1262e-09, 3.0704e-08,
        1.0385e-10, 4.5498e-10])//
train_examples$78400$8000.0//
train_loss$80000$3.1664129346609114e-07//
train_individual_losses$80000$tensor([2.1186e-10, 3.5746e-08, 1.6870e-09, 4.4063e-08, 3.3374e-07, 4.2768e-11,
        1.4232e-11, 3.8813e-10, 3.1418e-08, 9.7201e-07, 5.2333e-09, 1.0246e-07,
        4.0024e-08, 1.5201e-06, 2.7293e-09, 1.3066e-11, 5.2611e-12, 1.1673e-06,
        3.0678e-11, 2.0756e-06])//
train_examples$80000$8000.0//
train_loss$81600$8.229489438235759e-07//
train_individual_losses$81600$tensor([7.3686e-06, 4.0333e-10, 1.6823e-07, 7.5221e-08, 9.5070e-09, 1.7510e-11,
        7.7997e-07, 7.8522e-11, 1.1077e-11, 9.3783e-08, 6.5448e-07, 7.9606e-10,
        5.5115e-07, 1.8327e-11, 2.0931e-07, 9.8345e-07, 2.0321e-07, 5.3513e-06,
        9.3971e-09, 1.3454e-11])//
train_examples$81600$8000.0//
train_loss$83200$2.570237498730421e-07//
train_individual_losses$83200$tensor([1.5189e-07, 1.6421e-06, 3.7356e-11, 1.2638e-11, 4.2966e-08, 3.6860e-09,
        1.0357e-07, 1.9046e-07, 1.0793e-06, 4.8053e-11, 1.5486e-08, 1.5358e-07,
        1.7370e-06, 1.7636e-09, 1.2943e-10, 3.3703e-11, 1.1337e-08, 6.3396e-09,
        3.2941e-10, 3.8748e-10])//
train_examples$83200$8000.0//
train_loss$84800$8.300855755805969e-07//
train_individual_losses$84800$tensor([2.3301e-06, 2.5113e-06, 1.7803e-06, 1.0773e-07, 5.8739e-08, 1.2826e-07,
        1.6149e-08, 1.5868e-07, 7.9907e-06, 5.7203e-09, 5.1327e-09, 7.2218e-10,
        1.2923e-07, 1.0683e-09, 6.9723e-07, 1.4414e-11, 8.8117e-08, 5.9098e-07,
        2.4882e-10, 1.2252e-09])//
train_examples$84800$8000.0//
train_loss$86400$1.3784135226160287e-07//
train_individual_losses$86400$tensor([3.9417e-10, 2.1737e-08, 4.9796e-07, 1.4289e-08, 9.5467e-07, 7.0064e-10,
        1.0871e-07, 2.2967e-09, 3.1657e-08, 5.3691e-07, 7.5862e-10, 8.2615e-08,
        1.1397e-10, 1.1572e-08, 1.0622e-07, 1.4773e-08, 2.3593e-11, 1.4959e-08,
        3.5641e-07, 6.9215e-11])//
train_examples$86400$8000.0//
train_loss$88000$8.542142808437347e-07//
train_individual_losses$88000$tensor([1.1881e-06, 4.9377e-09, 7.9782e-06, 3.2689e-10, 1.3484e-10, 2.1936e-11,
        4.2987e-10, 1.0328e-10, 2.0044e-09, 2.8610e-09, 1.9096e-08, 3.4395e-07,
        2.8827e-06, 6.8048e-09, 2.0597e-10, 4.8756e-08, 2.2205e-11, 3.9421e-06,
        1.8155e-07, 4.8186e-07])//
train_examples$88000$8000.0//
train_loss$89600$1.627818332053721e-07//
train_individual_losses$89600$tensor([6.8072e-09, 4.0414e-10, 7.6123e-11, 2.1162e-08, 1.5680e-10, 3.8952e-08,
        1.4045e-09, 3.8141e-10, 1.8575e-08, 1.7248e-07, 1.7500e-11, 1.0745e-06,
        4.6126e-10, 1.9185e-07, 1.9135e-08, 6.2251e-09, 7.2851e-07, 1.0068e-11,
        2.2087e-08, 9.5249e-07])//
train_examples$89600$8000.0//
train_loss$91200$1.099740038625896e-07//
train_individual_losses$91200$tensor([1.3387e-10, 1.5915e-09, 4.8797e-12, 1.1817e-09, 3.3904e-07, 8.6919e-10,
        1.8505e-10, 3.0913e-07, 1.3049e-11, 1.7739e-09, 1.2301e-08, 2.1013e-11,
        1.1980e-06, 6.8679e-08, 1.4993e-10, 3.9663e-08, 2.2657e-07, 1.4172e-11,
        1.5326e-10, 1.5071e-11])//
train_examples$91200$8000.0//
train_loss$92800$3.2763960771262644e-07//
train_individual_losses$92800$tensor([4.5870e-07, 1.1656e-10, 6.7049e-12, 8.4247e-12, 3.8758e-07, 1.0364e-08,
        2.0890e-09, 4.4675e-06, 1.0823e-07, 2.8021e-07, 5.4700e-07, 2.8339e-07,
        4.0525e-09, 1.3933e-10, 1.0556e-10, 2.9401e-09, 1.2912e-11, 1.4522e-11,
        1.3699e-10, 2.3059e-10])//
train_examples$92800$8000.0//
train_loss$94400$3.615228924900293e-08//
train_individual_losses$94400$tensor([1.1332e-10, 2.5922e-07, 6.4300e-10, 1.5624e-11, 2.4424e-10, 2.3619e-10,
        6.0611e-08, 1.2537e-07, 6.9297e-11, 2.4536e-08, 6.3230e-11, 1.6616e-11,
        9.8421e-10, 7.1929e-11, 2.5151e-09, 3.0521e-08, 1.0868e-10, 4.3254e-08,
        7.6844e-08, 9.7609e-08])//
train_examples$94400$8000.0//
train_loss$96000$5.992965307086706e-08//
train_individual_losses$96000$tensor([2.3876e-08, 1.4895e-10, 2.0582e-10, 2.4495e-09, 2.9539e-09, 1.1399e-11,
        8.4847e-11, 1.0425e-07, 1.0413e-11, 4.6470e-08, 1.4311e-10, 1.2261e-10,
        9.2510e-07, 6.3867e-12, 1.4390e-10, 6.6422e-12, 1.0783e-09, 6.7861e-09,
        7.1278e-08, 1.3467e-08])//
train_examples$96000$8000.0//
train_loss$97600$2.7197980671189725e-08//
train_individual_losses$97600$tensor([1.7045e-07, 9.8995e-11, 1.0722e-11, 2.7422e-11, 1.9259e-09, 1.0259e-11,
        4.4196e-11, 4.7651e-10, 4.7726e-08, 2.5903e-08, 5.4838e-08, 4.6017e-08,
        1.4736e-08, 1.0699e-11, 1.3718e-10, 5.9336e-11, 1.2972e-08, 1.5090e-11,
        1.6849e-07, 7.8630e-12])//
train_examples$97600$8000.0//
train_loss$99200$7.545090280473233e-07//
train_individual_losses$99200$tensor([2.0932e-10, 1.5669e-09, 4.3810e-09, 1.3166e-11, 4.2827e-07, 7.8361e-06,
        1.4067e-09, 2.8326e-06, 1.6416e-09, 7.2514e-11, 9.8612e-12, 7.3007e-08,
        6.5209e-11, 1.0472e-09, 8.4552e-07, 3.0266e-07, 1.9295e-11, 2.1077e-09,
        2.7534e-06, 6.0523e-09])//
train_examples$99200$8000.0//
train_loss$100800$1.2153206625953318e-07//
train_individual_losses$100800$tensor([3.1605e-10, 3.5998e-07, 7.6726e-11, 2.1818e-07, 7.6946e-08, 4.2098e-07,
        9.6626e-07, 1.4791e-09, 1.2114e-11, 2.9799e-09, 1.3461e-07, 4.2390e-11,
        6.6035e-11, 1.2428e-11, 1.0427e-10, 2.0798e-11, 2.3865e-07, 8.5014e-11,
        4.1922e-11, 9.8015e-09])//
train_examples$100800$8000.0//
train_loss$102400$5.09887095540762e-07//
train_individual_losses$102400$tensor([7.6037e-11, 1.5944e-10, 7.4445e-09, 5.8661e-11, 8.5177e-08, 2.2446e-08,
        1.8455e-10, 8.4516e-10, 1.7934e-11, 6.1718e-07, 3.2976e-10, 2.8707e-07,
        5.2412e-11, 1.8196e-08, 1.4299e-10, 1.6438e-09, 9.0762e-06, 7.6762e-08,
        1.2386e-10, 3.6139e-09])//
train_examples$102400$8000.0//
train_loss$104000$1.426578382961452e-07//
train_individual_losses$104000$tensor([4.0224e-10, 7.9798e-07, 8.3968e-09, 1.3851e-08, 1.7603e-10, 1.0953e-07,
        2.3302e-10, 1.5877e-10, 1.7510e-07, 1.0576e-07, 1.0048e-09, 2.1536e-10,
        1.0189e-06, 4.7051e-09, 2.4812e-09, 5.0457e-11, 1.4096e-10, 5.6172e-07,
        4.8406e-08, 3.9409e-09])//
train_examples$104000$8000.0//
train_loss$105600$4.368098918348551e-07//
train_individual_losses$105600$tensor([4.7456e-07, 6.5470e-10, 1.0391e-11, 8.3332e-12, 2.1792e-07, 1.0765e-10,
        1.7879e-07, 1.6287e-10, 9.4779e-12, 2.1528e-11, 3.3775e-11, 1.9790e-06,
        5.2260e-06, 9.5263e-12, 6.9746e-11, 1.3579e-11, 6.5707e-12, 4.7065e-07,
        1.8598e-07, 2.2081e-09])//
train_examples$105600$8000.0//
train_loss$107200$7.090024650096894e-07//
train_individual_losses$107200$tensor([1.0466e-07, 2.7153e-06, 9.6439e-12, 6.6457e-07, 5.2243e-09, 4.2453e-06,
        9.3067e-09, 1.9755e-07, 1.1398e-11, 5.8325e-06, 3.5030e-08, 4.2347e-09,
        1.4394e-08, 2.1688e-11, 2.8763e-07, 2.1871e-11, 1.0487e-11, 1.5328e-11,
        1.1338e-08, 5.2967e-08])//
train_examples$107200$8000.0//
train_loss$108800$7.523955428041518e-08//
train_individual_losses$108800$tensor([1.8113e-10, 1.4863e-10, 7.2524e-07, 1.5105e-09, 2.6819e-11, 1.7342e-07,
        4.7820e-11, 3.2130e-10, 4.4352e-07, 6.1223e-11, 2.6494e-09, 3.5394e-09,
        2.2453e-10, 4.8946e-12, 1.4022e-10, 5.5879e-11, 4.6448e-11, 4.1083e-11,
        1.5360e-07, 8.5978e-12])//
train_examples$108800$8000.0//
train_loss$110400$8.012303151190282e-08//
train_individual_losses$110400$tensor([7.5510e-10, 6.7094e-10, 3.1583e-07, 6.7834e-08, 8.3719e-11, 1.2364e-07,
        5.9530e-11, 1.2398e-10, 2.2370e-11, 2.2275e-10, 1.7820e-11, 1.5422e-07,
        7.9323e-11, 3.6935e-07, 2.6889e-07, 6.0861e-11, 1.4777e-08, 3.8042e-09,
        2.5718e-07, 2.4852e-08])//
train_examples$110400$8000.0//
train_loss$112000$7.95183761510998e-08//
train_individual_losses$112000$tensor([6.2324e-08, 1.8281e-10, 6.6799e-07, 4.4827e-10, 2.9483e-09, 9.3901e-12,
        7.8369e-09, 3.7056e-09, 3.6884e-07, 2.2125e-09, 5.0873e-08, 1.3184e-10,
        1.3437e-09, 1.5693e-10, 5.1677e-10, 5.3419e-09, 8.0535e-12, 3.7800e-07,
        6.1570e-11, 3.7433e-08])//
train_examples$112000$8000.0//
train_loss$113600$3.9718258194625376e-07//
train_individual_losses$113600$tensor([1.4344e-07, 7.1516e-10, 2.0991e-08, 2.5891e-07, 2.5516e-08, 1.2923e-09,
        3.9724e-07, 1.9824e-08, 5.2934e-06, 1.6299e-08, 1.0578e-07, 8.8571e-08,
        6.7694e-11, 1.1834e-08, 2.5071e-10, 8.1474e-11, 1.8507e-07, 1.2945e-06,
        7.1728e-11, 7.9786e-08])//
train_examples$113600$8000.0//
train_loss$115200$4.5229746028780935e-07//
train_individual_losses$115200$tensor([7.8049e-09, 2.0076e-07, 3.6066e-07, 5.2807e-08, 1.8561e-08, 1.2088e-07,
        7.5444e-10, 2.7019e-08, 4.8978e-11, 2.1495e-10, 1.5112e-10, 2.7005e-11,
        1.6706e-10, 2.2487e-09, 1.4064e-10, 8.1584e-06, 1.5601e-10, 4.5229e-09,
        9.0649e-08, 5.7721e-12])//
train_examples$115200$8000.0//
train_loss$116800$2.227986929938197e-07//
train_individual_losses$116800$tensor([4.2480e-10, 1.8231e-09, 3.4187e-10, 4.7481e-10, 8.1027e-11, 1.5461e-06,
        7.0810e-12, 3.8801e-09, 6.5671e-07, 8.3642e-07, 4.1706e-11, 2.0218e-09,
        8.0656e-09, 9.8342e-09, 2.4310e-10, 3.5789e-10, 5.6621e-11, 7.3152e-07,
        1.4591e-10, 6.5741e-07])//
train_examples$116800$8000.0//
train_loss$118400$5.916582886129617e-07//
train_individual_losses$118400$tensor([2.8964e-10, 6.5877e-08, 3.9099e-12, 1.7940e-09, 5.4248e-11, 8.0908e-12,
        3.4761e-07, 4.7150e-08, 1.9445e-06, 1.1630e-10, 9.5684e-10, 6.0918e-11,
        3.7060e-09, 9.2659e-07, 1.1352e-10, 2.3673e-11, 2.0345e-07, 1.5156e-10,
        8.2831e-06, 7.5533e-09])//
train_examples$118400$8000.0//
train_loss$120000$6.656206212937832e-07//
train_individual_losses$120000$tensor([6.0633e-06, 1.0195e-08, 4.7882e-12, 1.6246e-07, 9.5209e-12, 3.3386e-07,
        4.1446e-06, 1.0981e-10, 1.2203e-08, 4.1451e-07, 1.5119e-07, 2.1575e-07,
        1.2160e-10, 5.4067e-07, 4.9051e-07, 7.0009e-10, 7.7113e-07, 8.9342e-11,
        3.3898e-10, 7.4583e-10])//
train_examples$120000$8000.0//
train_loss$121600$7.815837860107422e-07//
train_individual_losses$121600$tensor([2.7071e-07, 2.1967e-06, 3.0315e-09, 6.8957e-12, 2.0342e-07, 2.6067e-09,
        8.9401e-08, 1.1271e-05, 1.8150e-11, 1.8501e-07, 7.4637e-11, 1.7322e-11,
        2.8715e-09, 8.5548e-10, 1.9440e-10, 8.1372e-12, 8.8538e-12, 1.6097e-11,
        6.2013e-08, 1.3439e-06])//
train_examples$121600$8000.0//
train_loss$123200$2.3614820092916488e-07//
train_individual_losses$123200$tensor([8.7067e-09, 1.4278e-10, 6.3893e-09, 7.2453e-08, 6.5409e-12, 5.6781e-11,
        5.2549e-09, 2.2027e-10, 8.4269e-07, 4.2860e-11, 6.2717e-07, 1.3048e-07,
        1.0806e-10, 1.1757e-07, 3.4589e-10, 3.8144e-09, 1.0942e-11, 2.9074e-06,
        8.6453e-11, 2.0782e-11])//
train_examples$123200$8000.0//
train_loss$124800$1.8646281678229572e-07//
train_individual_losses$124800$tensor([9.4687e-08, 1.0916e-10, 8.6788e-09, 5.2027e-10, 7.2293e-09, 2.0173e-09,
        4.5243e-07, 2.3620e-06, 3.4606e-08, 9.7431e-11, 9.1473e-08, 8.3037e-10,
        1.6590e-07, 3.1437e-07, 7.2967e-09, 8.1333e-08, 2.1106e-11, 1.3997e-11,
        3.6292e-08, 6.9349e-08])//
train_examples$124800$8000.0//
train_loss$126400$1.0816596914082766e-07//
train_individual_losses$126400$tensor([1.5297e-08, 3.4025e-09, 1.2210e-11, 5.2803e-09, 7.2851e-07, 6.5613e-12,
        3.4980e-11, 1.3207e-09, 3.9057e-09, 5.5703e-11, 7.3967e-09, 2.0945e-11,
        1.2945e-07, 1.1741e-08, 7.2870e-07, 2.8416e-09, 7.4300e-10, 5.2121e-07,
        2.1656e-09, 1.2131e-09])//
train_examples$126400$8000.0//
train_loss$128000$5.2102492190897467e-08//
train_individual_losses$128000$tensor([1.7743e-08, 7.7415e-11, 3.0920e-11, 6.7947e-08, 4.5780e-08, 3.8863e-09,
        1.7003e-07, 2.5960e-09, 1.9379e-07, 3.6432e-08, 4.2015e-10, 8.0496e-08,
        3.1743e-08, 3.0623e-11, 4.5789e-10, 2.0511e-11, 1.5468e-11, 2.6433e-07,
        1.1302e-08, 1.1492e-07])//
train_examples$128000$8000.0//
train_loss$129600$5.922499112784863e-08//
train_individual_losses$129600$tensor([5.9329e-08, 5.4784e-08, 6.9805e-10, 6.4236e-12, 3.2436e-09, 6.5305e-09,
        1.4131e-07, 6.6740e-10, 4.4751e-07, 8.1538e-09, 1.8291e-08, 2.5408e-10,
        8.8726e-11, 7.6800e-08, 3.7090e-10, 4.9920e-09, 1.7906e-07, 2.1371e-09,
        4.1568e-08, 1.3871e-07])//
train_examples$129600$8000.0//
train_loss$131200$2.37086764536798e-07//
train_individual_losses$131200$tensor([7.2009e-07, 5.5962e-07, 1.1891e-11, 1.4309e-11, 1.0548e-10, 2.5447e-06,
        2.3753e-08, 7.3445e-11, 6.6849e-11, 6.7580e-09, 8.5592e-12, 2.0016e-09,
        1.4003e-07, 5.0945e-07, 1.1704e-07, 2.0567e-11, 4.7368e-09, 6.3910e-11,
        1.0368e-07, 9.5057e-09])//
train_examples$131200$8000.0//
train_loss$132800$1.2486084597185253e-07//
train_individual_losses$132800$tensor([8.8490e-11, 3.9850e-09, 2.1036e-09, 5.5238e-09, 2.9867e-07, 8.0382e-08,
        2.9983e-11, 1.4357e-08, 3.3478e-11, 2.3605e-11, 4.8075e-08, 1.1622e-08,
        1.9988e-06, 1.6828e-08, 2.3800e-09, 4.0993e-09, 2.5416e-11, 5.7127e-09,
        4.4684e-09, 1.8454e-11])//
train_examples$132800$8000.0//
train_loss$134400$2.8323682490736245e-07//
train_individual_losses$134400$tensor([1.0303e-08, 4.2122e-07, 1.1534e-08, 1.9208e-06, 2.8255e-07, 3.9106e-10,
        6.7571e-11, 2.2397e-10, 1.5494e-08, 1.0690e-07, 1.6666e-11, 4.1759e-07,
        5.6248e-07, 4.9670e-10, 8.5445e-11, 1.0603e-06, 2.3076e-10, 3.4108e-11,
        2.6837e-07, 5.8566e-07])//
train_examples$134400$8000.0//
train_loss$136000$4.2062948341481386e-08//
train_individual_losses$136000$tensor([3.6971e-08, 2.5063e-07, 8.9628e-12, 1.4226e-09, 3.0856e-08, 3.5302e-08,
        9.1652e-09, 1.5661e-10, 5.1546e-11, 3.4937e-07, 1.6202e-11, 2.4550e-11,
        3.2070e-10, 8.4720e-12, 3.4678e-10, 1.2626e-07, 2.3144e-10, 1.5855e-11,
        8.7957e-11, 8.5568e-12])//
train_examples$136000$8000.0//
train_loss$137600$1.2582150520756842e-07//
train_individual_losses$137600$tensor([1.9224e-10, 4.5884e-10, 1.3961e-11, 1.0404e-07, 7.2627e-11, 6.6643e-07,
        3.8536e-09, 4.3914e-09, 2.1054e-09, 8.7805e-07, 2.5223e-07, 3.6373e-07,
        4.7925e-10, 1.5310e-11, 1.0930e-07, 1.2669e-07, 6.8651e-10, 1.4305e-10,
        4.2805e-11, 3.5046e-09])//
train_examples$137600$8000.0//
train_loss$139200$3.480252344161272e-08//
train_individual_losses$139200$tensor([7.6356e-11, 4.3885e-07, 2.1126e-10, 1.3957e-11, 7.8498e-11, 6.5209e-12,
        1.3368e-10, 2.3765e-10, 1.9273e-09, 3.5416e-10, 1.4266e-07, 1.7566e-10,
        6.9152e-08, 1.1874e-08, 2.2221e-08, 4.4163e-09, 1.7456e-10, 2.9461e-11,
        2.0349e-11, 3.4322e-09])//
train_examples$139200$8000.0//
train_loss$140800$3.4359740093350413e-07//
train_individual_losses$140800$tensor([3.8817e-06, 7.0262e-11, 4.3699e-10, 6.2669e-09, 3.5147e-08, 2.2360e-10,
        8.1656e-07, 7.3702e-11, 1.8884e-07, 5.2329e-08, 1.0545e-07, 3.1552e-10,
        7.4449e-11, 3.1118e-10, 1.3350e-10, 1.1763e-09, 5.5956e-11, 5.6440e-11,
        1.7827e-06, 1.1505e-11])//
train_examples$140800$8000.0//
train_loss$142400$5.589163862168789e-07//
train_individual_losses$142400$tensor([6.2660e-10, 1.7267e-10, 2.0283e-11, 1.8436e-11, 3.8657e-07, 5.7005e-10,
        7.2378e-09, 1.3956e-10, 4.4237e-08, 7.2763e-08, 8.6710e-08, 1.1689e-07,
        3.0897e-09, 6.4193e-08, 1.8752e-10, 1.0379e-05, 2.9000e-10, 2.4052e-09,
        1.3182e-08, 5.9683e-11])//
train_examples$142400$8000.0//
train_loss$144000$5.519356112927198e-07//
train_individual_losses$144000$tensor([8.5230e-11, 2.2098e-08, 2.5389e-06, 7.3801e-07, 1.9026e-07, 1.9235e-07,
        1.5927e-07, 1.4426e-06, 2.1866e-11, 5.2290e-08, 2.5975e-10, 3.8990e-10,
        4.5924e-06, 4.1724e-07, 2.0804e-10, 1.8781e-08, 2.3581e-12, 5.4484e-09,
        6.6812e-07, 7.9979e-11])//
train_examples$144000$8000.0//
train_loss$145600$3.048300044611096e-07//
train_individual_losses$145600$tensor([3.8697e-10, 2.5490e-10, 1.2274e-08, 5.6251e-08, 2.1639e-10, 4.6894e-07,
        3.5023e-07, 7.8082e-11, 2.1753e-11, 1.0513e-10, 3.8761e-11, 3.1356e-07,
        1.3408e-10, 2.0992e-10, 8.1435e-09, 1.2636e-11, 9.0815e-10, 1.3036e-09,
        4.8806e-06, 2.9146e-09])//
train_examples$145600$8000.0//
train_loss$147200$2.3373737931251526e-07//
train_individual_losses$147200$tensor([1.5840e-08, 6.0371e-07, 2.4551e-08, 3.4801e-08, 3.5256e-11, 5.8858e-08,
        2.3897e-08, 5.7498e-09, 1.3654e-11, 3.3266e-11, 4.1441e-11, 2.4567e-09,
        1.3703e-08, 6.0736e-07, 6.7324e-07, 3.6128e-09, 6.7914e-12, 2.5858e-06,
        3.4916e-10, 2.0653e-08])//
train_examples$147200$8000.0//
train_loss$148800$3.138729138299823e-07//
train_individual_losses$148800$tensor([9.3565e-11, 6.7222e-07, 2.1693e-11, 2.5312e-09, 9.7202e-07, 7.3103e-09,
        7.9234e-10, 6.7606e-08, 2.9077e-10, 4.1342e-11, 1.5289e-08, 2.9099e-11,
        1.7170e-06, 1.1452e-10, 1.1624e-08, 8.5685e-07, 1.5910e-06, 2.2050e-07,
        1.4215e-07, 1.0239e-11])//
train_examples$148800$8000.0//
train_loss$150400$2.116517163813114e-07//
train_individual_losses$150400$tensor([8.6462e-11, 3.3899e-09, 4.0635e-07, 1.0581e-07, 7.2595e-09, 2.5493e-06,
        4.4903e-07, 1.1710e-10, 2.2621e-11, 6.6419e-11, 4.3388e-12, 1.1748e-09,
        2.3145e-09, 1.1963e-09, 1.9693e-08, 4.4506e-07, 2.6782e-08, 1.8597e-10,
        1.2826e-08, 2.0236e-07])//
train_examples$150400$8000.0//
train_loss$152000$1.5856620157137513e-07//
train_individual_losses$152000$tensor([8.3342e-08, 7.3922e-11, 7.5900e-09, 8.0691e-08, 1.4167e-09, 1.2388e-08,
        1.4388e-09, 5.2539e-11, 1.6095e-06, 2.7678e-11, 3.0715e-11, 1.8502e-10,
        2.1098e-07, 5.8468e-08, 1.1041e-06, 4.6623e-11, 8.6757e-10, 1.6871e-11,
        3.3485e-11, 3.9809e-11])//
train_examples$152000$8000.0//
train_loss$153600$2.472267486155033e-07//
train_individual_losses$153600$tensor([1.0618e-06, 1.3070e-06, 5.5219e-08, 1.7544e-08, 2.5928e-10, 3.7002e-08,
        8.9447e-08, 1.8614e-09, 5.3190e-10, 7.9106e-09, 2.7401e-07, 9.6891e-07,
        1.5866e-10, 3.7292e-07, 1.0772e-10, 1.7175e-11, 3.8639e-11, 7.4911e-07,
        5.3298e-10, 1.3907e-10])//
train_examples$153600$8000.0//
train_loss$155200$2.0405605901032685e-07//
train_individual_losses$155200$tensor([3.0823e-07, 6.7269e-07, 2.2637e-11, 1.1742e-07, 1.4583e-10, 1.0671e-10,
        1.6100e-09, 6.4703e-10, 4.4783e-10, 3.0563e-09, 6.6308e-10, 1.5495e-06,
        1.0236e-06, 2.9277e-07, 1.6274e-08, 8.0437e-12, 7.7229e-09, 8.2872e-08,
        3.3214e-09, 4.5648e-12])//
train_examples$155200$8000.0//
train_loss$156800$4.1895052418112754e-07//
train_individual_losses$156800$tensor([9.0721e-08, 3.7827e-07, 1.1078e-06, 1.0730e-06, 2.6370e-10, 1.8214e-06,
        4.7461e-10, 4.9731e-11, 1.5173e-11, 6.2932e-11, 4.0080e-08, 3.5064e-08,
        1.1892e-10, 3.1400e-08, 4.3345e-08, 3.2975e-06, 1.0365e-10, 2.6959e-07,
        8.8080e-08, 1.0165e-07])//
train_examples$156800$8000.0//
train_loss$158400$1.796725788153708e-07//
train_individual_losses$158400$tensor([1.1713e-09, 2.3714e-10, 5.6409e-12, 1.9805e-10, 6.8479e-07, 2.9193e-11,
        5.7117e-07, 4.0735e-10, 7.5303e-11, 1.9305e-06, 1.1028e-07, 1.3216e-08,
        6.7289e-09, 7.3113e-10, 2.4710e-09, 1.4738e-11, 5.7593e-11, 7.7794e-10,
        2.7058e-07, 2.1436e-11])//
train_examples$158400$8000.0//
train_loss$160000$3.97277157753706e-07//
train_individual_losses$160000$tensor([1.1776e-07, 6.9280e-09, 2.1346e-11, 1.2483e-10, 7.2050e-08, 5.6102e-07,
        3.7216e-09, 6.9983e-11, 8.4410e-10, 1.9671e-11, 5.7112e-07, 1.6539e-09,
        1.3176e-10, 6.2709e-08, 3.7815e-08, 7.0710e-10, 3.9133e-07, 5.9893e-06,
        1.2688e-07, 1.3070e-09])//
train_examples$160000$8000.0