train_loss$0$3.396426875//
train_individual_losses$0$tensor([3.4087, 3.8777, 3.0015, 3.3573, 3.6919, 3.6771, 3.6584, 2.9871, 3.4457,
        3.1494, 3.4196, 3.3229, 3.4109, 3.3454, 3.6497, 3.4670, 3.0563, 3.7822,
        2.6637, 3.5560])//
train_examples$0$10000.0//
train_loss$2000$0.00278677490234375//
train_individual_losses$2000$tensor([0.0056, 0.0030, 0.0011, 0.0015, 0.0045, 0.0037, 0.0059, 0.0015, 0.0017,
        0.0011, 0.0028, 0.0055, 0.0027, 0.0012, 0.0026, 0.0025, 0.0018, 0.0016,
        0.0016, 0.0039])//
train_examples$2000$10000.0//
train_loss$4000$0.00048379966735839845//
train_individual_losses$4000$tensor([0.0011, 0.0005, 0.0003, 0.0004, 0.0005, 0.0007, 0.0004, 0.0002, 0.0009,
        0.0003, 0.0005, 0.0003, 0.0004, 0.0003, 0.0004, 0.0003, 0.0005, 0.0008,
        0.0003, 0.0004])//
train_examples$4000$10000.0//
train_loss$6000$0.0002509853935241699//
train_individual_losses$6000$tensor([1.2638e-04, 2.1162e-04, 2.7605e-04, 8.7221e-06, 2.7330e-04, 2.5197e-04,
        2.7545e-04, 1.7731e-04, 7.1418e-04, 2.6460e-04, 1.3462e-04, 4.1954e-05,
        2.6306e-04, 1.8926e-04, 2.7994e-04, 2.6871e-04, 2.8848e-04, 5.9504e-04,
        1.1258e-04, 2.6649e-04])//
train_examples$6000$10000.0//
train_loss$8000$0.00018043006896972656//
train_individual_losses$8000$tensor([2.4838e-06, 1.7047e-04, 2.5835e-04, 4.9862e-08, 2.5719e-04, 2.3863e-04,
        2.6466e-04, 1.4301e-04, 2.6866e-04, 2.5301e-04, 4.0349e-06, 4.5127e-08,
        2.4672e-04, 1.6921e-04, 2.6602e-04, 2.6185e-04, 2.6978e-04, 2.7411e-04,
        5.1523e-08, 2.6028e-04])//
train_examples$8000$10000.0//
train_loss$10000$0.0001338506507873535//
train_individual_losses$10000$tensor([1.7316e-09, 1.2369e-04, 2.5898e-04, 3.9896e-09, 2.5507e-04, 2.3578e-04,
        2.5836e-04, 4.1812e-07, 2.5939e-04, 8.5126e-08, 7.8592e-07, 7.7758e-10,
        2.4390e-04, 1.9688e-06, 2.6545e-04, 2.6158e-04, 2.5958e-04, 2.9789e-07,
        7.4514e-10, 2.5166e-04])//
train_examples$10000$10000.0//
train_loss$12000$0.00012533418655395507//
train_individual_losses$12000$tensor([1.0962e-06, 9.6811e-09, 2.4848e-04, 2.5962e-07, 2.5338e-04, 2.3469e-04,
        2.5270e-04, 1.5439e-08, 2.5291e-04, 5.0626e-10, 1.0741e-07, 4.1356e-10,
        2.4024e-04, 8.5531e-09, 2.6559e-04, 2.6043e-04, 2.4960e-04, 8.6458e-10,
        5.9842e-10, 2.4717e-04])//
train_examples$12000$10000.0//
train_loss$14000$0.0001286372470855713//
train_individual_losses$14000$tensor([1.0820e-08, 7.3523e-08, 2.4901e-04, 1.3027e-10, 2.6147e-04, 2.3666e-04,
        2.5960e-04, 4.8017e-11, 2.6407e-04, 3.5167e-10, 1.7185e-08, 2.8730e-07,
        2.4802e-04, 1.5384e-07, 2.7498e-04, 2.7028e-04, 2.5507e-04, 1.8906e-07,
        2.7595e-10, 2.5285e-04])//
train_examples$14000$10000.0//
train_loss$16000$0.0001251794719696045//
train_individual_losses$16000$tensor([7.4797e-06, 1.2807e-08, 2.4452e-04, 2.7434e-09, 2.5256e-04, 2.3475e-04,
        2.4986e-04, 6.8641e-11, 2.5269e-04, 3.2553e-11, 3.2537e-09, 9.1994e-10,
        2.3557e-04, 5.1529e-06, 2.6657e-04, 2.6444e-04, 2.4535e-04, 1.7704e-08,
        3.2832e-11, 2.4460e-04])//
train_examples$16000$10000.0//
train_loss$18000$0.00012299416542053222//
train_individual_losses$18000$tensor([9.4012e-08, 3.6643e-11, 2.4070e-04, 9.0124e-12, 2.5451e-04, 2.3168e-04,
        2.3719e-04, 1.2197e-09, 2.5171e-04, 1.4505e-08, 6.9452e-09, 6.4541e-07,
        2.2859e-04, 1.1749e-08, 2.6190e-04, 2.6383e-04, 2.4417e-04, 7.6287e-09,
        5.0394e-11, 2.4482e-04])//
train_examples$18000$10000.0//
train_loss$20000$0.00011258034706115722//
train_individual_losses$20000$tensor([4.0726e-07, 2.4706e-11, 2.2586e-09, 7.8534e-07, 2.5500e-04, 2.3867e-04,
        2.3482e-04, 7.0693e-11, 2.5922e-04, 3.2313e-11, 5.8016e-08, 2.4938e-10,
        2.3545e-04, 1.7491e-07, 2.6206e-04, 2.6426e-04, 2.5108e-04, 3.5149e-09,
        1.2038e-10, 2.4962e-04])//
train_examples$20000$10000.0//
train_loss$22000$9.350582122802735e-05//
train_individual_losses$22000$tensor([5.4627e-08, 1.2259e-07, 1.2986e-08, 3.8638e-08, 2.5254e-04, 2.3668e-04,
        2.2945e-04, 2.0949e-09, 2.5140e-04, 1.1663e-07, 9.4242e-11, 2.7295e-09,
        2.2953e-04, 7.0125e-08, 2.6110e-04, 2.6282e-04, 2.5867e-09, 1.5688e-08,
        6.6824e-08, 1.4609e-04])//
train_examples$22000$10000.0//
train_loss$24000$8.795363426208497e-05//
train_individual_losses$24000$tensor([4.5366e-12, 3.9872e-07, 2.5072e-06, 6.8528e-12, 2.5545e-04, 2.3645e-04,
        2.3601e-04, 3.7561e-11, 2.6357e-04, 2.6796e-07, 1.1995e-09, 7.9202e-08,
        2.3758e-04, 3.4495e-07, 2.5782e-04, 2.6852e-04, 1.1063e-10, 7.4183e-08,
        1.0721e-10, 1.2196e-09])//
train_examples$24000$10000.0//
train_loss$26000$8.476210594177246e-05//
train_individual_losses$26000$tensor([4.4166e-07, 3.0766e-08, 1.5014e-08, 1.6162e-07, 2.4831e-04, 2.3110e-04,
        2.2402e-04, 1.6657e-11, 2.5031e-04, 1.3855e-10, 4.7335e-07, 2.3153e-08,
        2.2492e-04, 5.4464e-07, 2.5314e-04, 2.6045e-04, 1.6842e-10, 1.2206e-06,
        1.3662e-10, 7.4613e-08])//
train_examples$26000$10000.0//
train_loss$28000$8.57784080505371e-05//
train_individual_losses$28000$tensor([1.7634e-07, 3.8567e-07, 4.4777e-09, 6.8034e-08, 2.4884e-04, 2.3496e-04,
        2.2652e-04, 2.6441e-10, 2.5491e-04, 4.6433e-11, 6.7015e-09, 9.3850e-08,
        2.2856e-04, 3.0745e-10, 2.5632e-04, 2.6470e-04, 3.7634e-11, 6.8682e-09,
        7.3553e-09, 5.4900e-10])//
train_examples$28000$10000.0//
train_loss$30000$8.685149192810059e-05//
train_individual_losses$30000$tensor([3.8788e-12, 5.6333e-09, 1.6047e-12, 3.1777e-09, 2.5262e-04, 2.3731e-04,
        2.3425e-04, 6.9330e-07, 2.6089e-04, 1.0663e-08, 2.1532e-08, 1.3563e-07,
        2.3513e-04, 1.3880e-10, 2.5347e-04, 2.6130e-04, 2.7434e-11, 5.4139e-07,
        6.3794e-07, 1.9208e-11])//
train_examples$30000$10000.0//
train_loss$32000$8.533690452575684e-05//
train_individual_losses$32000$tensor([3.0528e-12, 5.6734e-10, 2.9296e-11, 1.4386e-08, 2.5036e-04, 2.3443e-04,
        2.2642e-04, 3.2691e-07, 2.5142e-04, 3.7255e-09, 4.5369e-07, 5.3406e-12,
        2.2750e-04, 2.9513e-07, 2.5387e-04, 2.6158e-04, 1.4843e-10, 3.5754e-08,
        1.1990e-08, 4.8524e-10])//
train_examples$32000$10000.0//
train_loss$34000$8.720270156860351e-05//
train_individual_losses$34000$tensor([4.1315e-08, 4.9128e-10, 5.0024e-12, 3.3543e-09, 2.5425e-04, 2.3717e-04,
        2.3578e-04, 1.3868e-10, 2.5519e-04, 1.1206e-10, 3.0860e-11, 1.2072e-06,
        2.3559e-04, 1.9575e-07, 2.6105e-04, 2.6334e-04, 4.1733e-09, 2.1629e-08,
        1.9867e-07, 1.0233e-11])//
train_examples$34000$10000.0//
train_loss$36000$7.255953788757325e-05//
train_individual_losses$36000$tensor([3.2901e-06, 1.2190e-08, 1.7675e-12, 1.0815e-10, 2.5161e-04, 2.3057e-04,
        2.3176e-04, 7.4526e-11, 1.1470e-09, 1.3496e-06, 1.9779e-10, 2.8847e-11,
        2.3524e-04, 1.4499e-07, 2.5760e-04, 2.3942e-04, 3.2392e-13, 1.7524e-07,
        7.3028e-11, 3.7848e-09])//
train_examples$36000$10000.0//
train_loss$38000$7.287158012390136e-05//
train_individual_losses$38000$tensor([3.1852e-10, 9.5045e-11, 1.4254e-10, 7.3356e-11, 2.5979e-04, 2.3421e-04,
        2.2886e-04, 3.1578e-08, 1.5741e-11, 2.5353e-07, 1.5757e-10, 1.1821e-07,
        2.3239e-04, 4.2084e-08, 2.5812e-04, 2.3888e-04, 6.0639e-12, 5.9599e-09,
        4.7362e-06, 1.9574e-10])//
train_examples$38000$10000.0//
train_loss$40000$7.152704238891602e-05//
train_individual_losses$40000$tensor([3.4736e-08, 2.1892e-09, 5.4360e-09, 3.0133e-07, 2.5437e-04, 2.3023e-04,
        2.2753e-04, 7.4185e-11, 3.1864e-08, 4.2404e-08, 4.1539e-12, 1.4924e-11,
        2.2722e-04, 3.7071e-06, 2.5585e-04, 2.3120e-04, 2.7656e-10, 2.2890e-09,
        4.2167e-11, 1.9289e-08])//
train_examples$40000$10000.0//
train_loss$42000$7.104361534118652e-05//
train_individual_losses$42000$tensor([4.3298e-08, 3.0584e-11, 2.6794e-09, 9.0535e-10, 2.4678e-04, 2.3192e-04,
        2.2757e-04, 5.4522e-10, 2.2191e-06, 5.3113e-11, 2.3933e-11, 4.3781e-10,
        2.2788e-04, 4.4612e-11, 2.5441e-04, 2.3001e-04, 3.1497e-08, 1.3050e-10,
        6.3659e-11, 5.1542e-12])//
train_examples$42000$10000.0//
train_loss$44000$7.111079692840576e-05//
train_individual_losses$44000$tensor([1.1962e-07, 1.7363e-11, 7.1616e-07, 2.0491e-11, 2.4650e-04, 2.3385e-04,
        2.2647e-04, 5.7766e-08, 7.0704e-09, 1.0219e-09, 1.9354e-07, 2.3654e-11,
        2.2729e-04, 8.5472e-11, 2.5440e-04, 2.3083e-04, 1.0503e-11, 1.2404e-06,
        3.3754e-07, 2.1205e-07])//
train_examples$44000$10000.0//
train_loss$46000$7.08794355392456e-05//
train_individual_losses$46000$tensor([5.0625e-06, 5.4343e-11, 2.7431e-12, 2.5738e-11, 2.4642e-04, 2.3045e-04,
        2.2689e-04, 7.4494e-11, 9.9750e-14, 5.7115e-10, 6.6357e-08, 1.5157e-06,
        2.2627e-04, 5.0971e-10, 2.5281e-04, 2.2810e-04, 2.5961e-12, 4.1620e-11,
        5.3230e-11, 3.9403e-12])//
train_examples$46000$10000.0//
train_loss$48000$7.409469604492188e-05//
train_individual_losses$48000$tensor([3.7347e-10, 1.0495e-09, 3.5324e-12, 4.6098e-09, 2.4337e-04, 2.4150e-04,
        2.4099e-04, 1.1328e-11, 1.5076e-07, 6.2242e-11, 1.8794e-06, 2.9607e-07,
        2.3769e-04, 3.4247e-11, 2.7397e-04, 2.3476e-04, 6.2283e-06, 8.0417e-07,
        4.9249e-09, 2.3971e-07])//
train_examples$48000$10000.0//
train_loss$50000$5.8011384010314945e-05//
train_individual_losses$50000$tensor([1.2558e-07, 4.9011e-11, 3.3841e-11, 2.1453e-08, 2.3068e-04, 2.2980e-04,
        2.2364e-04, 4.6338e-09, 4.8688e-07, 3.3382e-08, 5.4645e-08, 4.1892e-07,
        2.2452e-04, 2.2720e-09, 2.5042e-04, 4.2723e-10, 2.0861e-11, 1.1929e-08,
        1.1486e-08, 3.3820e-12])//
train_examples$50000$10000.0//
train_loss$52000$5.795488357543945e-05//
train_individual_losses$52000$tensor([2.4430e-09, 1.8147e-08, 7.3060e-10, 1.1882e-09, 2.2593e-04, 2.3086e-04,
        2.2574e-04, 2.2296e-06, 4.0368e-12, 5.2107e-08, 1.1181e-11, 9.2934e-11,
        2.2755e-04, 1.8704e-09, 2.4639e-04, 1.9610e-10, 1.4475e-08, 1.8935e-07,
        3.3316e-10, 1.1973e-07])//
train_examples$52000$10000.0//
train_loss$54000$5.793763160705566e-05//
train_individual_losses$54000$tensor([1.1199e-07, 2.8603e-07, 9.9455e-10, 9.5783e-09, 2.2712e-04, 2.3303e-04,
        2.2655e-04, 8.9062e-11, 2.3623e-10, 5.6069e-10, 1.5247e-07, 8.8029e-11,
        2.2813e-04, 9.4642e-11, 2.4269e-04, 6.5133e-07, 2.4828e-11, 2.5169e-08,
        4.1022e-11, 4.1784e-09])//
train_examples$54000$10000.0//
train_loss$56000$5.7012953758239746e-05//
train_individual_losses$56000$tensor([1.7313e-11, 1.7160e-06, 3.1228e-07, 4.2919e-12, 2.2193e-04, 2.3163e-04,
        2.2551e-04, 5.7251e-11, 1.0598e-07, 3.3010e-08, 3.5227e-10, 6.3387e-12,
        2.2598e-04, 4.4121e-07, 2.2905e-04, 3.5422e-06, 1.1588e-10, 5.6413e-09,
        2.9855e-11, 3.7474e-12])//
train_examples$56000$10000.0//
train_loss$58000$5.761448860168457e-05//
train_individual_losses$58000$tensor([2.8666e-10, 4.5988e-08, 3.3856e-12, 4.5699e-12, 2.2792e-04, 2.3537e-04,
        2.2766e-04, 7.0921e-08, 2.3430e-10, 2.9438e-09, 1.2331e-08, 1.0044e-08,
        2.2830e-04, 7.4626e-11, 2.3233e-04, 2.7963e-09, 1.5897e-07, 4.0742e-07,
        7.4101e-11, 7.5433e-12])//
train_examples$58000$10000.0//
train_loss$60000$5.6433157920837404e-05//
train_individual_losses$60000$tensor([2.1580e-10, 2.1278e-09, 8.1206e-12, 3.1221e-10, 2.1957e-04, 2.3049e-04,
        2.2641e-04, 5.4665e-09, 3.0195e-13, 4.1527e-08, 4.8024e-10, 1.4617e-07,
        2.2628e-04, 2.8179e-08, 2.2498e-04, 2.4344e-09, 5.7949e-12, 7.0573e-07,
        1.3654e-09, 2.4610e-11])//
train_examples$60000$10000.0//
train_loss$62000$5.707818508148193e-05//
train_individual_losses$62000$tensor([4.1589e-07, 1.1484e-08, 5.4768e-12, 8.6773e-09, 2.2332e-04, 2.3265e-04,
        2.2487e-04, 9.4950e-08, 1.0874e-09, 3.6870e-07, 5.5797e-08, 7.9075e-09,
        2.2550e-04, 1.4138e-10, 2.3290e-04, 3.3086e-07, 7.2918e-12, 2.1725e-10,
        1.0230e-06, 6.3207e-11])//
train_examples$62000$10000.0//
train_loss$64000$5.672237396240234e-05//
train_individual_losses$64000$tensor([1.4585e-07, 3.5906e-10, 2.4878e-07, 3.2785e-10, 2.1904e-04, 2.2973e-04,
        2.2695e-04, 2.6808e-11, 8.7892e-08, 3.0640e-08, 1.4244e-11, 1.2159e-06,
        2.2576e-04, 3.3224e-07, 2.2461e-04, 2.3730e-08, 8.2689e-08, 2.4489e-06,
        3.7333e-06, 9.5702e-09])//
train_examples$64000$10000.0//
train_loss$66000$5.699761867523193e-05//
train_individual_losses$66000$tensor([5.1626e-12, 6.1579e-09, 1.4408e-07, 4.5527e-06, 2.2221e-04, 2.3172e-04,
        2.2448e-04, 3.8992e-07, 7.3779e-11, 1.1505e-10, 4.6644e-10, 2.5890e-11,
        2.2613e-04, 1.9725e-08, 2.2910e-04, 5.3388e-08, 9.0014e-10, 4.4263e-09,
        2.5126e-08, 1.1073e-06])//
train_examples$66000$10000.0//
train_loss$68000$5.776960849761963e-05//
train_individual_losses$68000$tensor([1.2428e-11, 1.3315e-10, 1.9476e-12, 8.3654e-12, 2.2700e-04, 2.3402e-04,
        2.3205e-04, 1.2988e-11, 4.0729e-12, 2.2973e-10, 5.0147e-09, 1.5115e-11,
        2.3383e-04, 9.4818e-10, 2.2764e-04, 1.1910e-10, 4.7756e-11, 4.9199e-07,
        1.6366e-07, 1.8398e-07])//
train_examples$68000$10000.0//
train_loss$70000$5.779880046844482e-05//
train_individual_losses$70000$tensor([1.2826e-11, 1.1607e-10, 1.8358e-12, 2.1885e-09, 2.2105e-04, 2.2975e-04,
        2.3610e-04, 2.3698e-11, 8.1505e-13, 3.6607e-11, 3.8452e-10, 1.9952e-07,
        2.3361e-04, 2.5161e-09, 2.2715e-04, 3.2695e-09, 7.9086e-06, 1.4630e-07,
        4.6507e-08, 1.9094e-12])//
train_examples$70000$10000.0//
train_loss$72000$5.7077107429504395e-05//
train_individual_losses$72000$tensor([1.3867e-11, 3.9674e-11, 2.9290e-12, 8.8800e-12, 2.2480e-04, 2.3094e-04,
        2.2358e-04, 2.3870e-09, 5.8014e-13, 1.2678e-08, 3.2399e-10, 1.0250e-09,
        2.2463e-04, 1.2527e-09, 2.3067e-04, 2.3829e-10, 2.5708e-06, 1.3954e-10,
        4.3341e-06, 1.8409e-08])//
train_examples$72000$10000.0//
train_loss$74000$5.7444515228271486e-05//
train_individual_losses$74000$tensor([4.0051e-09, 3.4976e-10, 2.6288e-07, 5.4367e-07, 2.2449e-04, 2.3303e-04,
        2.2667e-04, 2.7307e-08, 7.0665e-11, 3.0094e-09, 1.5308e-06, 2.1137e-11,
        2.2532e-04, 2.9252e-07, 2.3530e-04, 1.4176e-06, 1.5423e-11, 8.4666e-11,
        3.7139e-10, 1.2114e-10])//
train_examples$74000$10000.0//
train_loss$76000$5.754952907562256e-05//
train_individual_losses$76000$tensor([7.1151e-10, 6.9340e-07, 7.5226e-06, 3.0790e-07, 2.2440e-04, 2.3203e-04,
        2.2573e-04, 6.2833e-07, 1.5849e-12, 2.8079e-11, 3.3744e-08, 4.8920e-08,
        2.2850e-04, 1.5771e-06, 2.2832e-04, 3.2249e-10, 8.0089e-12, 1.1276e-06,
        5.4646e-11, 7.3150e-08])//
train_examples$76000$10000.0//
train_loss$78000$5.253950595855713e-05//
train_individual_losses$78000$tensor([3.0317e-09, 7.0072e-08, 3.3117e-08, 3.5022e-06, 2.1947e-04, 2.3152e-04,
        1.4425e-04, 3.5297e-07, 1.6784e-07, 9.8150e-10, 1.9277e-09, 3.8614e-11,
        2.2519e-04, 5.4880e-11, 2.2611e-04, 1.9289e-08, 2.0691e-11, 3.3599e-08,
        1.1611e-08, 5.0242e-08])//
train_examples$78000$10000.0//
train_loss$80000$4.638018608093262e-05//
train_individual_losses$80000$tensor([3.1406e-07, 8.7263e-11, 7.1520e-09, 1.4825e-11, 2.2653e-04, 2.3592e-04,
        1.4209e-07, 2.2799e-11, 1.8985e-10, 5.0853e-11, 6.6554e-07, 1.1671e-07,
        2.3460e-04, 8.5597e-09, 2.2794e-04, 3.6328e-07, 5.7955e-08, 2.6747e-07,
        6.6235e-07, 9.5673e-10])//
train_examples$80000$10000.0//
train_loss$82000$4.5866832733154294e-05//
train_individual_losses$82000$tensor([1.4395e-07, 5.5083e-08, 8.2378e-08, 6.3830e-07, 2.2674e-04, 2.3318e-04,
        7.5877e-08, 3.1958e-10, 5.0728e-12, 6.3664e-10, 2.2351e-11, 4.6909e-09,
        2.3055e-04, 2.3509e-08, 2.2585e-04, 4.0707e-10, 1.0269e-12, 2.3672e-10,
        6.9489e-10, 6.6424e-12])//
train_examples$82000$10000.0//
train_loss$84000$4.4242286682128904e-05//
train_individual_losses$84000$tensor([1.6435e-09, 3.8173e-11, 3.6998e-11, 1.5377e-08, 2.1944e-04, 2.3218e-04,
        6.5361e-11, 8.7213e-08, 5.0240e-12, 1.9313e-11, 8.4971e-11, 1.4628e-06,
        1.9838e-04, 7.8361e-09, 2.2607e-04, 1.6361e-09, 2.6402e-12, 2.8567e-10,
        7.1583e-06, 4.1697e-08])//
train_examples$84000$10000.0//
train_loss$86000$4.028770446777344e-05//
train_individual_losses$86000$tensor([9.7806e-11, 1.1122e-10, 2.6624e-07, 8.8156e-07, 2.2132e-04, 2.2855e-04,
        7.1732e-12, 1.0440e-08, 4.6741e-13, 3.6463e-07, 1.0318e-11, 6.6892e-07,
        1.2608e-04, 7.9925e-11, 2.2599e-04, 3.0812e-07, 1.7208e-07, 1.1392e-06,
        8.7847e-11, 1.0246e-09])//
train_examples$86000$10000.0//
train_loss$88000$3.5162410736083986e-05//
train_individual_losses$88000$tensor([1.5019e-06, 1.0478e-06, 2.1989e-10, 1.7438e-10, 2.2428e-04, 2.3613e-04,
        8.0258e-07, 5.3051e-07, 3.6953e-13, 3.4726e-11, 1.1597e-12, 4.3832e-09,
        1.8140e-06, 5.2745e-11, 2.3532e-04, 1.2571e-07, 1.3031e-07, 1.5647e-06,
        4.6741e-11, 1.5564e-09])//
train_examples$88000$10000.0//
train_loss$90000$2.4693760871887206e-05//
train_individual_losses$90000$tensor([2.4912e-09, 4.3893e-08, 2.2662e-10, 1.8068e-11, 2.6393e-05, 2.3684e-04,
        6.3495e-11, 1.5115e-07, 6.0094e-09, 2.1534e-07, 3.8151e-09, 5.2042e-09,
        2.5730e-09, 7.4325e-11, 2.2693e-04, 5.7137e-11, 2.5818e-06, 7.0014e-07,
        6.1146e-11, 8.3380e-12])//
train_examples$90000$10000.0//
train_loss$92000$2.3289215564727784e-05//
train_individual_losses$92000$tensor([3.1982e-10, 1.6826e-11, 1.1118e-06, 9.2161e-07, 1.0033e-08, 2.3670e-04,
        2.4280e-07, 1.2794e-09, 9.7490e-10, 1.3019e-09, 1.2615e-07, 2.0716e-10,
        1.3681e-09, 2.3465e-07, 2.2621e-04, 3.4989e-11, 6.7805e-10, 1.4747e-08,
        4.6923e-11, 2.0543e-07])//
train_examples$92000$10000.0//
train_loss$94000$2.3089864253997804e-05//
train_individual_losses$94000$tensor([1.5297e-11, 2.3083e-06, 1.9459e-12, 1.1110e-09, 6.5604e-08, 2.3277e-04,
        1.1999e-11, 2.5178e-10, 1.4284e-06, 3.1145e-11, 3.6177e-07, 2.2936e-12,
        4.1900e-11, 2.3158e-08, 2.2483e-04, 1.8056e-11, 4.8136e-12, 4.9730e-11,
        1.6823e-11, 6.4604e-09])//
train_examples$94000$10000.0//
train_loss$96000$2.3141398429870606e-05//
train_individual_losses$96000$tensor([1.6989e-08, 2.6563e-08, 4.1558e-11, 1.8350e-08, 1.7506e-11, 2.3186e-04,
        6.0081e-08, 3.5065e-08, 4.2892e-09, 4.7641e-07, 2.1729e-07, 3.4023e-09,
        1.6442e-07, 3.8271e-11, 2.2995e-04, 8.0292e-11, 2.1803e-12, 2.1604e-11,
        1.0562e-10, 1.0209e-11])//
train_examples$96000$10000.0//
train_loss$98000$2.2652320861816408e-05//
train_individual_losses$98000$tensor([1.2812e-09, 1.3347e-09, 1.2631e-11, 6.8421e-09, 2.6930e-11, 2.2876e-04,
        4.1557e-09, 2.1101e-09, 1.0266e-10, 1.3194e-09, 1.5381e-07, 2.2256e-10,
        6.5040e-10, 2.6964e-08, 2.2387e-04, 3.8135e-11, 1.9163e-07, 2.5822e-08,
        3.1284e-10, 1.5584e-10])//
train_examples$98000$10000.0//
train_loss$100000$2.280550241470337e-05//
train_individual_losses$100000$tensor([2.3486e-12, 1.3447e-10, 1.0512e-08, 4.9427e-12, 5.9241e-08, 2.2966e-04,
        1.6249e-10, 1.7257e-08, 1.6626e-07, 2.9242e-08, 4.8097e-12, 2.8189e-09,
        1.1792e-11, 1.0168e-07, 2.2573e-04, 2.4613e-07, 9.1957e-08, 5.4729e-11,
        1.3534e-10, 1.0664e-11])//
train_examples$100000$10000.0//
train_loss$102000$2.393888473510742e-05//
train_individual_losses$102000$tensor([6.6607e-11, 8.1986e-06, 3.4486e-11, 5.0979e-07, 8.9464e-07, 2.3587e-04,
        2.4826e-11, 3.5018e-09, 5.3300e-07, 2.9972e-07, 1.5046e-10, 1.2994e-11,
        6.3953e-10, 1.4594e-10, 2.3230e-04, 1.6014e-09, 1.5999e-07, 2.3907e-09,
        8.6696e-10, 2.9534e-12])//
train_examples$102000$10000.0//
train_loss$104000$2.2999830245971678e-05//
train_individual_losses$104000$tensor([1.6845e-08, 2.7776e-11, 1.8424e-11, 3.4472e-08, 3.6490e-07, 2.3111e-04,
        1.5594e-11, 3.3957e-08, 6.1710e-13, 1.1163e-06, 1.3436e-08, 1.4456e-11,
        7.7589e-08, 5.5514e-10, 2.2490e-04, 2.2050e-06, 5.2300e-10, 3.8318e-08,
        7.9427e-08, 1.8615e-11])//
train_examples$104000$10000.0//
train_loss$106000$2.315038204193115e-05//
train_individual_losses$106000$tensor([4.0735e-11, 9.1267e-10, 5.0516e-12, 3.8567e-08, 7.2188e-09, 2.3456e-04,
        1.5336e-11, 2.4597e-06, 3.4720e-08, 4.8788e-09, 1.1305e-08, 7.2482e-09,
        1.4072e-10, 1.0020e-08, 2.2586e-04, 7.1626e-11, 7.2054e-11, 1.2525e-08,
        4.0377e-11, 4.9627e-09])//
train_examples$106000$10000.0//
train_loss$108000$2.3385841846466063e-05//
train_individual_losses$108000$tensor([1.2128e-07, 3.7380e-11, 3.0170e-09, 2.4882e-08, 2.7511e-11, 2.3584e-04,
        1.1512e-09, 1.3788e-11, 2.9520e-07, 3.1999e-06, 1.1633e-11, 4.7724e-11,
        4.9246e-09, 6.9291e-10, 2.2819e-04, 2.2185e-09, 3.6696e-11, 2.4018e-10,
        3.2190e-08, 4.9013e-12])//
train_examples$108000$10000.0//
train_loss$110000$2.297415018081665e-05//
train_individual_losses$110000$tensor([2.5850e-08, 1.8568e-08, 1.0254e-06, 2.8455e-08, 9.6019e-07, 2.3053e-04,
        8.0532e-08, 5.8597e-07, 5.6416e-12, 4.4276e-11, 1.3867e-11, 6.5051e-07,
        3.4193e-09, 7.7842e-09, 2.2496e-04, 4.0716e-10, 3.4175e-07, 2.5513e-07,
        5.5203e-11, 5.5879e-12])//
train_examples$110000$10000.0//
train_loss$112000$2.316699743270874e-05//
train_individual_losses$112000$tensor([1.2076e-11, 1.4188e-11, 3.9771e-11, 5.4517e-09, 3.0125e-08, 2.3241e-04,
        2.6736e-11, 6.5581e-08, 4.6913e-07, 6.6059e-09, 2.1190e-12, 2.7007e-08,
        3.0615e-08, 5.3474e-09, 2.2918e-04, 1.0543e-06, 5.1025e-08, 7.2622e-11,
        7.8055e-09, 1.5654e-11])//
train_examples$112000$10000.0//
train_loss$114000$2.352614641189575e-05//
train_individual_losses$114000$tensor([1.1028e-09, 7.2455e-08, 2.4016e-06, 1.6569e-07, 1.3872e-07, 2.3157e-04,
        5.8026e-06, 8.3111e-07, 6.5701e-11, 6.3830e-11, 9.0455e-10, 4.1685e-07,
        1.6044e-09, 3.4685e-07, 2.2479e-04, 5.4777e-08, 8.4140e-12, 3.4465e-07,
        3.5807e-06, 4.4317e-12])//
train_examples$114000$10000.0//
train_loss$116000$2.2735188007354736e-05//
train_individual_losses$116000$tensor([3.7097e-12, 1.6319e-11, 1.6622e-12, 1.0186e-11, 6.6894e-11, 2.3099e-04,
        1.2631e-10, 1.6783e-10, 5.5472e-11, 3.6526e-10, 3.9425e-12, 2.3194e-08,
        1.1472e-09, 2.3919e-10, 2.2354e-04, 1.6106e-11, 1.0346e-09, 4.1169e-10,
        1.3775e-11, 1.3816e-07])//
train_examples$116000$10000.0//
train_loss$118000$2.380286693572998e-05//
train_individual_losses$118000$tensor([7.0905e-08, 1.6607e-07, 1.0553e-09, 1.1327e-11, 4.5432e-09, 2.3026e-04,
        4.0864e-11, 1.0264e-10, 3.6938e-12, 7.9705e-08, 7.0870e-07, 5.9332e-11,
        1.0220e-08, 2.9322e-08, 2.3030e-04, 3.5459e-10, 1.0048e-06, 2.5164e-10,
        1.3418e-05, 1.5047e-10])//
train_examples$118000$10000.0//
train_loss$120000$2.3155331611633302e-05//
train_individual_losses$120000$tensor([4.1562e-09, 3.0937e-11, 9.6631e-10, 8.5795e-11, 7.3216e-07, 2.2957e-04,
        1.4514e-11, 2.5186e-10, 1.0453e-07, 1.9836e-11, 1.0930e-06, 1.0281e-09,
        1.0196e-07, 5.0611e-09, 2.2721e-04, 2.7759e-09, 5.0241e-08, 3.5529e-11,
        4.1584e-06, 7.3310e-08])//
train_examples$120000$10000.0//
train_loss$122000$2.325221061706543e-05//
train_individual_losses$122000$tensor([1.8667e-07, 6.7127e-08, 1.1460e-07, 2.0954e-06, 6.5223e-10, 2.3007e-04,
        1.6464e-09, 6.1105e-06, 2.4450e-09, 1.4688e-08, 6.9737e-12, 1.3040e-07,
        5.2148e-11, 4.6781e-11, 2.2625e-04, 7.6780e-11, 8.4683e-12, 2.8909e-10,
        1.5613e-11, 7.4649e-12])//
train_examples$122000$10000.0//
train_loss$124000$2.358354091644287e-05//
train_individual_losses$124000$tensor([2.8687e-12, 7.3846e-09, 1.7561e-07, 6.0288e-12, 8.9402e-07, 2.4132e-04,
        5.6931e-12, 3.7070e-10, 3.8010e-07, 5.0177e-11, 3.2618e-11, 7.8236e-07,
        1.8087e-10, 7.1130e-11, 2.2711e-04, 1.8891e-07, 2.5482e-11, 4.8712e-09,
        3.8237e-11, 8.0975e-07])//
train_examples$124000$10000.0//
train_loss$126000$2.3887248039245607e-05//
train_individual_losses$126000$tensor([3.1630e-12, 2.2156e-08, 1.5952e-07, 1.5970e-07, 2.0630e-10, 2.3816e-04,
        2.4280e-10, 1.6504e-09, 1.1547e-07, 2.4554e-10, 3.8521e-12, 3.0188e-11,
        5.4826e-08, 1.9173e-08, 2.3854e-04, 1.7368e-08, 1.3835e-12, 3.8498e-08,
        8.2670e-11, 4.5849e-07])//
train_examples$126000$10000.0//
train_loss$128000$2.3204703330993652e-05//
train_individual_losses$128000$tensor([9.1221e-08, 3.0552e-07, 1.2654e-09, 1.4785e-10, 1.2282e-10, 2.3421e-04,
        8.4650e-12, 9.3873e-10, 1.0009e-12, 1.1335e-06, 4.2321e-08, 2.0674e-10,
        1.4141e-08, 6.4193e-07, 2.2737e-04, 2.9320e-10, 5.3315e-10, 1.3970e-07,
        1.2349e-07, 8.9519e-09])//
train_examples$128000$10000.0//
train_loss$130000$2.285949468612671e-05//
train_individual_losses$130000$tensor([2.4368e-12, 8.0718e-11, 1.7808e-08, 2.2172e-11, 8.3931e-11, 2.2899e-04,
        5.8889e-07, 5.0965e-07, 5.2478e-11, 3.4691e-08, 6.9715e-12, 6.3160e-11,
        2.0779e-08, 5.1951e-10, 2.2614e-04, 5.1292e-11, 8.6032e-07, 2.4473e-08,
        1.4775e-10, 8.7261e-11])//
train_examples$130000$10000.0//
train_loss$132000$2.2512474060058594e-05//
train_individual_losses$132000$tensor([4.2839e-09, 1.5393e-11, 1.5810e-10, 2.5440e-10, 2.7337e-10, 2.2533e-04,
        9.8848e-08, 9.4191e-11, 5.1512e-13, 7.1302e-11, 7.4193e-12, 3.4027e-12,
        2.0446e-08, 3.8324e-11, 2.2473e-04, 3.2877e-09, 5.9585e-08, 1.8025e-10,
        6.3312e-11, 5.2060e-12])//
train_examples$132000$10000.0//
train_loss$134000$2.3262147903442384e-05//
train_individual_losses$134000$tensor([2.6158e-11, 4.8539e-07, 2.0563e-10, 1.3139e-08, 7.5110e-08, 2.3209e-04,
        2.1462e-08, 8.4768e-08, 1.0370e-09, 1.7733e-09, 4.9036e-10, 3.2398e-11,
        2.6819e-08, 4.2322e-08, 2.3170e-04, 5.7829e-07, 6.2223e-09, 8.3835e-08,
        3.0917e-08, 4.1823e-12])//
train_examples$134000$10000.0//
train_loss$136000$2.2961695194244384e-05//
train_individual_losses$136000$tensor([6.1460e-07, 6.1429e-07, 1.0683e-07, 1.3248e-11, 6.7378e-08, 2.2639e-04,
        3.0300e-10, 1.2762e-06, 1.6430e-10, 8.3451e-07, 5.5492e-07, 2.9155e-07,
        1.3978e-11, 3.0802e-07, 2.2815e-04, 3.5053e-11, 9.2265e-10, 2.4052e-08,
        4.7558e-11, 2.3532e-11])//
train_examples$136000$10000.0//
train_loss$138000$2.2925271987915038e-05//
train_individual_losses$138000$tensor([5.5296e-08, 2.9913e-11, 6.9996e-10, 6.1251e-11, 3.3002e-11, 2.2928e-04,
        1.0897e-11, 5.1004e-11, 1.5378e-13, 5.5704e-11, 7.7378e-09, 4.4031e-11,
        5.9211e-11, 1.0493e-10, 2.2845e-04, 5.4681e-11, 1.9205e-09, 5.6348e-09,
        5.8390e-07, 1.2097e-07])//
train_examples$138000$10000.0//
train_loss$140000$2.3125360012054442e-05//
train_individual_losses$140000$tensor([5.7343e-09, 3.9305e-08, 3.9883e-08, 1.7416e-11, 2.0775e-07, 2.2814e-04,
        2.1076e-06, 3.4857e-09, 1.3831e-12, 8.1495e-07, 1.5383e-07, 1.8085e-07,
        4.3574e-11, 3.3292e-09, 2.3045e-04, 2.6735e-10, 4.4925e-12, 1.8763e-07,
        1.5018e-07, 1.8516e-08])//
train_examples$140000$10000.0//
train_loss$142000$2.269630193710327e-05//
train_individual_losses$142000$tensor([1.3247e-07, 1.6531e-11, 2.3068e-11, 7.2905e-09, 5.3418e-07, 2.2569e-04,
        1.3537e-11, 1.2315e-10, 3.2332e-11, 2.3607e-06, 4.1277e-10, 1.4630e-10,
        1.5905e-10, 2.4488e-10, 2.2519e-04, 2.0512e-09, 1.8521e-12, 3.7578e-10,
        5.7241e-11, 9.3421e-10])//
train_examples$142000$10000.0//
train_loss$144000$2.2764177322387694e-05//
train_individual_losses$144000$tensor([8.7214e-12, 5.7128e-07, 8.1420e-12, 1.7708e-08, 4.6898e-11, 2.2651e-04,
        6.1238e-08, 4.5831e-09, 2.3739e-07, 3.8098e-10, 8.5590e-09, 2.6448e-08,
        5.5877e-11, 1.5781e-10, 2.2783e-04, 8.5650e-10, 3.2800e-12, 2.1375e-08,
        3.4664e-11, 1.0627e-09])//
train_examples$144000$10000.0//
train_loss$146000$2.2616186141967774e-05//
train_individual_losses$146000$tensor([8.8664e-10, 3.0454e-10, 2.3613e-08, 2.9503e-08, 2.8421e-08, 2.2461e-04,
        1.6762e-06, 5.5156e-09, 4.5203e-13, 8.0509e-07, 1.2604e-07, 3.4570e-08,
        1.4881e-09, 6.4787e-08, 2.2387e-04, 2.0618e-11, 3.3420e-07, 1.1451e-08,
        1.0414e-07, 5.9793e-07])//
train_examples$146000$10000.0//
train_loss$148000$2.252531051635742e-05//
train_individual_losses$148000$tensor([6.3057e-12, 6.2566e-08, 5.5232e-12, 1.2351e-08, 1.1040e-08, 2.2473e-04,
        1.1937e-09, 4.3029e-11, 1.1915e-11, 3.2228e-11, 1.1895e-08, 8.2762e-08,
        7.5788e-10, 7.0385e-07, 2.2486e-04, 3.0483e-08, 7.4442e-11, 1.8581e-11,
        1.6852e-11, 2.0030e-10])//
train_examples$148000$10000.0//
train_loss$150000$2.4114589691162108e-05//
train_individual_losses$150000$tensor([2.2326e-07, 6.6031e-10, 1.7571e-11, 2.2886e-08, 1.7995e-08, 2.3566e-04,
        4.2862e-09, 1.4049e-08, 4.7655e-07, 5.3192e-10, 9.4802e-08, 1.1281e-07,
        1.6051e-08, 3.8815e-07, 2.4507e-04, 1.5403e-11, 2.8825e-10, 6.6120e-10,
        4.9188e-08, 1.3576e-07])//
train_examples$150000$10000.0//
train_loss$152000$2.2570250034332274e-05//
train_individual_losses$152000$tensor([7.5735e-11, 1.6472e-07, 6.9513e-10, 7.3708e-12, 1.0717e-09, 2.2671e-04,
        1.9405e-10, 7.6564e-10, 4.7105e-13, 1.6435e-10, 5.6500e-08, 7.7055e-12,
        3.9843e-10, 5.9533e-11, 2.2444e-04, 2.2986e-08, 2.3641e-09, 5.8439e-11,
        8.8632e-10, 4.4338e-10])//
train_examples$152000$10000.0//
train_loss$154000$2.316565752029419e-05//
train_individual_losses$154000$tensor([1.9051e-08, 4.4644e-11, 4.8583e-10, 3.4709e-11, 3.6658e-09, 2.2531e-04,
        2.5446e-06, 2.3370e-08, 5.2078e-14, 5.4293e-07, 2.5779e-08, 2.4052e-09,
        5.8687e-09, 5.5342e-07, 2.2915e-04, 3.8147e-06, 2.2317e-10, 1.5089e-08,
        6.4498e-08, 1.2353e-06])//
train_examples$154000$10000.0//
train_loss$156000$2.2628896236419677e-05//
train_individual_losses$156000$tensor([1.5530e-07, 4.1576e-08, 1.9310e-12, 1.3463e-11, 3.6359e-08, 2.2414e-04,
        1.1591e-07, 1.9788e-11, 9.0874e-09, 2.5617e-09, 9.8109e-10, 6.8409e-12,
        2.1406e-06, 1.1016e-10, 2.2584e-04, 2.1956e-11, 1.5675e-11, 4.8559e-11,
        8.7818e-08, 2.1809e-09])//
train_examples$156000$10000.0//
train_loss$158000$2.2757184505462648e-05//
train_individual_losses$158000$tensor([2.3989e-11, 7.3855e-09, 1.9206e-11, 1.2298e-07, 2.0372e-11, 2.2465e-04,
        1.2367e-07, 8.2994e-07, 3.6029e-07, 3.9822e-08, 5.4928e-09, 4.1881e-09,
        1.7004e-06, 3.8399e-09, 2.2452e-04, 2.9559e-09, 2.2546e-06, 4.7288e-11,
        3.0235e-07, 2.2211e-07])//
train_examples$158000$10000.0//
train_loss$160000$2.2799792289733887e-05//
train_individual_losses$160000$tensor([1.0753e-08, 1.5914e-11, 1.4230e-08, 1.4478e-10, 5.2339e-06, 2.2613e-04,
        2.7266e-11, 1.3692e-10, 3.2722e-10, 2.9738e-11, 6.9355e-08, 4.1485e-09,
        3.8892e-09, 3.5593e-11, 2.2452e-04, 1.5532e-09, 4.0208e-12, 1.8555e-10,
        3.0748e-11, 2.0251e-09])//
train_examples$160000$10000.0//
train_loss$162000$2.2959864139556886e-05//
train_individual_losses$162000$tensor([2.0490e-11, 6.7963e-08, 5.3905e-09, 9.2790e-12, 8.8252e-11, 2.3188e-04,
        8.8689e-10, 1.8112e-11, 4.3552e-09, 4.1782e-09, 5.4958e-13, 8.8468e-10,
        1.0321e-08, 6.2812e-11, 2.2718e-04, 1.2511e-08, 3.0450e-09, 2.1000e-08,
        5.9991e-11, 2.9222e-09])//
train_examples$162000$10000.0//
train_loss$164000$2.3275673389434813e-05//
train_individual_losses$164000$tensor([4.9006e-12, 2.9520e-10, 3.4969e-06, 6.2236e-12, 5.0606e-08, 2.2659e-04,
        3.1103e-07, 3.7724e-07, 6.6310e-08, 2.4758e-08, 1.8073e-09, 5.3957e-12,
        1.0782e-07, 2.9677e-10, 2.3180e-04, 3.7588e-09, 5.9814e-08, 1.0527e-06,
        2.1597e-07, 1.3587e-06])//
train_examples$164000$10000.0//
train_loss$166000$2.327103853225708e-05//
train_individual_losses$166000$tensor([8.7196e-08, 7.4285e-10, 6.3924e-07, 6.3176e-12, 3.8798e-06, 2.2933e-04,
        9.2433e-08, 3.1146e-10, 8.4833e-09, 2.0450e-08, 1.5974e-06, 9.6929e-07,
        1.9830e-06, 6.2537e-11, 2.2670e-04, 1.0977e-07, 4.7769e-11, 5.9379e-11,
        2.4548e-10, 7.7334e-12])//
train_examples$166000$10000.0//
train_loss$168000$2.2647025585174562e-05//
train_individual_losses$168000$tensor([6.2048e-12, 8.7320e-08, 1.9982e-12, 1.1950e-11, 7.3502e-11, 2.2561e-04,
        2.0875e-07, 6.7139e-10, 1.0719e-13, 2.8173e-07, 9.5367e-08, 3.7095e-07,
        1.1682e-11, 3.4843e-11, 2.2624e-04, 2.2682e-08, 5.8278e-12, 2.5002e-08,
        1.7772e-09, 4.5347e-12])//
train_examples$168000$10000.0//
train_loss$170000$1.1485265493392944e-05//
train_individual_losses$170000$tensor([3.0531e-11, 3.8139e-08, 3.1050e-06, 2.4191e-10, 1.0188e-09, 2.2376e-04,
        1.8673e-11, 6.2645e-10, 5.6735e-13, 6.7683e-09, 1.9725e-09, 1.0306e-11,
        1.8131e-06, 1.4560e-07, 5.5208e-10, 2.7346e-11, 8.5362e-12, 7.8647e-07,
        4.7800e-08, 5.1741e-12])//
train_examples$170000$10000.0//
train_loss$172000$1.1679447889328003e-05//
train_individual_losses$172000$tensor([4.0523e-12, 8.7009e-11, 2.2267e-09, 1.0512e-07, 3.9086e-11, 2.3066e-04,
        4.4008e-07, 1.7210e-07, 1.3060e-07, 3.2290e-10, 4.9285e-09, 4.5512e-07,
        1.0098e-07, 3.2231e-07, 4.4568e-08, 1.1490e-06, 1.1183e-09, 6.6335e-11,
        2.4072e-11, 9.5388e-11])//
train_examples$172000$10000.0//
train_loss$174000$1.1520705223083496e-05//
train_individual_losses$174000$tensor([2.4254e-06, 1.5699e-11, 5.1179e-11, 1.8451e-11, 2.0229e-10, 2.2461e-04,
        2.3127e-11, 1.5075e-08, 4.2212e-07, 1.7300e-08, 4.6418e-11, 8.5575e-09,
        9.0322e-08, 1.7625e-08, 1.3550e-10, 1.4748e-11, 6.2966e-09, 4.7023e-07,
        2.2089e-06, 1.2251e-07])//
train_examples$174000$10000.0//
train_loss$176000$1.1563397645950318e-05//
train_individual_losses$176000$tensor([2.9129e-06, 1.2604e-09, 2.0853e-08, 2.7012e-12, 3.4593e-11, 2.2665e-04,
        6.4188e-07, 1.9499e-09, 6.3098e-07, 1.8999e-10, 7.6921e-12, 4.0414e-07,
        1.0584e-10, 4.8811e-09, 7.8434e-12, 1.0464e-10, 8.0743e-11, 1.2286e-09,
        6.1578e-11, 1.5969e-11])//
train_examples$176000$10000.0//
train_loss$178000$1.1498110294342042e-05//
train_individual_losses$178000$tensor([1.8569e-06, 2.0829e-10, 3.1379e-12, 1.3028e-06, 7.8294e-08, 2.2429e-04,
        2.6629e-07, 6.0232e-11, 9.6518e-07, 7.1462e-07, 4.6656e-07, 6.9310e-11,
        1.6435e-08, 7.0524e-11, 1.1606e-11, 7.5767e-11, 1.4042e-11, 2.1281e-10,
        3.6774e-09, 1.5821e-11])//
train_examples$178000$10000.0//
train_loss$180000$1.1747714281082154e-05//
train_individual_losses$180000$tensor([5.2136e-07, 2.0558e-09, 1.3962e-06, 5.1828e-12, 8.8810e-08, 2.3131e-04,
        2.1467e-11, 9.1186e-09, 6.1732e-11, 6.5303e-08, 2.3008e-10, 8.7320e-12,
        3.8542e-07, 6.3591e-11, 1.0015e-08, 9.2288e-11, 1.3562e-10, 2.5577e-11,
        2.3850e-07, 9.2784e-07])//
train_examples$180000$10000.0//
train_loss$182000$1.1779553890228271e-05//
train_individual_losses$182000$tensor([2.2377e-08, 1.1263e-09, 6.9432e-07, 1.8046e-09, 3.2999e-10, 2.3169e-04,
        3.4529e-07, 8.8383e-09, 6.7090e-14, 5.3629e-07, 6.1050e-11, 1.9854e-09,
        9.6221e-09, 6.9636e-09, 6.9408e-11, 1.3903e-10, 1.2092e-11, 2.2904e-07,
        1.9459e-10, 2.0427e-06])//
train_examples$182000$10000.0//
train_loss$184000$1.2204195261001587e-05//
train_individual_losses$184000$tensor([1.0408e-11, 2.7942e-08, 4.5573e-12, 1.9130e-07, 1.2604e-11, 2.3426e-04,
        1.2105e-11, 9.6581e-11, 2.1568e-06, 2.4649e-10, 4.4692e-06, 2.7960e-11,
        7.0539e-08, 2.4894e-10, 1.5587e-07, 2.7392e-06, 2.9935e-12, 1.0975e-08,
        6.1126e-11, 1.8852e-11])//
train_examples$184000$10000.0//
train_loss$186000$1.1203298568725586e-05//
train_individual_losses$186000$tensor([3.3546e-08, 1.9035e-11, 1.6431e-07, 2.1900e-11, 2.2116e-11, 2.2339e-04,
        6.6089e-11, 5.2586e-11, 5.3539e-12, 1.6767e-07, 7.4848e-09, 1.4108e-08,
        1.1954e-11, 3.8291e-10, 3.6683e-12, 6.0261e-08, 1.3295e-10, 2.2368e-07,
        4.4424e-11, 2.9964e-12])//
train_examples$186000$10000.0//
train_loss$188000$1.1484835147857666e-05//
train_individual_losses$188000$tensor([5.9643e-09, 1.1713e-09, 1.1118e-11, 1.1579e-11, 4.0135e-07, 2.2765e-04,
        4.0327e-08, 1.5470e-08, 9.6790e-09, 1.9327e-07, 9.4672e-12, 1.4723e-08,
        8.2843e-09, 2.3423e-10, 4.0588e-09, 1.2541e-06, 4.9777e-09, 3.9160e-08,
        4.9020e-08, 9.8729e-10])//
train_examples$188000$10000.0//
train_loss$190000$1.134737730026245e-05//
train_individual_losses$190000$tensor([1.0371e-08, 4.3799e-09, 4.1656e-12, 2.8868e-10, 1.5602e-09, 2.2418e-04,
        1.1765e-08, 3.3088e-11, 2.3711e-12, 2.1009e-09, 3.6616e-09, 5.5099e-08,
        9.0405e-09, 2.0477e-06, 2.9699e-08, 1.3143e-09, 2.0389e-10, 5.8088e-07,
        1.1689e-08, 3.8743e-12])//
train_examples$190000$10000.0//
train_loss$192000$1.1487215757369995e-05//
train_individual_losses$192000$tensor([8.2523e-12, 3.1317e-08, 8.7095e-07, 1.0533e-10, 1.6642e-10, 2.2811e-04,
        8.4950e-10, 2.8240e-11, 1.4435e-07, 3.2952e-11, 1.0632e-11, 6.5474e-11,
        3.9211e-08, 1.1013e-09, 7.9413e-12, 5.6636e-11, 3.4098e-07, 1.5120e-07,
        5.2975e-08, 5.3860e-09])//
train_examples$192000$10000.0//
train_loss$194000$1.139460325241089e-05//
train_individual_losses$194000$tensor([3.4868e-12, 3.2332e-09, 5.7386e-09, 2.2311e-07, 4.6606e-11, 2.2627e-04,
        1.4060e-11, 1.0176e-06, 2.1115e-09, 6.2268e-11, 2.4701e-08, 4.8401e-11,
        1.4864e-08, 6.0813e-11, 1.1808e-09, 2.0583e-11, 1.9677e-08, 1.3254e-07,
        7.1019e-10, 1.8056e-07])//
train_examples$194000$10000.0//
train_loss$196000$1.25616717338562e-05//
train_individual_losses$196000$tensor([4.7895e-10, 5.1737e-06, 7.5358e-09, 2.7128e-07, 6.5712e-11, 2.3620e-04,
        4.6178e-10, 5.8249e-07, 1.5124e-07, 3.2271e-08, 7.2015e-11, 3.8531e-12,
        5.8114e-10, 1.3615e-06, 6.7341e-11, 6.7832e-07, 2.7115e-06, 7.1943e-08,
        3.1505e-06, 8.4279e-07])//
train_examples$196000$10000.0//
train_loss$198000$1.1334164142608643e-05//
train_individual_losses$198000$tensor([1.7963e-11, 4.1721e-10, 2.6071e-07, 4.7816e-11, 2.2762e-08, 2.2397e-04,
        2.8682e-11, 4.0204e-07, 2.2023e-13, 1.2889e-06, 2.6970e-07, 9.0309e-12,
        3.6707e-08, 2.7945e-07, 9.9621e-09, 1.3722e-08, 5.2124e-08, 4.3148e-08,
        3.6839e-08, 2.4859e-11])//
train_examples$198000$10000.0//
train_loss$200000$1.129285454750061e-05//
train_individual_losses$200000$tensor([6.8813e-12, 1.0203e-07, 4.6566e-11, 1.8042e-11, 1.7232e-09, 2.2531e-04,
        1.9024e-11, 2.0906e-08, 4.2995e-09, 9.6281e-08, 4.3098e-10, 8.6417e-12,
        1.0971e-11, 8.2825e-11, 2.1863e-11, 1.1420e-07, 2.0896e-11, 4.9338e-11,
        2.0246e-07, 8.9789e-09])//
train_examples$200000$10000.0