train_loss$0$0.781646435546875//
train_individual_losses$0$tensor([0.7821, 0.7909, 0.7711, 0.7736, 0.7899, 0.7628, 0.7596, 0.7696, 0.8106,
        0.7747, 0.7776, 0.7771, 0.7943, 0.7831, 0.8040, 0.7617, 0.7896, 0.7783,
        0.7838, 0.7987])//
train_examples$0$8000.0//
train_loss$1600$0.0005910280227661133//
train_individual_losses$1600$tensor([0.0008, 0.0002, 0.0004, 0.0005, 0.0010, 0.0004, 0.0005, 0.0005, 0.0007,
        0.0009, 0.0006, 0.0006, 0.0007, 0.0003, 0.0004, 0.0004, 0.0005, 0.0007,
        0.0008, 0.0009])//
train_examples$1600$8000.0//
train_loss$3200$0.0002222989797592163//
train_individual_losses$3200$tensor([3.7732e-04, 7.0385e-05, 2.0302e-04, 2.2965e-04, 1.9439e-04, 2.2372e-04,
        1.7648e-04, 2.0044e-04, 2.9845e-04, 1.8879e-04, 4.2033e-04, 1.0603e-04,
        2.9800e-04, 9.0142e-05, 1.3043e-04, 1.7567e-04, 2.1027e-04, 1.5759e-04,
        3.0890e-04, 3.8598e-04])//
train_examples$3200$8000.0//
train_loss$4800$0.00012930477857589723//
train_individual_losses$4800$tensor([1.6940e-04, 4.6584e-05, 1.1057e-04, 1.9157e-04, 6.3271e-05, 1.7213e-04,
        1.2263e-04, 8.5417e-05, 1.3620e-04, 8.4601e-05, 3.2844e-04, 4.9432e-05,
        1.3013e-04, 5.5796e-05, 5.5646e-05, 1.3734e-04, 1.2083e-04, 7.6428e-05,
        2.1767e-04, 2.3201e-04])//
train_examples$4800$8000.0//
train_loss$6400$9.38101053237915e-05//
train_individual_losses$6400$tensor([1.1114e-04, 4.5630e-05, 5.6662e-05, 1.7259e-04, 4.1729e-05, 1.5239e-04,
        8.2404e-05, 4.6373e-05, 1.1888e-04, 5.1291e-05, 2.4228e-04, 3.7992e-05,
        1.1739e-04, 3.1676e-05, 2.7891e-05, 7.1348e-05, 7.9928e-05, 5.7096e-05,
        1.5265e-04, 1.7886e-04])//
train_examples$6400$8000.0//
train_loss$8000$7.664899826049804e-05//
train_individual_losses$8000$tensor([9.0069e-05, 3.4728e-05, 3.5594e-05, 1.7208e-04, 2.6487e-05, 1.4914e-04,
        5.0845e-05, 2.7135e-05, 1.1856e-04, 4.1041e-05, 2.0598e-04, 3.2100e-05,
        1.0769e-04, 2.0218e-05, 2.0483e-05, 3.2843e-05, 5.0211e-05, 3.7551e-05,
        1.2843e-04, 1.5179e-04])//
train_examples$8000$8000.0//
train_loss$9600$6.625642180442811e-05//
train_individual_losses$9600$tensor([8.1667e-05, 3.2496e-05, 2.8041e-05, 1.6678e-04, 1.9443e-05, 1.3732e-04,
        3.6222e-05, 1.8790e-05, 1.1545e-04, 2.6066e-05, 1.5099e-04, 3.8146e-05,
        1.0813e-04, 1.6052e-05, 1.4269e-05, 2.1933e-05, 3.8998e-05, 2.4266e-05,
        1.1571e-04, 1.3435e-04])//
train_examples$9600$8000.0//
train_loss$11200$5.328322052955628e-05//
train_individual_losses$11200$tensor([6.6111e-05, 2.4343e-05, 2.3181e-05, 1.5852e-04, 1.5060e-05, 1.3030e-04,
        2.5373e-05, 1.5482e-05, 1.1805e-04, 1.7831e-05, 5.0523e-05, 2.9920e-05,
        9.9624e-05, 9.7945e-06, 1.2848e-05, 1.6625e-05, 2.6511e-05, 1.5061e-05,
        1.1400e-04, 9.6508e-05])//
train_examples$11200$8000.0//
train_loss$12800$4.53482061624527e-05//
train_individual_losses$12800$tensor([5.2437e-05, 2.2205e-05, 1.2598e-05, 1.5252e-04, 1.8670e-05, 1.2674e-04,
        2.1070e-05, 1.3440e-05, 1.1535e-04, 1.2235e-05, 2.0359e-05, 3.0357e-05,
        9.8016e-05, 7.8122e-06, 1.1380e-05, 1.4194e-05, 1.6686e-05, 1.6390e-05,
        1.1255e-04, 3.1950e-05])//
train_examples$12800$8000.0//
train_loss$14400$4.174382388591766e-05//
train_individual_losses$14400$tensor([4.1926e-05, 2.1040e-05, 1.0742e-05, 1.5103e-04, 1.8001e-05, 1.1226e-04,
        1.4810e-05, 1.4427e-05, 1.1199e-04, 9.7498e-06, 1.4715e-05, 2.2460e-05,
        9.4367e-05, 5.3206e-06, 1.1599e-05, 1.3092e-05, 1.2197e-05, 1.0241e-05,
        1.2580e-04, 1.9114e-05])//
train_examples$14400$8000.0//
train_loss$16000$3.7892279028892516e-05//
train_individual_losses$16000$tensor([3.3355e-05, 2.1499e-05, 7.9341e-06, 1.4915e-04, 1.1362e-05, 9.6487e-05,
        1.3021e-05, 1.1930e-05, 1.1546e-04, 8.0529e-06, 1.2644e-05, 1.4592e-05,
        9.7152e-05, 5.3309e-06, 1.0248e-05, 1.3209e-05, 9.6384e-06, 7.9777e-06,
        1.0908e-04, 9.7230e-06])//
train_examples$16000$8000.0//
train_loss$17600$3.9258825778961184e-05//
train_individual_losses$17600$tensor([2.9573e-05, 2.0167e-05, 1.5378e-05, 1.4833e-04, 1.2576e-05, 1.0717e-04,
        1.3170e-05, 1.3205e-05, 1.1230e-04, 9.0752e-06, 1.1952e-05, 1.5700e-05,
        9.5426e-05, 5.0755e-06, 9.1794e-06, 1.6530e-05, 8.7374e-06, 6.6457e-06,
        1.2667e-04, 8.3242e-06])//
train_examples$17600$8000.0//
train_loss$19200$3.639697730541229e-05//
train_individual_losses$19200$tensor([2.4693e-05, 1.5721e-05, 7.5444e-06, 1.5492e-04, 1.4751e-05, 5.3779e-05,
        1.2229e-05, 1.8721e-05, 1.2272e-04, 6.1585e-06, 1.0380e-05, 1.9403e-05,
        1.0123e-04, 3.3603e-06, 1.3479e-05, 1.2251e-05, 6.9322e-06, 7.3513e-06,
        1.1484e-04, 7.4725e-06])//
train_examples$19200$8000.0//
train_loss$20800$3.178812265396118e-05//
train_individual_losses$20800$tensor([1.5397e-05, 1.3651e-05, 5.7775e-06, 1.4130e-04, 1.4443e-05, 2.4073e-05,
        1.1386e-05, 1.2515e-05, 1.1083e-04, 5.6363e-06, 6.0248e-06, 1.7280e-05,
        9.5069e-05, 7.3508e-06, 9.8814e-06, 1.1786e-05, 7.6536e-06, 4.5767e-06,
        1.1505e-04, 6.0861e-06])//
train_examples$20800$8000.0//
train_loss$22400$3.092955946922302e-05//
train_individual_losses$22400$tensor([1.7429e-05, 1.5404e-05, 6.7617e-06, 1.4192e-04, 1.0567e-05, 1.7467e-05,
        1.3046e-05, 1.8084e-05, 1.0949e-04, 5.7413e-06, 5.2296e-06, 1.6696e-05,
        9.1256e-05, 3.0309e-06, 9.4338e-06, 1.7684e-05, 7.3029e-06, 4.0487e-06,
        9.8890e-05, 9.1162e-06])//
train_examples$22400$8000.0//
train_loss$24000$3.1224575638771057e-05//
train_individual_losses$24000$tensor([1.4237e-05, 1.3314e-05, 5.5236e-06, 1.4605e-04, 1.1206e-05, 1.6141e-05,
        1.2081e-05, 1.2448e-05, 1.1345e-04, 4.9058e-06, 5.4256e-06, 1.4619e-05,
        1.0105e-04, 7.1156e-06, 8.2888e-06, 1.3886e-05, 6.8990e-06, 5.2951e-06,
        1.0660e-04, 5.9620e-06])//
train_examples$24000$8000.0//
train_loss$25600$3.0332550406455995e-05//
train_individual_losses$25600$tensor([1.1948e-05, 1.8684e-05, 4.9696e-06, 1.3648e-04, 1.4520e-05, 1.7733e-05,
        1.0800e-05, 1.2676e-05, 1.0946e-04, 5.3480e-06, 4.0480e-06, 1.9923e-05,
        8.9046e-05, 3.0660e-06, 1.1913e-05, 1.2487e-05, 5.7556e-06, 3.1634e-06,
        1.0270e-04, 1.1935e-05])//
train_examples$25600$8000.0//
train_loss$27200$3.017367422580719e-05//
train_individual_losses$27200$tensor([1.2487e-05, 1.2179e-05, 5.0102e-06, 1.4086e-04, 1.0445e-05, 1.3027e-05,
        1.2914e-05, 1.1995e-05, 1.0851e-04, 5.4953e-06, 6.7962e-06, 1.5214e-05,
        9.4159e-05, 3.1465e-06, 1.4286e-05, 1.0360e-05, 5.2491e-06, 2.9372e-06,
        1.0669e-04, 1.1706e-05])//
train_examples$27200$8000.0//
train_loss$28800$2.945261299610138e-05//
train_individual_losses$28800$tensor([1.2563e-05, 1.4053e-05, 6.3883e-06, 1.3533e-04, 1.5525e-05, 1.5236e-05,
        1.1396e-05, 1.4657e-05, 1.0844e-04, 5.5393e-06, 3.3303e-06, 1.3482e-05,
        8.7884e-05, 3.9979e-06, 1.0745e-05, 1.3289e-05, 5.9258e-06, 4.6473e-06,
        1.0105e-04, 5.5849e-06])//
train_examples$28800$8000.0//
train_loss$30400$3.0135828256607056e-05//
train_individual_losses$30400$tensor([1.0985e-05, 1.2367e-05, 4.9349e-06, 1.4290e-04, 1.9207e-05, 1.7752e-05,
        1.3307e-05, 1.1188e-05, 9.3341e-05, 1.0940e-05, 4.9065e-06, 1.8946e-05,
        9.8682e-05, 3.1211e-06, 9.1977e-06, 1.1564e-05, 5.5474e-06, 2.8060e-06,
        1.0767e-04, 3.3545e-06])//
train_examples$30400$8000.0//
train_loss$32000$2.4693973362445832e-05//
train_individual_losses$32000$tensor([1.1968e-05, 1.2165e-05, 4.3565e-06, 1.3234e-04, 1.1639e-05, 1.1842e-05,
        9.6391e-06, 1.7214e-05, 4.1384e-05, 5.1872e-06, 3.6615e-06, 1.3458e-05,
        8.7323e-05, 2.8355e-06, 8.1052e-06, 1.1176e-05, 5.1970e-06, 2.6824e-06,
        9.6358e-05, 5.3473e-06])//
train_examples$32000$8000.0//
train_loss$33600$2.410670816898346e-05//
train_individual_losses$33600$tensor([9.2970e-06, 1.2074e-05, 3.8187e-06, 1.4330e-04, 1.0926e-05, 1.0057e-05,
        8.6668e-06, 9.6743e-06, 2.7523e-05, 9.5739e-06, 4.0216e-06, 1.2549e-05,
        8.8619e-05, 2.8970e-06, 8.3694e-06, 9.4201e-06, 7.5979e-06, 2.5439e-06,
        9.8021e-05, 3.1843e-06])//
train_examples$33600$8000.0//
train_loss$35200$2.590046226978302e-05//
train_individual_losses$35200$tensor([1.4185e-05, 1.1072e-05, 4.3168e-06, 1.3190e-04, 1.1971e-05, 1.0344e-05,
        1.3064e-05, 2.7555e-05, 2.2037e-05, 7.4436e-06, 4.4256e-06, 1.8668e-05,
        9.0124e-05, 3.8460e-06, 1.5102e-05, 1.6329e-05, 6.8249e-06, 2.2285e-06,
        9.9785e-05, 6.7913e-06])//
train_examples$35200$8000.0//
train_loss$36800$2.4502643942832945e-05//
train_individual_losses$36800$tensor([1.5310e-05, 1.1598e-05, 7.9487e-06, 1.3238e-04, 1.2225e-05, 9.9079e-06,
        1.0007e-05, 1.0004e-05, 1.9951e-05, 5.4020e-06, 3.5331e-06, 2.6942e-05,
        8.8046e-05, 3.2378e-06, 8.8136e-06, 1.6058e-05, 4.9339e-06, 2.0444e-06,
        9.6739e-05, 4.9675e-06])//
train_examples$36800$8000.0//
train_loss$38400$2.4768540263175964e-05//
train_individual_losses$38400$tensor([1.0558e-05, 1.2550e-05, 4.8907e-06, 1.3839e-04, 1.0532e-05, 1.4692e-05,
        8.0539e-06, 1.1200e-05, 1.5718e-05, 3.8902e-06, 6.4949e-06, 1.3819e-05,
        9.5287e-05, 5.1313e-06, 9.4491e-06, 1.0163e-05, 5.5011e-06, 2.3657e-06,
        1.1318e-04, 3.5015e-06])//
train_examples$38400$8000.0//
train_loss$40000$2.4065299332141875e-05//
train_individual_losses$40000$tensor([1.0970e-05, 1.1539e-05, 4.8220e-06, 1.3654e-04, 1.1808e-05, 1.0347e-05,
        7.5376e-06, 8.5998e-06, 1.3826e-05, 3.3166e-06, 8.2195e-06, 1.6199e-05,
        9.6472e-05, 2.1656e-06, 7.5781e-06, 9.1402e-06, 4.8048e-06, 3.5023e-06,
        1.1130e-04, 2.6124e-06])//
train_examples$40000$8000.0//
train_loss$41600$2.4183431267738344e-05//
train_individual_losses$41600$tensor([1.1336e-05, 1.9243e-05, 5.0362e-06, 1.3217e-04, 1.1027e-05, 1.3302e-05,
        9.6698e-06, 1.0804e-05, 1.2479e-05, 4.1304e-06, 3.0903e-06, 1.5484e-05,
        9.1919e-05, 6.8040e-06, 7.5865e-06, 1.2290e-05, 3.9276e-06, 7.8899e-06,
        1.0102e-04, 4.4640e-06])//
train_examples$41600$8000.0//
train_loss$43200$2.346545308828354e-05//
train_individual_losses$43200$tensor([9.3501e-06, 1.1043e-05, 3.6915e-06, 1.3724e-04, 8.8413e-06, 1.0588e-05,
        9.2109e-06, 1.3248e-05, 1.6594e-05, 5.9004e-06, 3.5437e-06, 1.2877e-05,
        9.1110e-05, 3.2007e-06, 9.7707e-06, 1.1365e-05, 4.9798e-06, 1.5680e-06,
        1.0202e-04, 3.1628e-06])//
train_examples$43200$8000.0//
train_loss$44800$2.3812416195869447e-05//
train_individual_losses$44800$tensor([1.0358e-05, 1.2423e-05, 4.0512e-06, 1.3472e-04, 1.0470e-05, 1.3978e-05,
        1.9501e-05, 1.1390e-05, 1.1674e-05, 3.7741e-06, 3.4636e-06, 1.4494e-05,
        8.9284e-05, 2.1822e-06, 1.5599e-05, 9.1686e-06, 5.4269e-06, 2.0039e-06,
        1.0005e-04, 2.2358e-06])//
train_examples$44800$8000.0//
train_loss$46400$2.33095645904541e-05//
train_individual_losses$46400$tensor([1.4178e-05, 1.2061e-05, 3.3259e-06, 1.2793e-04, 1.0417e-05, 9.7807e-06,
        1.3119e-05, 1.5072e-05, 1.0563e-05, 1.1704e-05, 2.9795e-06, 1.2298e-05,
        8.8526e-05, 2.4040e-06, 8.5988e-06, 9.2183e-06, 1.1352e-05, 1.9093e-06,
        9.8082e-05, 2.6727e-06])//
train_examples$46400$8000.0//
train_loss$48000$2.4735139310359956e-05//
train_individual_losses$48000$tensor([1.4206e-05, 1.6054e-05, 3.1038e-06, 1.4353e-04, 8.8676e-06, 9.7255e-06,
        7.3136e-06, 1.3239e-05, 1.4834e-05, 3.9020e-06, 4.1099e-06, 2.2873e-05,
        9.2806e-05, 6.7477e-06, 1.0445e-05, 1.2215e-05, 3.5254e-06, 2.3773e-06,
        1.0272e-04, 2.1057e-06])//
train_examples$48000$8000.0//
train_loss$49600$2.3072862625122072e-05//
train_individual_losses$49600$tensor([1.0862e-05, 1.0681e-05, 4.0128e-06, 1.3247e-04, 9.9325e-06, 1.0729e-05,
        8.9957e-06, 8.3853e-06, 1.2615e-05, 3.1239e-06, 4.9927e-06, 1.2560e-05,
        8.6029e-05, 2.4183e-06, 9.1737e-06, 1.1184e-05, 5.5066e-06, 1.2584e-06,
        1.1194e-04, 4.5856e-06])//
train_examples$49600$8000.0//
train_loss$51200$2.3135390877723693e-05//
train_individual_losses$51200$tensor([9.0031e-06, 1.2309e-05, 2.6584e-06, 1.2792e-04, 1.0987e-05, 1.6759e-05,
        7.7476e-06, 1.0853e-05, 1.1403e-05, 4.0322e-06, 2.1382e-05, 1.5448e-05,
        8.3476e-05, 2.5994e-06, 7.8727e-06, 1.2790e-05, 3.6390e-06, 6.6650e-06,
        9.2854e-05, 2.3144e-06])//
train_examples$51200$8000.0//
train_loss$52800$2.1602629125118257e-05//
train_individual_losses$52800$tensor([1.0054e-05, 1.0405e-05, 4.3408e-06, 1.4192e-04, 1.0790e-05, 1.0022e-05,
        6.6773e-06, 8.6732e-06, 1.1083e-05, 3.6495e-06, 2.9795e-06, 1.2222e-05,
        8.4333e-05, 2.1730e-06, 8.4106e-06, 9.0199e-06, 4.3427e-06, 1.5809e-06,
        8.7142e-05, 2.2365e-06])//
train_examples$52800$8000.0//
train_loss$54400$2.1319302916526793e-05//
train_individual_losses$54400$tensor([1.2364e-05, 2.1843e-05, 5.1895e-06, 1.2983e-04, 8.2573e-06, 9.1870e-06,
        8.0112e-06, 9.1314e-06, 9.2095e-06, 3.8910e-06, 5.4086e-06, 1.2529e-05,
        8.4311e-05, 2.8041e-06, 9.8612e-06, 1.3209e-05, 3.3661e-06, 1.4344e-06,
        7.4388e-05, 2.1616e-06])//
train_examples$54400$8000.0//
train_loss$56000$2.2521349787712097e-05//
train_individual_losses$56000$tensor([1.6311e-05, 1.4011e-05, 3.0065e-06, 1.3432e-04, 1.3080e-05, 2.0563e-05,
        9.2356e-06, 1.6899e-05, 1.4277e-05, 3.0725e-06, 2.7803e-06, 2.8014e-05,
        8.6755e-05, 2.7738e-06, 1.5717e-05, 1.0857e-05, 3.9241e-06, 1.1749e-06,
        5.1464e-05, 2.1864e-06])//
train_examples$56000$8000.0//
train_loss$57600$1.982007771730423e-05//
train_individual_losses$57600$tensor([9.2730e-06, 1.2451e-05, 2.7501e-06, 1.2759e-04, 9.1857e-06, 9.4959e-06,
        7.7343e-06, 1.1001e-05, 1.2246e-05, 3.9073e-06, 4.5774e-06, 2.3944e-05,
        8.8134e-05, 1.5798e-06, 7.4128e-06, 1.0524e-05, 3.5345e-06, 1.4111e-06,
        4.6017e-05, 3.6359e-06])//
train_examples$57600$8000.0//
train_loss$59200$2.0956870913505556e-05//
train_individual_losses$59200$tensor([2.1036e-05, 1.1145e-05, 4.1099e-06, 1.2570e-04, 8.2675e-06, 2.0010e-05,
        6.4104e-06, 1.6258e-05, 9.2772e-06, 7.8237e-06, 2.7528e-06, 1.1804e-05,
        9.6307e-05, 3.9986e-06, 7.2743e-06, 2.1887e-05, 3.0852e-06, 8.1747e-06,
        2.9456e-05, 4.3566e-06])//
train_examples$59200$8000.0//
train_loss$60800$1.7111141979694365e-05//
train_individual_losses$60800$tensor([9.5003e-06, 1.0799e-05, 5.1721e-06, 1.2653e-04, 1.2040e-05, 9.4822e-06,
        5.6990e-06, 9.4755e-06, 9.3811e-06, 3.4503e-06, 2.8960e-06, 1.3974e-05,
        7.8297e-05, 1.8854e-06, 8.3868e-06, 8.6149e-06, 3.9946e-06, 1.4891e-06,
        1.7790e-05, 3.3639e-06])//
train_examples$60800$8000.0//
train_loss$62400$1.7371737957000734e-05//
train_individual_losses$62400$tensor([1.1847e-05, 1.1522e-05, 2.7050e-06, 1.2604e-04, 8.8000e-06, 8.7639e-06,
        7.2071e-06, 1.0554e-05, 9.6499e-06, 4.3948e-06, 2.6789e-06, 2.2903e-05,
        7.8133e-05, 2.2295e-06, 7.1807e-06, 8.8227e-06, 5.0153e-06, 1.0929e-06,
        1.5514e-05, 2.3761e-06])//
train_examples$62400$8000.0//
train_loss$64000$1.7404499650001527e-05//
train_individual_losses$64000$tensor([1.0137e-05, 1.0292e-05, 3.9320e-06, 1.2583e-04, 9.0650e-06, 1.0138e-05,
        6.4490e-06, 1.4245e-05, 8.8955e-06, 3.2652e-06, 2.6719e-06, 1.2628e-05,
        8.0041e-05, 2.5170e-06, 8.4532e-06, 1.0503e-05, 3.4159e-06, 1.5625e-06,
        1.6142e-05, 7.9064e-06])//
train_examples$64000$8000.0//
train_loss$65600$1.68533056974411e-05//
train_individual_losses$65600$tensor([1.2800e-05, 1.0091e-05, 4.7304e-06, 1.2801e-04, 9.3421e-06, 9.4893e-06,
        6.2586e-06, 1.2858e-05, 8.9179e-06, 4.0278e-06, 2.9153e-06, 1.2057e-05,
        7.6914e-05, 1.5779e-06, 9.0259e-06, 9.3102e-06, 2.9643e-06, 1.4240e-06,
        1.2195e-05, 2.1583e-06])//
train_examples$65600$8000.0//
train_loss$67200$1.7607055604457856e-05//
train_individual_losses$67200$tensor([1.0195e-05, 1.2551e-05, 1.8841e-06, 1.2938e-04, 1.0882e-05, 1.1641e-05,
        5.5200e-06, 1.2982e-05, 9.6536e-06, 3.3373e-06, 5.7748e-06, 1.3376e-05,
        7.7421e-05, 1.4797e-06, 9.2738e-06, 1.0505e-05, 3.4513e-06, 2.5032e-06,
        1.8487e-05, 1.8446e-06])//
train_examples$67200$8000.0//
train_loss$68800$1.8857648968696594e-05//
train_individual_losses$68800$tensor([1.1445e-05, 1.4742e-05, 2.9209e-06, 1.2492e-04, 3.6957e-05, 9.9528e-06,
        1.0531e-05, 1.0626e-05, 1.7613e-05, 2.2820e-06, 4.9835e-06, 1.1738e-05,
        7.3197e-05, 1.9560e-06, 1.2038e-05, 9.8154e-06, 4.3425e-06, 1.3479e-06,
        1.3400e-05, 2.3494e-06])//
train_examples$68800$8000.0//
train_loss$70400$1.6500389575958252e-05//
train_individual_losses$70400$tensor([1.0480e-05, 1.0380e-05, 2.8246e-06, 1.2514e-04, 7.7331e-06, 1.0347e-05,
        5.4784e-06, 1.1203e-05, 8.4967e-06, 3.2792e-06, 3.8444e-06, 1.3490e-05,
        7.5819e-05, 1.6186e-06, 1.0152e-05, 8.5390e-06, 3.5491e-06, 2.4616e-06,
        1.3475e-05, 1.6956e-06])//
train_examples$70400$8000.0//
train_loss$72000$1.6878907382488252e-05//
train_individual_losses$72000$tensor([8.9171e-06, 1.1448e-05, 2.7429e-06, 1.2348e-04, 9.0343e-06, 9.0668e-06,
        5.3326e-06, 1.0009e-05, 9.5007e-06, 2.9509e-06, 3.0080e-06, 1.2375e-05,
        7.7929e-05, 1.3165e-06, 9.5738e-06, 9.3025e-06, 4.3718e-06, 7.4458e-06,
        1.7935e-05, 1.8423e-06])//
train_examples$72000$8000.0//
train_loss$73600$1.6751947999000548e-05//
train_individual_losses$73600$tensor([9.9246e-06, 1.0092e-05, 2.3689e-06, 1.3250e-04, 7.7284e-06, 1.0126e-05,
        6.9937e-06, 8.3491e-06, 1.0401e-05, 2.7962e-06, 3.1079e-06, 1.2702e-05,
        7.7395e-05, 3.7284e-06, 7.2395e-06, 8.6819e-06, 5.6341e-06, 1.5798e-06,
        1.1854e-05, 1.8371e-06])//
train_examples$73600$8000.0//
train_loss$75200$1.7233501374721528e-05//
train_individual_losses$75200$tensor([1.1062e-05, 1.3945e-05, 2.3343e-06, 1.3049e-04, 1.3074e-05, 1.3069e-05,
        5.4135e-06, 9.1051e-06, 9.9238e-06, 2.0150e-06, 3.7469e-06, 1.7415e-05,
        7.1538e-05, 1.6786e-06, 1.0080e-05, 9.9151e-06, 4.0878e-06, 1.5891e-06,
        1.2025e-05, 2.1635e-06])//
train_examples$75200$8000.0//
train_loss$76800$1.7647109925746917e-05//
train_individual_losses$76800$tensor([1.2694e-05, 1.4565e-05, 2.4498e-06, 1.2942e-04, 1.0974e-05, 9.1480e-06,
        5.1509e-06, 1.1925e-05, 8.9312e-06, 3.2096e-06, 4.7023e-06, 1.3470e-05,
        7.9622e-05, 4.8163e-06, 8.1932e-06, 1.1506e-05, 3.3105e-06, 1.0754e-06,
        1.5776e-05, 2.0084e-06])//
train_examples$76800$8000.0//
train_loss$78400$1.677321195602417e-05//
train_individual_losses$78400$tensor([9.6169e-06, 1.1720e-05, 3.2715e-06, 1.3384e-04, 9.7402e-06, 9.7268e-06,
        6.9656e-06, 8.1263e-06, 7.8523e-06, 2.5725e-06, 2.4134e-06, 1.3680e-05,
        7.5417e-05, 3.2679e-06, 8.8932e-06, 9.5894e-06, 3.5254e-06, 1.8061e-06,
        1.1811e-05, 1.6246e-06])//
train_examples$78400$8000.0//
train_loss$80000$1.6215136647224426e-05//
train_individual_losses$80000$tensor([1.0032e-05, 1.1149e-05, 3.1451e-06, 1.2590e-04, 1.4852e-05, 9.6171e-06,
        8.6077e-06, 8.7511e-06, 1.2747e-05, 2.3231e-06, 2.2277e-06, 1.1501e-05,
        6.1715e-05, 1.4921e-06, 1.0523e-05, 9.5736e-06, 2.6457e-06, 1.3051e-06,
        1.3626e-05, 2.5719e-06])//
train_examples$80000$8000.0//
train_loss$81600$1.451083868741989e-05//
train_individual_losses$81600$tensor([1.1807e-05, 1.0399e-05, 3.1711e-06, 1.2806e-04, 4.4606e-06, 1.0711e-05,
        4.9306e-06, 9.3863e-06, 7.6356e-06, 1.8742e-06, 2.0026e-06, 1.0874e-05,
        4.2944e-05, 1.2061e-06, 9.9653e-06, 9.9914e-06, 2.6822e-06, 2.1251e-06,
        1.4386e-05, 1.6035e-06])//
train_examples$81600$8000.0//
train_loss$83200$1.4351028203964233e-05//
train_individual_losses$83200$tensor([1.4471e-05, 1.2575e-05, 4.0568e-06, 1.2465e-04, 7.5290e-06, 8.5097e-06,
        1.0679e-05, 1.0673e-05, 8.8998e-06, 6.6332e-06, 2.9063e-06, 1.4626e-05,
        2.1614e-05, 1.8446e-06, 9.0792e-06, 9.3860e-06, 3.8873e-06, 1.0576e-06,
        1.2412e-05, 1.5291e-06])//
train_examples$83200$8000.0//
train_loss$84800$1.4271196722984314e-05//
train_individual_losses$84800$tensor([1.1816e-05, 1.1260e-05, 2.1559e-06, 1.4888e-04, 7.0924e-06, 8.9452e-06,
        4.9390e-06, 9.3546e-06, 7.5654e-06, 2.4983e-06, 1.6952e-06, 1.1869e-05,
        1.6925e-05, 1.2978e-06, 8.4884e-06, 1.1047e-05, 4.8696e-06, 1.1066e-06,
        1.1577e-05, 2.0433e-06])//
train_examples$84800$8000.0//
train_loss$86400$1.3676662743091583e-05//
train_individual_losses$86400$tensor([1.2583e-05, 1.3825e-05, 2.7018e-06, 1.2516e-04, 7.0791e-06, 9.7492e-06,
        6.3308e-06, 9.0253e-06, 1.0305e-05, 1.8900e-06, 1.7824e-06, 1.3781e-05,
        1.1837e-05, 2.5406e-06, 9.7857e-06, 1.0755e-05, 2.9928e-06, 3.2164e-06,
        1.3436e-05, 4.7601e-06])//
train_examples$86400$8000.0//
train_loss$88000$1.3492792844772339e-05//
train_individual_losses$88000$tensor([1.0838e-05, 1.0821e-05, 2.1284e-06, 1.2530e-04, 5.8744e-06, 9.5344e-06,
        4.8226e-06, 8.3412e-06, 1.3422e-05, 2.1917e-06, 2.5207e-06, 1.3298e-05,
        1.0966e-05, 4.3847e-06, 1.0243e-05, 1.0921e-05, 3.7154e-06, 2.4215e-06,
        1.2995e-05, 5.1172e-06])//
train_examples$88000$8000.0//
train_loss$89600$1.3238488137722015e-05//
train_individual_losses$89600$tensor([8.4157e-06, 1.3353e-05, 3.0215e-06, 1.2764e-04, 6.9872e-06, 8.0650e-06,
        1.2209e-05, 8.5702e-06, 1.0115e-05, 2.5657e-06, 4.8735e-06, 1.1009e-05,
        9.9822e-06, 1.1119e-06, 9.3996e-06, 8.5204e-06, 3.6189e-06, 8.6664e-07,
        1.1674e-05, 2.7666e-06])//
train_examples$89600$8000.0//
train_loss$91200$1.3055980205535889e-05//
train_individual_losses$91200$tensor([8.7991e-06, 1.0039e-05, 1.4248e-06, 1.2493e-04, 6.6336e-06, 8.3461e-06,
        5.1302e-06, 7.7286e-06, 1.0867e-05, 2.4732e-06, 1.3587e-05, 1.3098e-05,
        8.9619e-06, 3.0113e-06, 6.9767e-06, 8.9003e-06, 3.0065e-06, 8.8120e-07,
        1.4577e-05, 1.7445e-06])//
train_examples$91200$8000.0//
train_loss$92800$1.4601539075374603e-05//
train_individual_losses$92800$tensor([1.3024e-05, 1.4740e-05, 2.0390e-06, 1.3577e-04, 5.9046e-06, 1.1752e-05,
        7.5686e-06, 1.3171e-05, 1.1003e-05, 2.3484e-06, 2.8007e-06, 1.8505e-05,
        1.2333e-05, 1.7888e-06, 9.7046e-06, 9.5603e-06, 2.6479e-06, 8.8868e-07,
        1.4329e-05, 2.1522e-06])//
train_examples$92800$8000.0//
train_loss$94400$1.3155142962932586e-05//
train_individual_losses$94400$tensor([8.6779e-06, 1.1684e-05, 3.7750e-06, 1.2864e-04, 6.9814e-06, 1.0884e-05,
        8.0961e-06, 1.0254e-05, 8.2477e-06, 2.3300e-06, 3.3814e-06, 1.0778e-05,
        8.0184e-06, 1.2167e-06, 8.8733e-06, 1.2450e-05, 2.3324e-06, 1.3466e-06,
        1.3252e-05, 1.8870e-06])//
train_examples$94400$8000.0//
train_loss$96000$1.262584626674652e-05//
train_individual_losses$96000$tensor([8.1839e-06, 1.1297e-05, 2.5608e-06, 1.3079e-04, 3.9249e-06, 9.7332e-06,
        6.4205e-06, 8.3176e-06, 1.0253e-05, 1.7068e-06, 1.8346e-06, 1.1915e-05,
        7.2185e-06, 1.0515e-06, 9.5216e-06, 8.3909e-06, 4.5614e-06, 1.2583e-06,
        1.1796e-05, 1.7798e-06])//
train_examples$96000$8000.0//
train_loss$97600$1.240936815738678e-05//
train_individual_losses$97600$tensor([8.8776e-06, 1.0144e-05, 3.3192e-06, 1.2518e-04, 4.8931e-06, 9.0380e-06,
        1.0089e-05, 8.3904e-06, 8.6827e-06, 1.8312e-06, 1.7010e-06, 1.2118e-05,
        7.2814e-06, 1.0206e-06, 6.8724e-06, 9.9215e-06, 2.8495e-06, 1.1056e-06,
        1.3112e-05, 1.7556e-06])//
train_examples$97600$8000.0//
train_loss$99200$1.5449869632720948e-05//
train_individual_losses$99200$tensor([1.1487e-05, 1.0670e-05, 3.9955e-06, 1.3133e-04, 7.2378e-06, 8.2815e-06,
        8.0262e-06, 1.4847e-05, 1.2265e-05, 1.7710e-06, 1.4147e-06, 1.8634e-05,
        1.2220e-05, 2.1978e-06, 2.2665e-05, 9.5070e-06, 3.1637e-06, 1.5646e-06,
        2.2670e-05, 5.0510e-06])//
train_examples$99200$8000.0//
train_loss$100800$1.3318701088428498e-05//
train_individual_losses$100800$tensor([9.9204e-06, 1.1611e-05, 4.6181e-06, 1.3004e-04, 9.1654e-06, 1.0221e-05,
        4.9845e-06, 9.2608e-06, 8.3309e-06, 2.0681e-06, 3.6491e-06, 1.4512e-05,
        8.3712e-06, 2.3556e-06, 7.2949e-06, 9.2998e-06, 3.4137e-06, 1.3670e-06,
        1.1789e-05, 4.1057e-06])//
train_examples$100800$8000.0//
train_loss$102400$1.2846446037292481e-05//
train_individual_losses$102400$tensor([1.1573e-05, 1.1263e-05, 5.9165e-06, 1.2716e-04, 4.7382e-06, 9.3617e-06,
        4.5888e-06, 8.4521e-06, 8.2354e-06, 1.5814e-06, 1.1362e-06, 1.3102e-05,
        6.7870e-06, 1.0497e-06, 8.8185e-06, 9.7461e-06, 2.8672e-06, 4.5813e-06,
        1.4067e-05, 1.9070e-06])//
train_examples$102400$8000.0//
train_loss$104000$1.2907525897026061e-05//
train_individual_losses$104000$tensor([8.8374e-06, 1.1423e-05, 1.4328e-06, 1.3511e-04, 3.9384e-06, 8.2321e-06,
        7.4800e-06, 7.9421e-06, 6.6595e-06, 2.5168e-06, 7.3313e-06, 1.0774e-05,
        7.9224e-06, 1.2667e-06, 7.5331e-06, 9.6244e-06, 3.2080e-06, 1.8486e-06,
        1.3115e-05, 1.9544e-06])//
train_examples$104000$8000.0//
train_loss$105600$1.3592390716075897e-05//
train_individual_losses$105600$tensor([9.2644e-06, 1.2405e-05, 1.1965e-05, 1.2972e-04, 3.5739e-06, 9.7908e-06,
        4.0612e-06, 9.0900e-06, 6.7667e-06, 1.7612e-06, 6.4310e-06, 1.5704e-05,
        1.0047e-05, 7.9384e-07, 8.3586e-06, 8.8908e-06, 2.8766e-06, 1.5666e-06,
        1.6882e-05, 1.8995e-06])//
train_examples$105600$8000.0//
train_loss$107200$1.2763629853725433e-05//
train_individual_losses$107200$tensor([1.0194e-05, 1.1415e-05, 2.1372e-06, 1.2731e-04, 3.4154e-06, 1.1511e-05,
        4.8590e-06, 8.0141e-06, 6.8821e-06, 1.8170e-06, 1.2851e-06, 1.3286e-05,
        6.4187e-06, 2.1121e-06, 9.4501e-06, 1.3150e-05, 2.8392e-06, 1.4247e-06,
        1.5027e-05, 2.7289e-06])//
train_examples$107200$8000.0//
train_loss$108800$1.2524046003818512e-05//
train_individual_losses$108800$tensor([8.2709e-06, 1.1892e-05, 2.6948e-06, 1.2613e-04, 5.4763e-06, 8.8911e-06,
        5.2179e-06, 8.0739e-06, 9.3111e-06, 2.3864e-06, 1.5987e-06, 1.8377e-05,
        6.0988e-06, 1.5485e-06, 8.3705e-06, 8.5347e-06, 3.1416e-06, 9.1717e-07,
        1.2068e-05, 1.4864e-06])//
train_examples$108800$8000.0//
train_loss$110400$1.3650219142436981e-05//
train_individual_losses$110400$tensor([1.2928e-05, 2.1117e-05, 1.6894e-06, 1.3218e-04, 6.1212e-06, 9.1599e-06,
        4.6918e-06, 8.5946e-06, 7.6543e-06, 3.4465e-06, 8.8444e-07, 1.3682e-05,
        8.2514e-06, 1.5286e-06, 7.8266e-06, 1.0141e-05, 4.7070e-06, 2.1712e-06,
        1.4543e-05, 1.6819e-06])//
train_examples$110400$8000.0//
train_loss$112000$1.2638212740421296e-05//
train_individual_losses$112000$tensor([9.9395e-06, 1.1408e-05, 3.3782e-06, 1.2656e-04, 4.3304e-06, 1.0254e-05,
        7.5473e-06, 9.8021e-06, 9.2085e-06, 1.9924e-06, 9.8486e-07, 1.1843e-05,
        6.1222e-06, 1.1878e-06, 6.8340e-06, 8.9246e-06, 5.5973e-06, 1.4588e-06,
        1.1953e-05, 3.4391e-06])//
train_examples$112000$8000.0//
train_loss$113600$1.252283602952957e-05//
train_individual_losses$113600$tensor([7.6622e-06, 1.1583e-05, 1.3931e-06, 1.3287e-04, 4.0631e-06, 8.3370e-06,
        4.1643e-06, 8.4392e-06, 7.2585e-06, 2.1675e-06, 1.5079e-06, 1.6979e-05,
        5.7651e-06, 3.1012e-06, 6.6168e-06, 9.3180e-06, 4.4443e-06, 1.8648e-06,
        1.1121e-05, 1.7986e-06])//
train_examples$113600$8000.0//
train_loss$115200$1.2318189442157746e-05//
train_individual_losses$115200$tensor([7.9254e-06, 1.8554e-05, 9.0102e-06, 1.2329e-04, 3.6422e-06, 8.3415e-06,
        3.9339e-06, 7.8832e-06, 6.3281e-06, 3.7111e-06, 8.5680e-07, 1.2681e-05,
        6.2074e-06, 9.0202e-07, 6.9977e-06, 8.6987e-06, 2.1110e-06, 9.8983e-07,
        1.1258e-05, 3.0375e-06])//
train_examples$115200$8000.0//
train_loss$116800$1.4161548018455506e-05//
train_individual_losses$116800$tensor([1.0674e-05, 1.4633e-05, 6.1343e-06, 1.5301e-04, 3.2043e-06, 1.1298e-05,
        4.1050e-06, 7.5786e-06, 7.4620e-06, 2.5023e-06, 2.4405e-06, 1.4393e-05,
        6.9043e-06, 1.3142e-06, 7.2550e-06, 9.7596e-06, 2.3931e-06, 9.2102e-07,
        1.3405e-05, 3.8444e-06])//
train_examples$116800$8000.0//
train_loss$118400$1.3625353574752807e-05//
train_individual_losses$118400$tensor([8.6481e-06, 1.0599e-05, 2.0026e-06, 1.2723e-04, 4.2920e-06, 9.4516e-06,
        6.0962e-06, 1.3793e-05, 8.1970e-06, 4.9724e-06, 6.7084e-07, 2.1575e-05,
        1.0466e-05, 2.1812e-06, 9.0034e-06, 1.3468e-05, 3.2602e-06, 1.2411e-06,
        1.2824e-05, 2.5355e-06])//
train_examples$118400$8000.0//
train_loss$120000$1.3048049807548523e-05//
train_individual_losses$120000$tensor([8.7160e-06, 1.5664e-05, 2.2900e-06, 1.2915e-04, 5.0280e-06, 1.0858e-05,
        6.1276e-06, 9.3840e-06, 9.5892e-06, 2.2053e-06, 2.6928e-06, 1.2321e-05,
        6.2121e-06, 1.5265e-06, 8.2547e-06, 8.6009e-06, 2.8278e-06, 3.6396e-06,
        1.1926e-05, 3.9466e-06])//
train_examples$120000$8000.0//
train_loss$121600$1.4357967674732209e-05//
train_individual_losses$121600$tensor([8.9562e-06, 1.0109e-05, 2.1591e-06, 1.4142e-04, 5.7960e-06, 1.0318e-05,
        4.2430e-06, 9.6954e-06, 9.3507e-06, 7.0195e-06, 6.7384e-06, 1.8940e-05,
        7.5825e-06, 2.6321e-06, 8.4838e-06, 1.0030e-05, 2.7087e-06, 5.3394e-06,
        1.4056e-05, 1.5852e-06])//
train_examples$121600$8000.0//
train_loss$123200$1.2472859025001526e-05//
train_individual_losses$123200$tensor([7.5792e-06, 1.0891e-05, 3.3195e-06, 1.2385e-04, 5.3260e-06, 1.3881e-05,
        5.5391e-06, 9.8315e-06, 7.7945e-06, 3.3072e-06, 5.8086e-07, 1.2925e-05,
        5.5002e-06, 2.6473e-06, 6.7543e-06, 8.9615e-06, 2.0946e-06, 2.5214e-06,
        1.2939e-05, 3.2121e-06])//
train_examples$123200$8000.0//
train_loss$124800$1.1947234719991684e-05//
train_individual_losses$124800$tensor([8.6706e-06, 9.8673e-06, 1.6485e-06, 1.2447e-04, 5.8620e-06, 8.4232e-06,
        4.5068e-06, 7.8982e-06, 5.9348e-06, 3.3650e-06, 9.6502e-07, 1.1037e-05,
        6.0237e-06, 1.0062e-06, 9.8965e-06, 8.7172e-06, 2.4920e-06, 1.2141e-06,
        1.4808e-05, 2.1378e-06])//
train_examples$124800$8000.0//
train_loss$126400$1.3206276297569275e-05//
train_individual_losses$126400$tensor([8.3410e-06, 1.0131e-05, 5.8426e-06, 1.3345e-04, 3.8065e-06, 1.3124e-05,
        1.1106e-05, 8.4389e-06, 7.3685e-06, 2.9573e-06, 2.0473e-06, 1.1064e-05,
        7.8224e-06, 6.7666e-07, 6.8339e-06, 8.5360e-06, 2.9048e-06, 2.2195e-06,
        1.4323e-05, 3.1281e-06])//
train_examples$126400$8000.0//
train_loss$128000$1.2190524488687516e-05//
train_individual_losses$128000$tensor([9.6063e-06, 1.1575e-05, 2.4901e-06, 1.2811e-04, 3.3705e-06, 1.0454e-05,
        5.6589e-06, 9.3314e-06, 6.6026e-06, 3.1275e-06, 3.7469e-06, 1.1999e-05,
        6.0848e-06, 6.4133e-07, 5.6153e-06, 8.9426e-06, 2.5081e-06, 8.4398e-07,
        1.1304e-05, 1.8019e-06])//
train_examples$128000$8000.0//
train_loss$129600$1.1997321993112565e-05//
train_individual_losses$129600$tensor([8.7529e-06, 1.2544e-05, 2.2394e-06, 1.2555e-04, 3.2095e-06, 9.9603e-06,
        4.5159e-06, 9.1581e-06, 6.2977e-06, 2.6729e-06, 1.5678e-06, 1.2397e-05,
        6.0726e-06, 1.3662e-06, 6.4180e-06, 9.7985e-06, 2.7794e-06, 9.4932e-07,
        1.1874e-05, 1.8222e-06])//
train_examples$129600$8000.0//
train_loss$131200$1.2970706820487976e-05//
train_individual_losses$131200$tensor([1.0828e-05, 1.5374e-05, 2.2007e-06, 1.2588e-04, 1.0505e-05, 8.8407e-06,
        4.2989e-06, 9.2974e-06, 7.1301e-06, 3.2909e-06, 1.7714e-06, 1.3212e-05,
        6.2165e-06, 6.9364e-07, 5.8724e-06, 1.2405e-05, 2.8186e-06, 9.4510e-07,
        1.6213e-05, 1.6218e-06])//
train_examples$131200$8000.0//
train_loss$132800$1.2538565695285797e-05//
train_individual_losses$132800$tensor([7.9123e-06, 1.2496e-05, 1.3714e-06, 1.3114e-04, 9.1042e-06, 7.4706e-06,
        5.5331e-06, 7.0106e-06, 8.6104e-06, 2.9568e-06, 1.5545e-06, 1.3718e-05,
        5.2198e-06, 1.1832e-06, 6.0098e-06, 8.9887e-06, 2.8514e-06, 1.0961e-06,
        1.4086e-05, 2.4581e-06])//
train_examples$132800$8000.0//
train_loss$134400$1.2230454385280609e-05//
train_individual_losses$134400$tensor([8.2804e-06, 1.0207e-05, 5.2541e-06, 1.2748e-04, 4.1330e-06, 8.3049e-06,
        5.6828e-06, 7.1276e-06, 7.8416e-06, 2.2106e-06, 2.1767e-06, 1.1663e-05,
        4.3826e-06, 1.4671e-06, 7.3118e-06, 1.0782e-05, 2.5662e-06, 1.5093e-06,
        1.3508e-05, 2.7213e-06])//
train_examples$134400$8000.0//
train_loss$136000$1.2446024268865586e-05//
train_individual_losses$136000$tensor([8.7250e-06, 1.1855e-05, 2.8605e-06, 1.3070e-04, 3.8658e-06, 7.2699e-06,
        4.7209e-06, 8.2952e-06, 7.4077e-06, 4.6732e-06, 7.7309e-06, 1.1578e-05,
        4.5849e-06, 9.5160e-07, 5.2708e-06, 9.2951e-06, 2.2828e-06, 7.8934e-07,
        1.1743e-05, 4.3227e-06])//
train_examples$136000$8000.0//
train_loss$137600$1.1683258414268494e-05//
train_individual_losses$137600$tensor([7.3348e-06, 1.1627e-05, 1.8922e-06, 1.2934e-04, 2.9625e-06, 7.7090e-06,
        4.5530e-06, 7.1022e-06, 8.2514e-06, 3.6400e-06, 1.3491e-06, 1.1273e-05,
        4.3176e-06, 1.7035e-06, 4.6230e-06, 8.8709e-06, 2.3123e-06, 1.2888e-06,
        1.2080e-05, 1.4344e-06])//
train_examples$137600$8000.0//
train_loss$139200$1.2274818122386932e-05//
train_individual_losses$139200$tensor([9.8888e-06, 1.7659e-05, 1.6103e-06, 1.2805e-04, 3.1372e-06, 8.1745e-06,
        4.7582e-06, 7.4355e-06, 6.3268e-06, 2.3123e-06, 1.1321e-06, 1.3791e-05,
        3.7883e-06, 1.5321e-06, 7.3912e-06, 1.1345e-05, 1.8997e-06, 1.0599e-06,
        1.2821e-05, 1.3845e-06])//
train_examples$139200$8000.0//
train_loss$140800$1.3942937552928925e-05//
train_individual_losses$140800$tensor([1.4347e-05, 1.3430e-05, 1.9735e-06, 1.3430e-04, 4.4281e-06, 9.2015e-06,
        4.5212e-06, 1.6224e-05, 6.4034e-06, 2.4999e-06, 1.2601e-06, 2.0104e-05,
        6.6182e-06, 9.0853e-07, 5.2619e-06, 1.2433e-05, 3.2226e-06, 1.1865e-06,
        1.8670e-05, 1.8690e-06])//
train_examples$140800$8000.0//
train_loss$142400$1.259421706199646e-05//
train_individual_losses$142400$tensor([7.9069e-06, 1.0719e-05, 2.4537e-06, 1.3476e-04, 2.9542e-06, 7.5747e-06,
        8.4273e-06, 6.0129e-06, 7.0735e-06, 1.3739e-06, 9.0147e-07, 1.3781e-05,
        1.0168e-05, 6.0650e-07, 4.9303e-06, 9.2171e-06, 2.8962e-06, 8.4273e-07,
        1.5613e-05, 3.6716e-06])//
train_examples$142400$8000.0//
train_loss$144000$1.1589619517326355e-05//
train_individual_losses$144000$tensor([7.0942e-06, 9.5806e-06, 2.3844e-06, 1.2552e-04, 4.0295e-06, 8.1479e-06,
        4.5537e-06, 7.4322e-06, 6.1816e-06, 2.4205e-06, 9.9567e-07, 1.2682e-05,
        4.4259e-06, 2.2454e-06, 5.2646e-06, 8.2357e-06, 2.7087e-06, 7.7868e-07,
        1.5062e-05, 2.0485e-06])//
train_examples$144000$8000.0//
train_loss$145600$1.2688349187374116e-05//
train_individual_losses$145600$tensor([8.5199e-06, 1.2106e-05, 5.7838e-06, 1.3109e-04, 3.2953e-06, 7.6509e-06,
        4.1095e-06, 1.2137e-05, 7.0901e-06, 6.6387e-06, 1.3081e-06, 1.4864e-05,
        3.5264e-06, 1.7097e-06, 5.1951e-06, 1.0967e-05, 2.4904e-06, 1.5098e-06,
        1.2117e-05, 1.6618e-06])//
train_examples$145600$8000.0//
train_loss$147200$1.1572767794132233e-05//
train_individual_losses$147200$tensor([6.9628e-06, 1.0019e-05, 7.4646e-06, 1.2532e-04, 3.0120e-06, 7.3310e-06,
        6.4240e-06, 7.1112e-06, 5.8550e-06, 1.3779e-06, 1.7950e-06, 1.0908e-05,
        6.0537e-06, 5.5586e-07, 4.3385e-06, 8.4146e-06, 2.1186e-06, 1.2542e-06,
        1.1385e-05, 3.7524e-06])//
train_examples$147200$8000.0//
train_loss$148800$1.1396963149309159e-05//
train_individual_losses$148800$tensor([7.4451e-06, 1.0683e-05, 2.3419e-06, 1.2841e-04, 3.3760e-06, 8.2927e-06,
        4.7294e-06, 5.7326e-06, 5.5740e-06, 1.2257e-06, 3.8797e-06, 1.1745e-05,
        3.4536e-06, 1.1200e-06, 4.2717e-06, 7.8584e-06, 3.1601e-06, 1.2762e-06,
        1.0674e-05, 2.6916e-06])//
train_examples$148800$8000.0//
train_loss$150400$1.2827849388122558e-05//
train_individual_losses$150400$tensor([6.5782e-06, 1.0035e-05, 5.3038e-06, 1.3327e-04, 2.9043e-06, 1.0694e-05,
        4.6820e-06, 7.0398e-06, 5.9848e-06, 2.1296e-06, 1.4629e-06, 1.5674e-05,
        3.8715e-06, 1.7780e-06, 4.8515e-06, 1.0088e-05, 2.5273e-06, 1.4843e-06,
        2.3933e-05, 2.2615e-06])//
train_examples$150400$8000.0//
train_loss$152000$1.2120579183101653e-05//
train_individual_losses$152000$tensor([5.6298e-06, 1.0667e-05, 3.7774e-06, 1.3175e-04, 3.1269e-06, 8.3417e-06,
        1.2104e-05, 5.8731e-06, 6.3857e-06, 1.3330e-06, 6.7893e-06, 1.1267e-05,
        2.6388e-06, 5.5720e-07, 3.9728e-06, 8.2479e-06, 2.5291e-06, 8.0598e-07,
        1.5317e-05, 1.2962e-06])//
train_examples$152000$8000.0//
train_loss$153600$1.3493399322032929e-05//
train_individual_losses$153600$tensor([5.8767e-06, 1.1854e-05, 6.7752e-06, 1.3805e-04, 5.2661e-06, 6.8501e-06,
        7.3430e-06, 8.3121e-06, 1.2208e-05, 6.8120e-06, 1.1454e-06, 1.5579e-05,
        7.0494e-06, 5.1363e-06, 4.1824e-06, 9.9969e-06, 1.9505e-06, 8.8864e-07,
        1.1079e-05, 3.5089e-06])//
train_examples$153600$8000.0//
train_loss$155200$1.188139170408249e-05//
train_individual_losses$155200$tensor([5.1852e-06, 1.0058e-05, 1.2600e-06, 1.3173e-04, 8.2881e-06, 8.0674e-06,
        8.3627e-06, 6.1911e-06, 6.2731e-06, 1.2389e-06, 6.3356e-07, 1.2645e-05,
        3.6946e-06, 2.4703e-06, 6.1176e-06, 8.8758e-06, 3.8992e-06, 1.0532e-06,
        1.0218e-05, 1.3637e-06])//
train_examples$155200$8000.0//
train_loss$156800$1.155988797545433e-05//
train_individual_losses$156800$tensor([5.0436e-06, 1.1731e-05, 3.0175e-06, 1.2525e-04, 3.1654e-06, 8.9223e-06,
        5.7343e-06, 5.9886e-06, 8.2309e-06, 1.7276e-06, 1.1304e-06, 1.1637e-05,
        2.4221e-06, 7.6923e-07, 7.2387e-06, 1.0448e-05, 2.5388e-06, 1.3169e-06,
        1.3416e-05, 1.4658e-06])//
train_examples$156800$8000.0//
train_loss$158400$1.2272606045007705e-05//
train_individual_losses$158400$tensor([4.1541e-06, 1.2239e-05, 2.5916e-06, 1.3718e-04, 6.3456e-06, 7.0889e-06,
        1.0483e-05, 8.1372e-06, 9.3061e-06, 1.6260e-06, 4.5325e-06, 1.0294e-05,
        3.3651e-06, 6.4330e-07, 3.2627e-06, 8.1168e-06, 1.9202e-06, 1.4088e-06,
        1.0845e-05, 1.9150e-06])//
train_examples$158400$8000.0//
train_loss$160000$1.158636137843132e-05//
train_individual_losses$160000$tensor([5.9819e-06, 9.9555e-06, 2.0545e-06, 1.2872e-04, 4.2513e-06, 8.0076e-06,
        5.5907e-06, 9.0117e-06, 6.4125e-06, 3.2142e-06, 1.6765e-06, 1.1651e-05,
        2.6904e-06, 5.4442e-07, 3.5134e-06, 8.1169e-06, 4.7328e-06, 1.1441e-06,
        1.3014e-05, 1.4456e-06])//
train_examples$160000$8000.0