train_loss$0$40.659328//
train_individual_losses$0$tensor([40.5940, 40.7431, 40.7245, 40.6552, 40.6304, 41.1939, 40.8684, 41.6240,
        40.8168, 40.2124, 40.6899, 40.9790, 40.7390, 40.1750, 40.6159, 40.6522,
        39.7384, 40.6991, 40.5010, 40.5565, 40.4923, 40.9060, 40.5941, 41.0284,
        40.8060, 40.5690, 40.6511, 40.6312, 40.6765, 40.8565, 40.6569, 40.5304,
        40.9439, 40.4261, 40.5825, 40.6905, 40.9120, 40.8126, 40.6370, 40.8492,
        40.6353, 40.4002, 40.6273, 40.0005, 40.6886, 40.5437, 40.5153, 40.6658,
        40.8424, 40.3865])//
train_examples$0$60000.0//
train_loss$9400$0.09807//
train_individual_losses$9400$tensor([0.1767, 0.0388, 0.0837, 0.1623, 0.0567, 0.2082, 0.1621, 0.1362, 0.0540,
        0.0412, 0.0743, 0.1263, 0.2224, 0.0183, 0.0606, 0.0871, 0.0864, 0.0809,
        0.0444, 0.1138, 0.0701, 0.0313, 0.0501, 0.2280, 0.0636, 0.1563, 0.2576,
        0.0434, 0.1916, 0.0316, 0.0196, 0.0932, 0.0606, 0.0264, 0.0557, 0.0840,
        0.0473, 0.0208, 0.2140, 0.2008, 0.1252, 0.0266, 0.0608, 0.1373, 0.0825,
        0.0690, 0.0429, 0.1832, 0.1457, 0.0498])//
train_examples$9400$60000.0//
train_loss$18800$0.0429511171875//
train_individual_losses$18800$tensor([0.0953, 0.0125, 0.0181, 0.1002, 0.0251, 0.0551, 0.0630, 0.0409, 0.0220,
        0.0183, 0.0289, 0.0382, 0.1497, 0.0074, 0.0275, 0.0450, 0.0314, 0.0248,
        0.0240, 0.0695, 0.0261, 0.0150, 0.0327, 0.0358, 0.0227, 0.0693, 0.1281,
        0.0161, 0.0927, 0.0130, 0.0062, 0.0441, 0.0268, 0.0088, 0.0354, 0.0291,
        0.0186, 0.0087, 0.1792, 0.0836, 0.0427, 0.0139, 0.0282, 0.0174, 0.0350,
        0.0209, 0.0134, 0.1003, 0.0671, 0.0196])//
train_examples$18800$60000.0//
train_loss$28200$0.025564546875//
train_individual_losses$28200$tensor([0.0235, 0.0067, 0.0096, 0.0587, 0.0097, 0.0233, 0.0272, 0.0211, 0.0174,
        0.0124, 0.0206, 0.0234, 0.1174, 0.0040, 0.0196, 0.0328, 0.0197, 0.0166,
        0.0197, 0.0458, 0.0170, 0.0044, 0.0281, 0.0207, 0.0176, 0.0439, 0.0707,
        0.0110, 0.0187, 0.0071, 0.0032, 0.0301, 0.0207, 0.0054, 0.0253, 0.0145,
        0.0123, 0.0052, 0.1708, 0.0200, 0.0227, 0.0101, 0.0208, 0.0109, 0.0302,
        0.0135, 0.0075, 0.0430, 0.0333, 0.0103])//
train_examples$28200$60000.0//
train_loss$37600$0.01967795703125//
train_individual_losses$37600$tensor([0.0171, 0.0046, 0.0069, 0.0370, 0.0055, 0.0145, 0.0198, 0.0133, 0.0147,
        0.0097, 0.0168, 0.0142, 0.1079, 0.0030, 0.0145, 0.0272, 0.0123, 0.0124,
        0.0164, 0.0233, 0.0125, 0.0029, 0.0244, 0.0164, 0.0148, 0.0359, 0.0479,
        0.0087, 0.0115, 0.0050, 0.0023, 0.0147, 0.0166, 0.0044, 0.0180, 0.0083,
        0.0103, 0.0039, 0.1676, 0.0121, 0.0172, 0.0074, 0.0184, 0.0080, 0.0281,
        0.0110, 0.0052, 0.0294, 0.0225, 0.0076])//
train_examples$37600$60000.0//
train_loss$47000$0.016817091145833334//
train_individual_losses$47000$tensor([0.0151, 0.0033, 0.0057, 0.0306, 0.0034, 0.0115, 0.0176, 0.0085, 0.0134,
        0.0075, 0.0138, 0.0101, 0.1000, 0.0023, 0.0117, 0.0239, 0.0085, 0.0099,
        0.0145, 0.0159, 0.0093, 0.0026, 0.0225, 0.0143, 0.0105, 0.0333, 0.0371,
        0.0074, 0.0080, 0.0045, 0.0018, 0.0113, 0.0136, 0.0038, 0.0104, 0.0058,
        0.0090, 0.0032, 0.1641, 0.0109, 0.0145, 0.0056, 0.0155, 0.0059, 0.0266,
        0.0091, 0.0044, 0.0238, 0.0184, 0.0065])//
train_examples$47000$60000.0//
train_loss$56400$0.0147907578125//
train_individual_losses$56400$tensor([0.0140, 0.0026, 0.0050, 0.0266, 0.0026, 0.0103, 0.0154, 0.0066, 0.0120,
        0.0059, 0.0116, 0.0078, 0.0837, 0.0020, 0.0100, 0.0206, 0.0071, 0.0076,
        0.0134, 0.0106, 0.0075, 0.0023, 0.0194, 0.0124, 0.0088, 0.0312, 0.0316,
        0.0065, 0.0054, 0.0038, 0.0016, 0.0095, 0.0099, 0.0033, 0.0074, 0.0045,
        0.0079, 0.0029, 0.1628, 0.0099, 0.0127, 0.0044, 0.0141, 0.0047, 0.0251,
        0.0079, 0.0037, 0.0207, 0.0169, 0.0051])//
train_examples$56400$60000.0//
train_loss$65800$0.01266640625//
train_individual_losses$65800$tensor([0.0137, 0.0020, 0.0045, 0.0218, 0.0022, 0.0092, 0.0131, 0.0057, 0.0105,
        0.0050, 0.0104, 0.0066, 0.0464, 0.0019, 0.0089, 0.0193, 0.0064, 0.0066,
        0.0117, 0.0064, 0.0066, 0.0021, 0.0110, 0.0099, 0.0077, 0.0297, 0.0266,
        0.0058, 0.0040, 0.0035, 0.0014, 0.0082, 0.0073, 0.0030, 0.0060, 0.0038,
        0.0069, 0.0023, 0.1612, 0.0089, 0.0117, 0.0041, 0.0129, 0.0042, 0.0233,
        0.0074, 0.0034, 0.0184, 0.0155, 0.0042])//
train_examples$65800$60000.0//
train_loss$75200$0.011557768229166666//
train_individual_losses$75200$tensor([0.0125, 0.0018, 0.0044, 0.0205, 0.0020, 0.0086, 0.0121, 0.0050, 0.0093,
        0.0044, 0.0093, 0.0055, 0.0371, 0.0017, 0.0081, 0.0184, 0.0059, 0.0065,
        0.0089, 0.0046, 0.0060, 0.0020, 0.0083, 0.0085, 0.0063, 0.0289, 0.0222,
        0.0053, 0.0032, 0.0033, 0.0014, 0.0074, 0.0062, 0.0026, 0.0053, 0.0032,
        0.0061, 0.0021, 0.1576, 0.0074, 0.0111, 0.0035, 0.0119, 0.0041, 0.0217,
        0.0072, 0.0033, 0.0167, 0.0147, 0.0039])//
train_examples$75200$60000.0//
train_loss$84600$0.008431856119791666//
train_individual_losses$84600$tensor([0.0124, 0.0015, 0.0039, 0.0185, 0.0018, 0.0078, 0.0104, 0.0044, 0.0084,
        0.0039, 0.0083, 0.0048, 0.0348, 0.0016, 0.0073, 0.0166, 0.0058, 0.0057,
        0.0073, 0.0037, 0.0050, 0.0020, 0.0074, 0.0078, 0.0049, 0.0290, 0.0191,
        0.0049, 0.0027, 0.0031, 0.0013, 0.0067, 0.0057, 0.0026, 0.0050, 0.0028,
        0.0054, 0.0019, 0.0383, 0.0063, 0.0107, 0.0032, 0.0113, 0.0038, 0.0177,
        0.0068, 0.0031, 0.0155, 0.0151, 0.0036])//
train_examples$84600$60000.0//
train_loss$94000$0.007864530598958334//
train_individual_losses$94000$tensor([0.0121, 0.0014, 0.0036, 0.0171, 0.0019, 0.0076, 0.0092, 0.0039, 0.0075,
        0.0035, 0.0074, 0.0046, 0.0341, 0.0015, 0.0069, 0.0166, 0.0057, 0.0056,
        0.0059, 0.0032, 0.0045, 0.0019, 0.0069, 0.0072, 0.0054, 0.0280, 0.0156,
        0.0046, 0.0022, 0.0030, 0.0012, 0.0064, 0.0053, 0.0027, 0.0047, 0.0025,
        0.0048, 0.0018, 0.0330, 0.0059, 0.0104, 0.0031, 0.0117, 0.0038, 0.0157,
        0.0068, 0.0030, 0.0146, 0.0140, 0.0033])//
train_examples$94000$60000.0//
train_loss$103400$0.007494387369791667//
train_individual_losses$103400$tensor([0.0117, 0.0013, 0.0033, 0.0159, 0.0017, 0.0074, 0.0084, 0.0037, 0.0067,
        0.0032, 0.0072, 0.0040, 0.0331, 0.0015, 0.0062, 0.0162, 0.0057, 0.0059,
        0.0051, 0.0033, 0.0040, 0.0018, 0.0064, 0.0065, 0.0040, 0.0284, 0.0139,
        0.0043, 0.0020, 0.0028, 0.0013, 0.0068, 0.0050, 0.0024, 0.0040, 0.0024,
        0.0043, 0.0017, 0.0322, 0.0056, 0.0106, 0.0029, 0.0104, 0.0037, 0.0149,
        0.0071, 0.0028, 0.0137, 0.0140, 0.0031])//
train_examples$103400$60000.0//
train_loss$112800$0.007160387369791667//
train_individual_losses$112800$tensor([0.0115, 0.0011, 0.0033, 0.0155, 0.0016, 0.0070, 0.0082, 0.0036, 0.0060,
        0.0031, 0.0063, 0.0039, 0.0321, 0.0014, 0.0059, 0.0160, 0.0057, 0.0058,
        0.0051, 0.0026, 0.0036, 0.0017, 0.0061, 0.0064, 0.0045, 0.0277, 0.0127,
        0.0040, 0.0018, 0.0027, 0.0011, 0.0074, 0.0046, 0.0022, 0.0043, 0.0022,
        0.0040, 0.0014, 0.0318, 0.0053, 0.0105, 0.0028, 0.0097, 0.0037, 0.0111,
        0.0066, 0.0028, 0.0131, 0.0133, 0.0032])//
train_examples$112800$60000.0//
train_loss$122200$0.00681693359375//
train_individual_losses$122200$tensor([0.0117, 0.0010, 0.0029, 0.0155, 0.0015, 0.0066, 0.0075, 0.0033, 0.0050,
        0.0030, 0.0056, 0.0043, 0.0345, 0.0014, 0.0052, 0.0149, 0.0052, 0.0051,
        0.0045, 0.0024, 0.0033, 0.0017, 0.0063, 0.0047, 0.0038, 0.0285, 0.0115,
        0.0038, 0.0017, 0.0027, 0.0011, 0.0059, 0.0043, 0.0021, 0.0040, 0.0020,
        0.0038, 0.0014, 0.0316, 0.0052, 0.0100, 0.0026, 0.0063, 0.0035, 0.0100,
        0.0064, 0.0026, 0.0130, 0.0130, 0.0029])//
train_examples$122200$60000.0//
train_loss$131600$0.006487016927083334//
train_individual_losses$131600$tensor([0.0111, 0.0010, 0.0028, 0.0148, 0.0015, 0.0067, 0.0084, 0.0031, 0.0039,
        0.0027, 0.0055, 0.0037, 0.0310, 0.0014, 0.0053, 0.0146, 0.0055, 0.0055,
        0.0039, 0.0023, 0.0031, 0.0017, 0.0060, 0.0043, 0.0035, 0.0267, 0.0103,
        0.0034, 0.0017, 0.0025, 0.0012, 0.0057, 0.0041, 0.0024, 0.0036, 0.0020,
        0.0036, 0.0014, 0.0308, 0.0050, 0.0098, 0.0025, 0.0056, 0.0036, 0.0087,
        0.0063, 0.0024, 0.0122, 0.0126, 0.0029])//
train_examples$131600$60000.0//
train_loss$141000$0.006246640625//
train_individual_losses$141000$tensor([0.0115, 0.0008, 0.0024, 0.0146, 0.0015, 0.0062, 0.0074, 0.0031, 0.0031,
        0.0025, 0.0047, 0.0034, 0.0305, 0.0013, 0.0047, 0.0149, 0.0053, 0.0050,
        0.0038, 0.0022, 0.0029, 0.0016, 0.0057, 0.0039, 0.0034, 0.0262, 0.0082,
        0.0030, 0.0016, 0.0025, 0.0011, 0.0060, 0.0040, 0.0019, 0.0033, 0.0019,
        0.0038, 0.0012, 0.0310, 0.0049, 0.0098, 0.0024, 0.0053, 0.0035, 0.0083,
        0.0063, 0.0023, 0.0117, 0.0127, 0.0030])//
train_examples$141000$60000.0//
train_loss$150400$0.00602129296875//
train_individual_losses$150400$tensor([0.0110, 0.0007, 0.0023, 0.0143, 0.0014, 0.0058, 0.0079, 0.0029, 0.0028,
        0.0026, 0.0042, 0.0035, 0.0300, 0.0013, 0.0044, 0.0142, 0.0052, 0.0048,
        0.0035, 0.0021, 0.0031, 0.0016, 0.0057, 0.0036, 0.0033, 0.0255, 0.0065,
        0.0027, 0.0016, 0.0024, 0.0011, 0.0060, 0.0039, 0.0018, 0.0033, 0.0017,
        0.0033, 0.0012, 0.0304, 0.0048, 0.0095, 0.0023, 0.0049, 0.0033, 0.0074,
        0.0062, 0.0022, 0.0114, 0.0124, 0.0028])//
train_examples$150400$60000.0//
train_loss$159800$0.005639807291666667//
train_individual_losses$159800$tensor([0.0116, 0.0007, 0.0021, 0.0145, 0.0015, 0.0061, 0.0071, 0.0027, 0.0025,
        0.0026, 0.0039, 0.0032, 0.0292, 0.0013, 0.0042, 0.0140, 0.0050, 0.0050,
        0.0033, 0.0019, 0.0029, 0.0016, 0.0055, 0.0035, 0.0033, 0.0116, 0.0045,
        0.0026, 0.0015, 0.0024, 0.0011, 0.0055, 0.0039, 0.0018, 0.0032, 0.0017,
        0.0032, 0.0011, 0.0315, 0.0049, 0.0097, 0.0022, 0.0053, 0.0033, 0.0073,
        0.0062, 0.0022, 0.0113, 0.0124, 0.0028])//
train_examples$159800$60000.0//
train_loss$169200$0.0054939778645833335//
train_individual_losses$169200$tensor([0.0107, 0.0006, 0.0026, 0.0137, 0.0013, 0.0059, 0.0077, 0.0027, 0.0023,
        0.0023, 0.0032, 0.0043, 0.0285, 0.0013, 0.0040, 0.0151, 0.0058, 0.0049,
        0.0034, 0.0022, 0.0027, 0.0015, 0.0054, 0.0034, 0.0041, 0.0097, 0.0038,
        0.0024, 0.0014, 0.0022, 0.0010, 0.0056, 0.0038, 0.0018, 0.0031, 0.0016,
        0.0030, 0.0010, 0.0308, 0.0045, 0.0094, 0.0021, 0.0042, 0.0032, 0.0066,
        0.0060, 0.0022, 0.0105, 0.0123, 0.0029])//
train_examples$169200$60000.0//
train_loss$178600$0.0052185693359375//
train_individual_losses$178600$tensor([0.0109, 0.0006, 0.0020, 0.0133, 0.0013, 0.0054, 0.0069, 0.0026, 0.0021,
        0.0021, 0.0030, 0.0030, 0.0280, 0.0013, 0.0039, 0.0137, 0.0050, 0.0049,
        0.0032, 0.0018, 0.0025, 0.0015, 0.0052, 0.0034, 0.0031, 0.0085, 0.0035,
        0.0023, 0.0015, 0.0022, 0.0010, 0.0054, 0.0037, 0.0016, 0.0030, 0.0015,
        0.0027, 0.0009, 0.0299, 0.0045, 0.0093, 0.0020, 0.0042, 0.0032, 0.0065,
        0.0055, 0.0022, 0.0103, 0.0121, 0.0027])//
train_examples$178600$60000.0//
train_loss$188000$0.005105681640625//
train_individual_losses$188000$tensor([0.0106, 0.0006, 0.0020, 0.0129, 0.0014, 0.0052, 0.0069, 0.0025, 0.0021,
        0.0024, 0.0026, 0.0030, 0.0273, 0.0013, 0.0037, 0.0136, 0.0050, 0.0047,
        0.0029, 0.0018, 0.0023, 0.0015, 0.0052, 0.0032, 0.0031, 0.0081, 0.0032,
        0.0021, 0.0017, 0.0022, 0.0010, 0.0053, 0.0038, 0.0015, 0.0030, 0.0017,
        0.0025, 0.0009, 0.0298, 0.0044, 0.0093, 0.0019, 0.0039, 0.0030, 0.0060,
        0.0054, 0.0021, 0.0097, 0.0120, 0.0027])//
train_examples$188000$60000.0//
train_loss$197400$0.0050517405598958336//
train_individual_losses$197400$tensor([0.0111, 0.0005, 0.0019, 0.0123, 0.0012, 0.0052, 0.0069, 0.0025, 0.0019,
        0.0022, 0.0026, 0.0031, 0.0270, 0.0014, 0.0041, 0.0140, 0.0049, 0.0050,
        0.0029, 0.0018, 0.0026, 0.0014, 0.0051, 0.0032, 0.0030, 0.0075, 0.0030,
        0.0020, 0.0013, 0.0023, 0.0010, 0.0053, 0.0036, 0.0015, 0.0029, 0.0015,
        0.0024, 0.0009, 0.0296, 0.0043, 0.0092, 0.0019, 0.0041, 0.0029, 0.0059,
        0.0052, 0.0022, 0.0095, 0.0119, 0.0027])//
train_examples$197400$60000.0//
train_loss$206800$0.004906771484375//
train_individual_losses$206800$tensor([0.0123, 0.0005, 0.0019, 0.0120, 0.0012, 0.0049, 0.0067, 0.0024, 0.0018,
        0.0020, 0.0023, 0.0030, 0.0285, 0.0013, 0.0035, 0.0133, 0.0050, 0.0047,
        0.0027, 0.0017, 0.0022, 0.0014, 0.0050, 0.0030, 0.0030, 0.0068, 0.0029,
        0.0018, 0.0012, 0.0021, 0.0010, 0.0050, 0.0035, 0.0013, 0.0029, 0.0014,
        0.0023, 0.0009, 0.0298, 0.0043, 0.0091, 0.0019, 0.0037, 0.0028, 0.0057,
        0.0052, 0.0022, 0.0089, 0.0100, 0.0027])//
train_examples$206800$60000.0//
train_loss$216200$0.0047385654296875//
train_individual_losses$216200$tensor([0.0107, 0.0005, 0.0019, 0.0111, 0.0012, 0.0049, 0.0074, 0.0025, 0.0017,
        0.0021, 0.0022, 0.0029, 0.0263, 0.0013, 0.0038, 0.0139, 0.0063, 0.0048,
        0.0026, 0.0017, 0.0024, 0.0013, 0.0047, 0.0033, 0.0031, 0.0074, 0.0029,
        0.0018, 0.0012, 0.0021, 0.0010, 0.0045, 0.0035, 0.0011, 0.0027, 0.0014,
        0.0023, 0.0008, 0.0292, 0.0042, 0.0090, 0.0019, 0.0038, 0.0028, 0.0055,
        0.0053, 0.0024, 0.0080, 0.0050, 0.0026])//
train_examples$216200$60000.0//
train_loss$225600$0.0044901158854166665//
train_individual_losses$225600$tensor([0.0104, 0.0005, 0.0018, 0.0098, 0.0011, 0.0043, 0.0067, 0.0024, 0.0016,
        0.0019, 0.0020, 0.0029, 0.0270, 0.0012, 0.0033, 0.0134, 0.0049, 0.0048,
        0.0025, 0.0016, 0.0021, 0.0012, 0.0046, 0.0029, 0.0030, 0.0064, 0.0025,
        0.0016, 0.0011, 0.0021, 0.0010, 0.0041, 0.0032, 0.0009, 0.0027, 0.0015,
        0.0021, 0.0008, 0.0291, 0.0041, 0.0090, 0.0018, 0.0036, 0.0026, 0.0055,
        0.0050, 0.0020, 0.0075, 0.0040, 0.0026])//
train_examples$225600$60000.0//
train_loss$235000$0.004202344075520834//
train_individual_losses$235000$tensor([0.0118, 0.0005, 0.0018, 0.0082, 0.0013, 0.0038, 0.0066, 0.0024, 0.0015,
        0.0018, 0.0021, 0.0030, 0.0164, 0.0012, 0.0032, 0.0133, 0.0048, 0.0047,
        0.0023, 0.0016, 0.0021, 0.0012, 0.0044, 0.0028, 0.0033, 0.0061, 0.0024,
        0.0016, 0.0010, 0.0020, 0.0010, 0.0038, 0.0031, 0.0009, 0.0026, 0.0013,
        0.0020, 0.0008, 0.0290, 0.0041, 0.0090, 0.0018, 0.0034, 0.0026, 0.0051,
        0.0052, 0.0020, 0.0066, 0.0038, 0.0025])//
train_examples$235000$60000.0//
train_loss$244400$0.004014935872395833//
train_individual_losses$244400$tensor([0.0102, 0.0006, 0.0021, 0.0064, 0.0010, 0.0038, 0.0065, 0.0023, 0.0014,
        0.0018, 0.0019, 0.0029, 0.0138, 0.0012, 0.0033, 0.0131, 0.0050, 0.0046,
        0.0024, 0.0016, 0.0020, 0.0012, 0.0044, 0.0028, 0.0028, 0.0058, 0.0025,
        0.0016, 0.0010, 0.0022, 0.0010, 0.0036, 0.0030, 0.0008, 0.0027, 0.0013,
        0.0020, 0.0008, 0.0286, 0.0040, 0.0088, 0.0018, 0.0034, 0.0026, 0.0050,
        0.0049, 0.0021, 0.0058, 0.0036, 0.0026])//
train_examples$244400$60000.0//
train_loss$253800$0.003955552734375//
train_individual_losses$253800$tensor([0.0103, 0.0004, 0.0018, 0.0057, 0.0012, 0.0034, 0.0066, 0.0023, 0.0014,
        0.0018, 0.0019, 0.0031, 0.0131, 0.0013, 0.0030, 0.0132, 0.0048, 0.0050,
        0.0021, 0.0016, 0.0020, 0.0011, 0.0042, 0.0028, 0.0030, 0.0059, 0.0026,
        0.0015, 0.0009, 0.0020, 0.0010, 0.0035, 0.0029, 0.0009, 0.0029, 0.0013,
        0.0019, 0.0007, 0.0284, 0.0041, 0.0094, 0.0017, 0.0034, 0.0025, 0.0049,
        0.0049, 0.0020, 0.0054, 0.0035, 0.0024])//
train_examples$253800$60000.0//
train_loss$263200$0.0038761064453125//
train_individual_losses$263200$tensor([0.0101, 0.0005, 0.0017, 0.0048, 0.0010, 0.0035, 0.0067, 0.0022, 0.0013,
        0.0018, 0.0016, 0.0029, 0.0128, 0.0012, 0.0029, 0.0137, 0.0052, 0.0046,
        0.0021, 0.0014, 0.0020, 0.0011, 0.0040, 0.0027, 0.0028, 0.0059, 0.0024,
        0.0014, 0.0009, 0.0020, 0.0010, 0.0036, 0.0028, 0.0008, 0.0025, 0.0013,
        0.0018, 0.0007, 0.0281, 0.0044, 0.0091, 0.0017, 0.0033, 0.0025, 0.0048,
        0.0052, 0.0020, 0.0053, 0.0035, 0.0024])//
train_examples$263200$60000.0//
train_loss$272600$0.0037378388671875//
train_individual_losses$272600$tensor([0.0059, 0.0004, 0.0017, 0.0043, 0.0010, 0.0032, 0.0072, 0.0022, 0.0013,
        0.0016, 0.0016, 0.0027, 0.0132, 0.0012, 0.0030, 0.0139, 0.0053, 0.0046,
        0.0025, 0.0014, 0.0019, 0.0010, 0.0039, 0.0029, 0.0026, 0.0055, 0.0022,
        0.0014, 0.0009, 0.0019, 0.0010, 0.0033, 0.0028, 0.0007, 0.0025, 0.0012,
        0.0016, 0.0007, 0.0278, 0.0040, 0.0088, 0.0017, 0.0032, 0.0025, 0.0047,
        0.0048, 0.0021, 0.0051, 0.0035, 0.0026])//
train_examples$272600$60000.0//
train_loss$282000$0.0035698483072916665//
train_individual_losses$282000$tensor([0.0036, 0.0004, 0.0017, 0.0040, 0.0010, 0.0032, 0.0064, 0.0024, 0.0012,
        0.0016, 0.0016, 0.0027, 0.0125, 0.0012, 0.0029, 0.0129, 0.0048, 0.0049,
        0.0020, 0.0015, 0.0018, 0.0010, 0.0037, 0.0026, 0.0029, 0.0045, 0.0023,
        0.0013, 0.0009, 0.0019, 0.0010, 0.0031, 0.0028, 0.0008, 0.0024, 0.0012,
        0.0014, 0.0007, 0.0279, 0.0040, 0.0089, 0.0016, 0.0031, 0.0025, 0.0047,
        0.0049, 0.0019, 0.0043, 0.0034, 0.0024])//
train_examples$282000$60000.0//
train_loss$291400$0.003481212890625//
train_individual_losses$291400$tensor([0.0028, 0.0004, 0.0017, 0.0038, 0.0010, 0.0031, 0.0068, 0.0021, 0.0012,
        0.0016, 0.0015, 0.0028, 0.0123, 0.0012, 0.0029, 0.0132, 0.0049, 0.0046,
        0.0019, 0.0014, 0.0018, 0.0010, 0.0035, 0.0025, 0.0025, 0.0042, 0.0021,
        0.0013, 0.0011, 0.0019, 0.0010, 0.0031, 0.0027, 0.0007, 0.0024, 0.0012,
        0.0014, 0.0007, 0.0274, 0.0039, 0.0086, 0.0016, 0.0030, 0.0025, 0.0047,
        0.0047, 0.0020, 0.0038, 0.0033, 0.0024])//
train_examples$291400$60000.0//
train_loss$300800$0.0034288841145833334//
train_individual_losses$300800$tensor([0.0025, 0.0004, 0.0017, 0.0035, 0.0009, 0.0031, 0.0064, 0.0022, 0.0011,
        0.0015, 0.0016, 0.0027, 0.0124, 0.0012, 0.0029, 0.0127, 0.0050, 0.0047,
        0.0019, 0.0014, 0.0019, 0.0010, 0.0034, 0.0025, 0.0025, 0.0042, 0.0021,
        0.0012, 0.0011, 0.0019, 0.0010, 0.0030, 0.0026, 0.0007, 0.0023, 0.0012,
        0.0013, 0.0007, 0.0270, 0.0039, 0.0086, 0.0015, 0.0027, 0.0024, 0.0049,
        0.0048, 0.0022, 0.0036, 0.0032, 0.0024])//
train_examples$300800$60000.0//
train_loss$310200$0.0033746256510416668//
train_individual_losses$310200$tensor([0.0024, 0.0004, 0.0017, 0.0034, 0.0010, 0.0028, 0.0062, 0.0022, 0.0011,
        0.0015, 0.0015, 0.0026, 0.0122, 0.0011, 0.0028, 0.0126, 0.0048, 0.0046,
        0.0021, 0.0013, 0.0018, 0.0010, 0.0032, 0.0025, 0.0024, 0.0040, 0.0021,
        0.0012, 0.0008, 0.0018, 0.0010, 0.0029, 0.0025, 0.0007, 0.0024, 0.0012,
        0.0013, 0.0007, 0.0268, 0.0040, 0.0089, 0.0017, 0.0026, 0.0027, 0.0045,
        0.0049, 0.0019, 0.0034, 0.0031, 0.0024])//
train_examples$310200$60000.0//
train_loss$319600$0.0033723072916666667//
train_individual_losses$319600$tensor([0.0022, 0.0004, 0.0017, 0.0032, 0.0009, 0.0029, 0.0069, 0.0022, 0.0011,
        0.0015, 0.0016, 0.0027, 0.0120, 0.0012, 0.0028, 0.0133, 0.0054, 0.0045,
        0.0020, 0.0014, 0.0017, 0.0009, 0.0032, 0.0030, 0.0026, 0.0039, 0.0021,
        0.0011, 0.0007, 0.0019, 0.0009, 0.0030, 0.0024, 0.0007, 0.0023, 0.0012,
        0.0014, 0.0006, 0.0263, 0.0041, 0.0084, 0.0015, 0.0025, 0.0025, 0.0044,
        0.0047, 0.0024, 0.0032, 0.0027, 0.0023])//
train_examples$319600$60000.0//
train_loss$329000$0.0033310341796875//
train_individual_losses$329000$tensor([0.0021, 0.0004, 0.0017, 0.0033, 0.0009, 0.0029, 0.0079, 0.0021, 0.0011,
        0.0014, 0.0016, 0.0027, 0.0119, 0.0011, 0.0026, 0.0134, 0.0055, 0.0045,
        0.0020, 0.0013, 0.0018, 0.0009, 0.0030, 0.0023, 0.0025, 0.0039, 0.0020,
        0.0011, 0.0008, 0.0018, 0.0009, 0.0029, 0.0023, 0.0007, 0.0022, 0.0012,
        0.0013, 0.0007, 0.0259, 0.0040, 0.0085, 0.0014, 0.0026, 0.0024, 0.0044,
        0.0048, 0.0020, 0.0030, 0.0024, 0.0023])//
train_examples$329000$60000.0//
train_loss$338400$0.0032802978515625//
train_individual_losses$338400$tensor([0.0022, 0.0004, 0.0018, 0.0030, 0.0009, 0.0028, 0.0063, 0.0021, 0.0011,
        0.0014, 0.0016, 0.0027, 0.0125, 0.0011, 0.0026, 0.0129, 0.0050, 0.0045,
        0.0023, 0.0015, 0.0017, 0.0009, 0.0030, 0.0021, 0.0024, 0.0042, 0.0022,
        0.0011, 0.0007, 0.0020, 0.0009, 0.0028, 0.0023, 0.0007, 0.0023, 0.0012,
        0.0012, 0.0006, 0.0255, 0.0040, 0.0085, 0.0014, 0.0022, 0.0024, 0.0046,
        0.0047, 0.0019, 0.0031, 0.0023, 0.0024])//
train_examples$338400$60000.0//
train_loss$347800$0.0032350078125//
train_individual_losses$347800$tensor([0.0019, 0.0004, 0.0017, 0.0029, 0.0009, 0.0028, 0.0061, 0.0021, 0.0010,
        0.0016, 0.0016, 0.0028, 0.0123, 0.0011, 0.0027, 0.0126, 0.0049, 0.0050,
        0.0019, 0.0013, 0.0017, 0.0009, 0.0030, 0.0022, 0.0025, 0.0039, 0.0021,
        0.0010, 0.0007, 0.0018, 0.0009, 0.0028, 0.0022, 0.0007, 0.0023, 0.0011,
        0.0012, 0.0006, 0.0254, 0.0039, 0.0088, 0.0015, 0.0023, 0.0024, 0.0043,
        0.0047, 0.0019, 0.0029, 0.0023, 0.0024])//
train_examples$347800$60000.0//
train_loss$357200$0.003181564778645833//
train_individual_losses$357200$tensor([0.0019, 0.0004, 0.0017, 0.0029, 0.0010, 0.0028, 0.0061, 0.0021, 0.0010,
        0.0014, 0.0014, 0.0027, 0.0114, 0.0012, 0.0025, 0.0122, 0.0050, 0.0045,
        0.0018, 0.0014, 0.0018, 0.0009, 0.0030, 0.0021, 0.0023, 0.0038, 0.0020,
        0.0011, 0.0008, 0.0019, 0.0010, 0.0026, 0.0022, 0.0006, 0.0024, 0.0012,
        0.0012, 0.0006, 0.0257, 0.0039, 0.0083, 0.0014, 0.0021, 0.0025, 0.0044,
        0.0047, 0.0020, 0.0028, 0.0023, 0.0023])//
train_examples$357200$60000.0//
train_loss$366600$0.0031569153645833333//
train_individual_losses$366600$tensor([0.0019, 0.0003, 0.0016, 0.0029, 0.0009, 0.0035, 0.0063, 0.0022, 0.0010,
        0.0014, 0.0014, 0.0026, 0.0119, 0.0011, 0.0025, 0.0120, 0.0047, 0.0045,
        0.0018, 0.0013, 0.0016, 0.0009, 0.0029, 0.0021, 0.0023, 0.0037, 0.0019,
        0.0010, 0.0007, 0.0018, 0.0009, 0.0027, 0.0022, 0.0006, 0.0022, 0.0012,
        0.0012, 0.0006, 0.0245, 0.0040, 0.0092, 0.0013, 0.0021, 0.0024, 0.0043,
        0.0048, 0.0019, 0.0028, 0.0022, 0.0023])//
train_examples$366600$60000.0//
train_loss$376000$0.0030923597005208334//
train_individual_losses$376000$tensor([0.0017, 0.0004, 0.0017, 0.0027, 0.0009, 0.0027, 0.0059, 0.0020, 0.0010,
        0.0013, 0.0016, 0.0026, 0.0114, 0.0011, 0.0026, 0.0116, 0.0047, 0.0045,
        0.0017, 0.0012, 0.0016, 0.0009, 0.0031, 0.0020, 0.0023, 0.0037, 0.0020,
        0.0010, 0.0007, 0.0018, 0.0009, 0.0026, 0.0021, 0.0007, 0.0022, 0.0011,
        0.0012, 0.0006, 0.0241, 0.0040, 0.0081, 0.0013, 0.0022, 0.0025, 0.0043,
        0.0048, 0.0022, 0.0027, 0.0023, 0.0023])//
train_examples$376000$60000.0//
train_loss$385400$0.0030132135416666666//
train_individual_losses$385400$tensor([0.0017, 0.0003, 0.0016, 0.0026, 0.0008, 0.0026, 0.0060, 0.0021, 0.0010,
        0.0015, 0.0014, 0.0027, 0.0112, 0.0010, 0.0024, 0.0114, 0.0047, 0.0044,
        0.0017, 0.0012, 0.0016, 0.0008, 0.0028, 0.0018, 0.0023, 0.0037, 0.0018,
        0.0010, 0.0007, 0.0017, 0.0009, 0.0025, 0.0021, 0.0006, 0.0021, 0.0011,
        0.0011, 0.0006, 0.0237, 0.0039, 0.0080, 0.0013, 0.0019, 0.0024, 0.0042,
        0.0048, 0.0018, 0.0028, 0.0021, 0.0023])//
train_examples$385400$60000.0//
train_loss$394800$0.0030203639322916665//
train_individual_losses$394800$tensor([0.0018, 0.0003, 0.0016, 0.0024, 0.0009, 0.0024, 0.0059, 0.0020, 0.0010,
        0.0013, 0.0015, 0.0028, 0.0112, 0.0011, 0.0025, 0.0112, 0.0049, 0.0044,
        0.0017, 0.0012, 0.0016, 0.0009, 0.0028, 0.0020, 0.0025, 0.0036, 0.0019,
        0.0009, 0.0006, 0.0018, 0.0009, 0.0025, 0.0021, 0.0007, 0.0022, 0.0011,
        0.0012, 0.0006, 0.0234, 0.0040, 0.0078, 0.0013, 0.0019, 0.0026, 0.0042,
        0.0047, 0.0020, 0.0028, 0.0020, 0.0022])//
train_examples$394800$60000.0//
train_loss$404200$0.002990029622395833//
train_individual_losses$404200$tensor([0.0017, 0.0004, 0.0017, 0.0024, 0.0009, 0.0027, 0.0058, 0.0021, 0.0010,
        0.0012, 0.0013, 0.0026, 0.0110, 0.0011, 0.0025, 0.0110, 0.0054, 0.0044,
        0.0017, 0.0012, 0.0017, 0.0008, 0.0028, 0.0020, 0.0021, 0.0038, 0.0018,
        0.0012, 0.0006, 0.0017, 0.0009, 0.0026, 0.0021, 0.0007, 0.0022, 0.0011,
        0.0012, 0.0006, 0.0227, 0.0038, 0.0076, 0.0013, 0.0018, 0.0025, 0.0042,
        0.0046, 0.0019, 0.0026, 0.0020, 0.0023])//
train_examples$404200$60000.0//
train_loss$413600$0.0029459873046875//
train_individual_losses$413600$tensor([0.0016, 0.0004, 0.0016, 0.0022, 0.0008, 0.0023, 0.0062, 0.0021, 0.0010,
        0.0012, 0.0016, 0.0027, 0.0114, 0.0011, 0.0024, 0.0106, 0.0048, 0.0045,
        0.0016, 0.0012, 0.0015, 0.0009, 0.0028, 0.0017, 0.0021, 0.0036, 0.0018,
        0.0010, 0.0007, 0.0018, 0.0009, 0.0026, 0.0021, 0.0007, 0.0021, 0.0011,
        0.0011, 0.0006, 0.0223, 0.0038, 0.0074, 0.0013, 0.0017, 0.0024, 0.0043,
        0.0046, 0.0022, 0.0025, 0.0021, 0.0024])//
train_examples$413600$60000.0//
train_loss$423000$0.0028722724609375//
train_individual_losses$423000$tensor([0.0016, 0.0003, 0.0016, 0.0021, 0.0008, 0.0026, 0.0056, 0.0020, 0.0009,
        0.0012, 0.0013, 0.0026, 0.0111, 0.0012, 0.0023, 0.0104, 0.0047, 0.0044,
        0.0017, 0.0011, 0.0015, 0.0008, 0.0028, 0.0017, 0.0022, 0.0036, 0.0017,
        0.0009, 0.0006, 0.0017, 0.0009, 0.0026, 0.0020, 0.0007, 0.0021, 0.0011,
        0.0011, 0.0006, 0.0219, 0.0038, 0.0068, 0.0012, 0.0018, 0.0024, 0.0041,
        0.0045, 0.0019, 0.0029, 0.0020, 0.0023])//
train_examples$423000$60000.0//
train_loss$432400$0.0028284580078125//
train_individual_losses$432400$tensor([0.0016, 0.0003, 0.0017, 0.0022, 0.0008, 0.0026, 0.0055, 0.0020, 0.0010,
        0.0012, 0.0013, 0.0029, 0.0111, 0.0010, 0.0023, 0.0101, 0.0046, 0.0044,
        0.0019, 0.0012, 0.0015, 0.0008, 0.0029, 0.0017, 0.0020, 0.0036, 0.0019,
        0.0009, 0.0006, 0.0017, 0.0009, 0.0024, 0.0020, 0.0006, 0.0020, 0.0011,
        0.0011, 0.0006, 0.0202, 0.0039, 0.0065, 0.0012, 0.0017, 0.0024, 0.0041,
        0.0048, 0.0021, 0.0024, 0.0019, 0.0022])//
train_examples$432400$60000.0//
train_loss$441800$0.0028337919921875//
train_individual_losses$441800$tensor([0.0015, 0.0003, 0.0017, 0.0021, 0.0008, 0.0027, 0.0057, 0.0024, 0.0010,
        0.0012, 0.0013, 0.0027, 0.0115, 0.0010, 0.0022, 0.0099, 0.0047, 0.0049,
        0.0018, 0.0010, 0.0016, 0.0008, 0.0028, 0.0018, 0.0020, 0.0037, 0.0018,
        0.0009, 0.0006, 0.0017, 0.0009, 0.0023, 0.0020, 0.0006, 0.0021, 0.0011,
        0.0011, 0.0005, 0.0194, 0.0039, 0.0072, 0.0012, 0.0015, 0.0024, 0.0041,
        0.0045, 0.0019, 0.0028, 0.0021, 0.0023])//
train_examples$441800$60000.0//
train_loss$451200$0.0027313382161458333//
train_individual_losses$451200$tensor([0.0015, 0.0003, 0.0015, 0.0021, 0.0008, 0.0023, 0.0054, 0.0020, 0.0009,
        0.0012, 0.0014, 0.0025, 0.0117, 0.0010, 0.0023, 0.0092, 0.0048, 0.0044,
        0.0016, 0.0010, 0.0015, 0.0008, 0.0028, 0.0016, 0.0019, 0.0037, 0.0018,
        0.0008, 0.0007, 0.0016, 0.0009, 0.0023, 0.0020, 0.0006, 0.0020, 0.0010,
        0.0011, 0.0005, 0.0188, 0.0038, 0.0063, 0.0012, 0.0015, 0.0024, 0.0040,
        0.0046, 0.0018, 0.0024, 0.0019, 0.0023])//
train_examples$451200$60000.0//
train_loss$460600$0.0026833092447916666//
train_individual_losses$460600$tensor([0.0015, 0.0003, 0.0016, 0.0021, 0.0008, 0.0022, 0.0051, 0.0019, 0.0009,
        0.0012, 0.0013, 0.0026, 0.0106, 0.0009, 0.0022, 0.0094, 0.0048, 0.0044,
        0.0017, 0.0010, 0.0014, 0.0008, 0.0026, 0.0015, 0.0019, 0.0036, 0.0018,
        0.0008, 0.0007, 0.0016, 0.0009, 0.0022, 0.0019, 0.0006, 0.0020, 0.0011,
        0.0011, 0.0006, 0.0185, 0.0039, 0.0061, 0.0012, 0.0014, 0.0024, 0.0041,
        0.0046, 0.0019, 0.0025, 0.0020, 0.0023])//
train_examples$460600$60000.0//
train_loss$470000$0.00268229638671875//
train_individual_losses$470000$tensor([0.0016, 0.0003, 0.0015, 0.0021, 0.0008, 0.0020, 0.0050, 0.0019, 0.0009,
        0.0013, 0.0017, 0.0027, 0.0106, 0.0010, 0.0022, 0.0089, 0.0047, 0.0044,
        0.0017, 0.0010, 0.0014, 0.0008, 0.0026, 0.0016, 0.0019, 0.0036, 0.0018,
        0.0008, 0.0006, 0.0016, 0.0009, 0.0022, 0.0020, 0.0006, 0.0020, 0.0010,
        0.0013, 0.0006, 0.0184, 0.0040, 0.0061, 0.0012, 0.0014, 0.0024, 0.0041,
        0.0046, 0.0018, 0.0025, 0.0020, 0.0023])//
train_examples$470000$60000.0