train_loss$0$3.2760734375//
train_individual_losses$0$tensor([3.3739, 3.4042, 3.1621, 3.5374, 3.5178, 3.2600, 3.4499, 2.8278, 3.3976,
        3.1753, 3.0705, 3.1057, 3.2739, 3.1366, 3.2926, 3.5938, 3.1209, 3.2433,
        3.3938, 3.1843])//
train_examples$0$8000.0//
train_loss$1600$0.0015034377098083495//
train_individual_losses$1600$tensor([0.0004, 0.0018, 0.0013, 0.0010, 0.0054, 0.0008, 0.0005, 0.0012, 0.0022,
        0.0036, 0.0011, 0.0012, 0.0015, 0.0012, 0.0011, 0.0012, 0.0012, 0.0016,
        0.0008, 0.0010])//
train_examples$1600$8000.0//
train_loss$3200$0.00036756682395935056//
train_individual_losses$3200$tensor([0.0001, 0.0005, 0.0002, 0.0005, 0.0006, 0.0002, 0.0003, 0.0005, 0.0005,
        0.0007, 0.0005, 0.0002, 0.0003, 0.0002, 0.0002, 0.0005, 0.0004, 0.0004,
        0.0002, 0.0003])//
train_examples$3200$8000.0//
train_loss$4800$0.00018470418453216553//
train_individual_losses$4800$tensor([2.5504e-05, 3.5271e-04, 5.4422e-05, 2.8169e-04, 2.6357e-04, 1.1529e-04,
        2.1762e-04, 3.0056e-04, 1.8675e-04, 1.7812e-04, 1.6964e-04, 3.2425e-05,
        1.8717e-04, 1.5755e-04, 1.4448e-04, 2.4969e-04, 2.5381e-04, 2.0448e-04,
        1.2465e-04, 1.9396e-04])//
train_examples$4800$8000.0//
train_loss$6400$0.00010709863901138306//
train_individual_losses$6400$tensor([5.9761e-06, 2.4121e-04, 2.0577e-05, 1.6356e-04, 1.6055e-04, 6.7761e-05,
        1.1928e-04, 7.4314e-05, 1.6299e-04, 6.8087e-05, 1.0841e-04, 3.6461e-06,
        5.2600e-05, 1.2654e-04, 9.0875e-05, 1.4520e-04, 1.6401e-04, 1.2891e-04,
        1.0720e-04, 1.3029e-04])//
train_examples$6400$8000.0//
train_loss$8000$6.460884809494018e-05//
train_individual_losses$8000$tensor([8.5255e-07, 1.5376e-04, 4.2542e-06, 1.1387e-05, 1.5190e-04, 4.0185e-05,
        8.8195e-05, 2.4159e-07, 1.5313e-04, 2.8476e-05, 3.3577e-05, 3.4995e-07,
        1.5915e-05, 7.8068e-05, 5.1604e-05, 9.4051e-05, 1.0398e-04, 9.2319e-05,
        9.7112e-05, 9.2813e-05])//
train_examples$8000$8000.0//
train_loss$9600$4.031256139278412e-05//
train_individual_losses$9600$tensor([1.5978e-08, 1.4972e-04, 1.5247e-07, 1.1652e-07, 1.5528e-04, 1.9527e-06,
        3.9423e-05, 1.7966e-08, 1.5195e-04, 5.8576e-07, 4.7603e-07, 7.1831e-09,
        2.7325e-07, 4.1649e-06, 3.2094e-06, 7.2985e-05, 4.3362e-06, 7.2063e-05,
        8.8404e-05, 6.1123e-05])//
train_examples$9600$8000.0//
train_loss$11200$2.3629425466060638e-05//
train_individual_losses$11200$tensor([5.1079e-10, 1.4969e-04, 2.0985e-09, 5.5534e-09, 1.5277e-04, 2.2947e-09,
        7.2588e-08, 6.8197e-10, 1.5080e-04, 2.9235e-09, 8.4922e-10, 4.0421e-10,
        3.5419e-10, 4.0321e-08, 3.1565e-09, 6.8879e-07, 3.0318e-09, 8.5610e-07,
        1.7526e-05, 1.2786e-07])//
train_examples$11200$8000.0//
train_loss$12800$2.287471443414688e-05//
train_individual_losses$12800$tensor([7.4985e-08, 1.5248e-04, 5.5464e-09, 6.5779e-09, 1.5100e-04, 2.3422e-09,
        1.0553e-10, 3.1031e-10, 1.5361e-04, 2.5908e-09, 3.4079e-09, 2.9918e-07,
        5.4831e-11, 7.6775e-09, 3.3207e-10, 1.7283e-10, 2.7397e-10, 4.6632e-10,
        1.0021e-09, 5.3911e-10])//
train_examples$12800$8000.0//
train_loss$14400$2.3615097999572755e-05//
train_individual_losses$14400$tensor([6.3054e-07, 1.5044e-04, 2.0982e-10, 2.2973e-09, 1.5959e-04, 2.3613e-06,
        1.0101e-10, 2.8661e-09, 1.5807e-04, 3.0195e-09, 1.1316e-06, 3.0382e-11,
        1.5472e-11, 6.0884e-08, 5.9598e-11, 4.2133e-11, 1.4009e-10, 7.6649e-09,
        3.4526e-11, 1.8069e-09])//
train_examples$14400$8000.0//
train_loss$16000$2.3059986531734468e-05//
train_individual_losses$16000$tensor([1.3251e-08, 1.5051e-04, 7.2825e-08, 1.8576e-08, 1.5676e-04, 3.2412e-11,
        7.4769e-12, 9.8509e-08, 1.5350e-04, 2.5778e-10, 1.8823e-10, 6.4257e-09,
        6.9761e-12, 1.4614e-07, 1.8741e-11, 4.8241e-08, 1.0138e-11, 5.1165e-11,
        8.3434e-09, 1.2115e-08])//
train_examples$16000$8000.0//
train_loss$17600$2.2839438915252687e-05//
train_individual_losses$17600$tensor([5.6819e-09, 1.5019e-04, 5.1273e-06, 1.5241e-09, 1.5000e-04, 2.7183e-08,
        6.7421e-09, 4.6374e-09, 1.4977e-04, 7.5356e-11, 5.7040e-10, 2.5602e-07,
        4.5325e-13, 1.4029e-06, 8.7431e-12, 8.5678e-10, 2.5547e-10, 4.0421e-11,
        1.7983e-11, 9.6345e-12])//
train_examples$17600$8000.0//
train_loss$19200$2.2897493839263917e-05//
train_individual_losses$19200$tensor([3.9973e-12, 1.5170e-04, 5.5359e-11, 3.9855e-11, 1.5504e-04, 5.5492e-11,
        1.9163e-08, 3.0343e-07, 1.5049e-04, 2.1815e-11, 2.3940e-09, 4.7032e-11,
        4.8471e-09, 3.6678e-08, 5.0216e-08, 5.4698e-08, 2.4706e-07, 3.4232e-09,
        1.0983e-11, 8.1376e-12])//
train_examples$19200$8000.0//
train_loss$20800$2.3557424545288086e-05//
train_individual_losses$20800$tensor([8.9880e-10, 1.5458e-04, 4.2225e-09, 1.6175e-08, 1.5461e-04, 6.8894e-09,
        1.3484e-07, 2.3516e-08, 1.5808e-04, 1.2450e-07, 3.0496e-11, 2.3989e-08,
        9.9738e-07, 2.4781e-08, 2.4865e-06, 1.7418e-11, 3.1223e-08, 1.7019e-10,
        4.9169e-12, 1.1499e-10])//
train_examples$20800$8000.0//
train_loss$22400$2.3026564717292784e-05//
train_individual_losses$22400$tensor([1.4672e-12, 1.5096e-04, 8.9974e-10, 3.0271e-11, 1.5734e-04, 6.2028e-11,
        3.2193e-11, 1.4633e-10, 1.5171e-04, 3.0690e-09, 1.3663e-10, 4.8291e-08,
        1.1751e-07, 2.9791e-09, 1.5428e-07, 6.7246e-08, 1.4240e-10, 2.0022e-08,
        1.0130e-11, 1.0927e-07])//
train_examples$22400$8000.0//
train_loss$24000$2.3739834129810332e-05//
train_individual_losses$24000$tensor([7.9066e-08, 1.5873e-04, 5.4303e-09, 1.0069e-09, 1.5551e-04, 2.6785e-09,
        3.7486e-08, 2.3632e-08, 1.5997e-04, 2.1768e-10, 1.0113e-07, 3.3485e-10,
        2.2585e-11, 8.5225e-08, 1.0691e-10, 2.4696e-07, 5.9906e-10, 1.7406e-11,
        2.4715e-11, 5.1593e-12])//
train_examples$24000$8000.0//
train_loss$25600$2.341257780790329e-05//
train_individual_losses$25600$tensor([4.2710e-13, 1.5396e-04, 1.2483e-06, 1.4906e-09, 1.5781e-04, 3.0336e-11,
        1.2611e-12, 4.9264e-07, 1.5465e-04, 8.8584e-11, 5.9525e-08, 3.3690e-09,
        1.1788e-12, 1.6453e-09, 2.2190e-11, 5.8885e-11, 2.2092e-08, 2.8731e-10,
        6.0873e-12, 3.9232e-11])//
train_examples$25600$8000.0//
train_loss$27200$2.3532576858997345e-05//
train_individual_losses$27200$tensor([1.0387e-07, 1.5621e-04, 2.6138e-10, 1.5119e-07, 1.5808e-04, 2.1542e-11,
        3.7279e-09, 2.7459e-12, 1.5573e-04, 2.0123e-10, 4.8903e-11, 4.1845e-11,
        3.6409e-12, 8.3901e-11, 1.0683e-07, 1.0203e-07, 1.5773e-07, 1.3836e-08,
        3.8128e-11, 1.2231e-10])//
train_examples$27200$8000.0//
train_loss$28800$2.278701514005661e-05//
train_individual_losses$28800$tensor([1.7879e-10, 1.5047e-04, 1.6525e-11, 5.2497e-11, 1.5398e-04, 3.6734e-11,
        2.2954e-11, 3.0477e-09, 1.5046e-04, 6.0557e-07, 4.8557e-11, 1.8898e-07,
        7.3825e-13, 4.3692e-11, 1.1225e-08, 8.8657e-12, 1.4989e-08, 2.3996e-10,
        2.8091e-11, 3.1575e-11])//
train_examples$28800$8000.0//
train_loss$30400$2.37857386469841e-05//
train_individual_losses$30400$tensor([2.8387e-11, 1.6486e-04, 4.9216e-09, 7.5469e-09, 1.5526e-04, 3.4641e-11,
        4.3211e-09, 1.4408e-09, 1.5460e-04, 1.1136e-11, 1.0895e-07, 3.8975e-09,
        7.6626e-08, 1.6139e-08, 2.0734e-11, 1.4289e-07, 5.8816e-07, 1.2580e-08,
        2.9464e-08, 3.9726e-09])//
train_examples$30400$8000.0//
train_loss$32000$2.376500517129898e-05//
train_individual_losses$32000$tensor([1.6734e-12, 1.5145e-04, 5.2796e-10, 9.3467e-11, 1.5048e-04, 2.4906e-11,
        2.1351e-12, 2.2491e-07, 1.5217e-04, 1.6087e-10, 3.4245e-06, 1.7410e-05,
        2.5618e-09, 1.0486e-08, 4.2929e-08, 8.8961e-12, 1.1039e-10, 1.9676e-08,
        5.6602e-08, 1.2818e-09])//
train_examples$32000$8000.0//
train_loss$33600$2.324722856283188e-05//
train_individual_losses$33600$tensor([6.9801e-12, 1.5373e-04, 1.0753e-06, 1.1009e-10, 1.5629e-04, 3.2866e-07,
        2.3278e-07, 1.2743e-10, 1.5176e-04, 6.2007e-08, 2.0375e-08, 6.4123e-07,
        3.1124e-07, 2.4479e-07, 1.3341e-11, 1.0147e-08, 2.3409e-07, 3.7687e-11,
        4.3247e-10, 1.7550e-11])//
train_examples$33600$8000.0//
train_loss$35200$2.2633537650108338e-05//
train_individual_losses$35200$tensor([8.1695e-09, 1.5130e-04, 7.8845e-09, 1.0146e-10, 1.5013e-04, 1.5011e-07,
        7.7582e-11, 2.5022e-08, 1.4952e-04, 1.1289e-07, 4.8458e-08, 1.1384e-10,
        2.0937e-09, 3.7322e-10, 8.4825e-10, 1.9706e-10, 5.2733e-10, 5.6318e-09,
        2.3510e-08, 1.3209e-06])//
train_examples$35200$8000.0//
train_loss$36800$2.301974445581436e-05//
train_individual_losses$36800$tensor([2.8053e-11, 1.5041e-04, 1.1519e-07, 1.1748e-10, 1.5381e-04, 1.0413e-08,
        6.8429e-13, 2.9773e-07, 1.5562e-04, 4.3257e-11, 2.6645e-10, 2.6383e-11,
        2.0165e-08, 5.5526e-11, 1.1997e-10, 1.0395e-07, 8.4825e-11, 3.8501e-09,
        5.2547e-12, 1.0452e-10])//
train_examples$36800$8000.0//
train_loss$38400$2.335677444934845e-05//
train_individual_losses$38400$tensor([3.5578e-12, 1.5667e-04, 3.4769e-09, 2.3870e-07, 1.5136e-04, 1.6784e-10,
        1.3497e-11, 7.6411e-08, 1.5267e-04, 5.5797e-09, 5.7136e-07, 4.0773e-06,
        3.2003e-11, 1.1990e-08, 1.8187e-11, 7.7044e-11, 5.8543e-09, 1.3062e-06,
        1.2937e-07, 2.0913e-09])//
train_examples$38400$8000.0//
train_loss$40000$2.2932051122188568e-05//
train_individual_losses$40000$tensor([1.2381e-08, 1.5236e-04, 3.9148e-08, 3.9353e-09, 1.5303e-04, 9.7840e-10,
        4.0595e-11, 1.0015e-07, 1.5149e-04, 5.8386e-07, 8.0808e-07, 4.1605e-11,
        2.2491e-09, 1.5486e-07, 4.5647e-09, 5.5226e-11, 5.6609e-10, 7.2520e-11,
        7.3584e-10, 4.6327e-08])//
train_examples$40000$8000.0//
train_loss$41600$2.2546495497226715e-05//
train_individual_losses$41600$tensor([5.6304e-10, 1.4974e-04, 1.0064e-10, 4.7239e-08, 1.4986e-04, 2.1224e-11,
        8.8180e-11, 4.0938e-08, 1.5059e-04, 2.0347e-10, 7.2193e-10, 2.4545e-11,
        7.6666e-08, 2.6212e-10, 2.6429e-07, 2.2997e-11, 1.0602e-10, 3.9367e-08,
        7.7155e-08, 1.9388e-07])//
train_examples$41600$8000.0//
train_loss$43200$2.2667911648750304e-05//
train_individual_losses$43200$tensor([1.6740e-08, 1.5005e-04, 5.0550e-07, 7.5811e-10, 1.5050e-04, 6.4169e-10,
        1.1439e-11, 3.9123e-09, 1.5057e-04, 8.5292e-09, 1.4084e-07, 4.6206e-09,
        2.5727e-08, 4.9578e-09, 7.5835e-12, 7.3739e-07, 4.7891e-08, 2.4910e-08,
        7.1569e-07, 7.7590e-12])//
train_examples$43200$8000.0//
train_loss$44800$2.2649534046649933e-05//
train_individual_losses$44800$tensor([7.7128e-12, 1.5074e-04, 5.6119e-10, 2.2259e-07, 1.5055e-04, 1.6904e-09,
        8.1260e-11, 2.5435e-12, 1.5027e-04, 3.8090e-09, 1.2634e-07, 3.9075e-09,
        3.5257e-11, 3.8448e-09, 4.1489e-07, 6.4798e-11, 2.7148e-09, 7.9142e-08,
        9.3349e-08, 4.7396e-07])//
train_examples$44800$8000.0//
train_loss$46400$2.3980444669723512e-05//
train_individual_losses$46400$tensor([4.1632e-12, 1.5795e-04, 1.8879e-10, 5.0912e-07, 1.5367e-04, 8.0104e-09,
        6.3429e-12, 3.1193e-09, 1.6702e-04, 2.9003e-07, 9.6066e-08, 8.3942e-10,
        1.3298e-11, 7.7702e-09, 5.8323e-11, 3.2406e-08, 3.8705e-10, 1.6980e-10,
        9.8298e-09, 1.7225e-08])//
train_examples$46400$8000.0//
train_loss$48000$2.25427120923996e-05//
train_individual_losses$48000$tensor([9.3309e-12, 1.4943e-04, 3.7160e-09, 2.1628e-09, 1.4966e-04, 4.1694e-10,
        7.1685e-10, 7.7812e-10, 1.5046e-04, 4.2556e-07, 1.6445e-08, 4.4315e-07,
        3.6939e-07, 7.1237e-09, 2.3919e-08, 2.8013e-10, 2.2323e-11, 1.0289e-08,
        5.3760e-10, 8.2975e-10])//
train_examples$48000$8000.0//
train_loss$49600$2.2882059216499328e-05//
train_individual_losses$49600$tensor([8.2992e-08, 1.5174e-04, 3.8243e-11, 1.8132e-09, 1.5389e-04, 6.7483e-10,
        6.4723e-08, 4.6892e-10, 1.5183e-04, 1.9440e-10, 3.8356e-11, 2.3855e-10,
        2.5994e-12, 2.6935e-11, 1.9543e-11, 1.9642e-08, 3.7078e-10, 2.0440e-10,
        6.4251e-11, 8.8434e-12])//
train_examples$49600$8000.0//
train_loss$51200$2.323191463947296e-05//
train_individual_losses$51200$tensor([2.2162e-10, 1.5019e-04, 2.0849e-07, 4.3246e-08, 1.5198e-04, 1.0090e-08,
        1.8426e-08, 7.7545e-11, 1.5091e-04, 4.6739e-08, 1.9322e-07, 2.1607e-06,
        3.8174e-07, 4.0347e-06, 2.9901e-11, 7.4331e-07, 3.6239e-11, 2.7293e-07,
        4.2226e-10, 3.4413e-06])//
train_examples$51200$8000.0//
train_loss$52800$2.3007676005363464e-05//
train_individual_losses$52800$tensor([1.1064e-07, 1.5354e-04, 1.6959e-11, 6.6238e-08, 1.5345e-04, 3.5971e-08,
        2.2284e-08, 2.0919e-09, 1.5222e-04, 5.8082e-10, 1.4170e-07, 6.4069e-09,
        1.5260e-08, 2.2572e-07, 1.2216e-07, 1.8011e-07, 1.0677e-11, 1.8204e-11,
        2.0986e-08, 4.0664e-10])//
train_examples$52800$8000.0//
train_loss$54400$2.3210449516773224e-05//
train_individual_losses$54400$tensor([2.0805e-07, 1.5628e-04, 8.3872e-08, 3.1034e-07, 1.5228e-04, 1.1120e-10,
        1.8018e-09, 2.0900e-11, 1.5333e-04, 1.6651e-11, 3.3936e-08, 3.0576e-08,
        4.8820e-07, 1.0476e-10, 7.4844e-12, 1.6980e-07, 3.3477e-08, 5.7152e-08,
        1.0108e-07, 8.0088e-07])//
train_examples$54400$8000.0//
train_loss$56000$2.3854577541351317e-05//
train_individual_losses$56000$tensor([1.4465e-07, 1.5344e-04, 5.9010e-08, 3.3181e-11, 1.6244e-04, 1.3140e-07,
        2.6749e-09, 9.6888e-11, 1.5228e-04, 1.6561e-08, 1.7567e-08, 3.1089e-09,
        9.5576e-10, 1.6689e-08, 2.1561e-10, 2.1363e-08, 1.3465e-11, 8.4033e-06,
        2.2792e-09, 1.0925e-07])//
train_examples$56000$8000.0//
train_loss$57600$2.2780489921569824e-05//
train_individual_losses$57600$tensor([1.9927e-08, 1.5081e-04, 4.9669e-10, 1.0121e-06, 1.5061e-04, 6.8050e-10,
        4.2202e-07, 9.1300e-09, 1.5248e-04, 1.1482e-08, 4.7973e-11, 2.0843e-11,
        1.8210e-09, 1.1743e-07, 6.5088e-12, 6.1606e-09, 8.2059e-10, 6.5775e-11,
        1.4344e-08, 8.6592e-08])//
train_examples$57600$8000.0//
train_loss$59200$2.2619551420211794e-05//
train_individual_losses$59200$tensor([6.1341e-07, 1.5004e-04, 7.3240e-08, 9.2356e-11, 1.4959e-04, 1.1480e-10,
        1.5348e-12, 8.5636e-12, 1.5005e-04, 9.2301e-09, 5.1342e-08, 1.1409e-09,
        7.0830e-08, 1.2108e-09, 1.2215e-07, 3.6456e-08, 1.2943e-07, 1.6086e-06,
        6.6909e-12, 6.9195e-11])//
train_examples$59200$8000.0//
train_loss$60800$2.3342302441596985e-05//
train_individual_losses$60800$tensor([7.8610e-09, 1.5741e-04, 4.0904e-12, 1.6580e-08, 1.5243e-04, 1.4427e-10,
        1.2440e-07, 1.7461e-06, 1.5432e-04, 1.2916e-11, 1.9155e-07, 2.8289e-07,
        3.7981e-08, 4.3136e-08, 1.1447e-11, 2.1618e-07, 9.0374e-10, 2.7728e-10,
        7.7975e-12, 1.0106e-08])//
train_examples$60800$8000.0//
train_loss$62400$2.2716233134269716e-05//
train_individual_losses$62400$tensor([4.4657e-08, 1.5014e-04, 2.8361e-12, 2.5666e-08, 1.4979e-04, 3.1917e-08,
        1.4866e-12, 1.5481e-09, 1.4999e-04, 2.8221e-10, 1.3687e-08, 3.6170e-11,
        7.9230e-12, 6.0053e-07, 2.1652e-08, 8.4091e-10, 2.2038e-06, 1.0212e-07,
        4.5124e-11, 1.3600e-06])//
train_examples$62400$8000.0//
train_loss$64000$2.28659987449646e-05//
train_individual_losses$64000$tensor([6.9251e-08, 1.5248e-04, 1.6268e-11, 4.5770e-09, 1.5370e-04, 7.0923e-08,
        1.0792e-08, 5.1412e-08, 1.5046e-04, 1.2594e-09, 3.0073e-09, 3.7642e-10,
        3.6778e-08, 1.1649e-10, 3.7580e-11, 5.8838e-08, 3.4651e-07, 1.6703e-08,
        4.0047e-09, 3.0501e-11])//
train_examples$64000$8000.0//
train_loss$65600$2.3698151111602783e-05//
train_individual_losses$65600$tensor([9.3439e-09, 1.5448e-04, 1.0816e-09, 7.3423e-08, 1.5777e-04, 2.3351e-09,
        3.4100e-09, 1.9943e-11, 1.6087e-04, 1.6003e-09, 1.3460e-09, 1.2144e-08,
        2.4716e-10, 7.4446e-09, 4.0391e-09, 2.6598e-11, 6.3912e-07, 5.3892e-09,
        8.3144e-08, 1.4397e-10])//
train_examples$65600$8000.0//
train_loss$67200$2.2939154505729674e-05//
train_individual_losses$67200$tensor([2.3647e-11, 1.5597e-04, 6.8790e-08, 5.2537e-09, 1.5024e-04, 7.1809e-08,
        1.2987e-09, 1.5450e-11, 1.5155e-04, 2.8735e-10, 1.9592e-07, 2.6098e-11,
        5.3868e-10, 3.0873e-09, 4.5583e-07, 1.1181e-09, 5.1429e-11, 2.9535e-11,
        2.7713e-10, 2.1075e-07])//
train_examples$67200$8000.0//
train_loss$68800$2.3167280852794648e-05//
train_individual_losses$68800$tensor([7.3378e-13, 1.5588e-04, 1.9041e-11, 3.2179e-07, 1.4949e-04, 4.0040e-11,
        3.0221e-09, 2.4897e-08, 1.5734e-04, 3.1550e-10, 1.2222e-09, 4.9615e-11,
        9.6897e-09, 2.4312e-07, 1.1791e-11, 7.0719e-10, 1.8288e-10, 3.4906e-08,
        3.1423e-11, 4.4026e-12])//
train_examples$68800$8000.0//
train_loss$70400$2.2823366522789002e-05//
train_individual_losses$70400$tensor([7.2297e-07, 1.5178e-04, 6.5813e-12, 2.4259e-06, 1.5039e-04, 1.9345e-11,
        6.2764e-13, 3.0394e-09, 1.5071e-04, 2.6476e-07, 6.1482e-11, 2.8514e-11,
        2.8004e-08, 2.1102e-09, 1.3712e-10, 9.6829e-08, 9.2593e-11, 9.5930e-11,
        3.4284e-12, 3.8294e-08])//
train_examples$70400$8000.0//
train_loss$72000$2.2986659407615662e-05//
train_individual_losses$72000$tensor([7.0860e-08, 1.5225e-04, 8.6601e-07, 2.0577e-08, 1.5390e-04, 5.5274e-09,
        3.1765e-07, 4.9126e-11, 1.5197e-04, 7.0565e-11, 4.2852e-08, 2.5757e-07,
        1.0133e-08, 1.5262e-10, 2.4529e-10, 2.4468e-08, 2.8181e-11, 4.0430e-11,
        1.7428e-12, 1.8972e-10])//
train_examples$72000$8000.0//
train_loss$73600$2.3953503370285036e-05//
train_individual_losses$73600$tensor([3.4915e-11, 1.5855e-04, 9.0904e-08, 3.6328e-09, 1.5439e-04, 7.7141e-07,
        6.2248e-12, 4.7847e-06, 1.5383e-04, 2.2574e-06, 1.4929e-10, 2.3693e-11,
        8.7485e-12, 7.8698e-08, 1.5016e-06, 1.1820e-07, 5.6267e-10, 8.7353e-07,
        2.8209e-07, 1.5413e-06])//
train_examples$73600$8000.0//
train_loss$75200$2.2662900388240814e-05//
train_individual_losses$75200$tensor([6.2272e-13, 1.5118e-04, 4.4223e-08, 1.1816e-08, 1.5027e-04, 4.0305e-11,
        1.5522e-11, 9.5579e-09, 1.5142e-04, 7.5100e-10, 3.7282e-09, 5.3710e-10,
        6.6791e-13, 3.0100e-07, 3.4088e-09, 8.1484e-09, 3.1034e-10, 8.5123e-11,
        1.0264e-11, 8.1666e-09])//
train_examples$75200$8000.0//
train_loss$76800$2.287866026163101e-05//
train_individual_losses$76800$tensor([1.7895e-07, 1.5023e-04, 1.0638e-06, 4.6314e-07, 1.5055e-04, 4.3274e-11,
        8.5094e-12, 7.6833e-07, 1.5014e-04, 2.2595e-11, 4.2832e-08, 1.0544e-06,
        4.0415e-09, 3.0379e-06, 8.3635e-11, 1.3911e-08, 7.7926e-11, 5.3780e-11,
        3.8581e-12, 3.3892e-08])//
train_examples$76800$8000.0//
train_loss$78400$2.3264890909194948e-05//
train_individual_losses$78400$tensor([4.2213e-12, 1.5306e-04, 1.0830e-08, 2.1760e-10, 1.5594e-04, 8.4135e-09,
        5.9402e-13, 7.6842e-07, 1.5532e-04, 1.1641e-11, 8.8379e-11, 3.5519e-11,
        4.0058e-11, 9.7525e-09, 4.2105e-08, 3.2222e-10, 1.8082e-11, 3.4801e-08,
        9.3438e-08, 1.5838e-09])//
train_examples$78400$8000.0//
train_loss$80000$2.2741836309432982e-05//
train_individual_losses$80000$tensor([3.2239e-08, 1.5073e-04, 6.2810e-11, 5.9041e-08, 1.5168e-04, 4.6600e-11,
        1.5058e-11, 7.6181e-07, 1.5074e-04, 8.0329e-11, 8.7577e-08, 5.3109e-11,
        2.9252e-09, 4.5789e-07, 2.7826e-08, 1.6434e-08, 2.3661e-07, 3.6615e-11,
        1.9807e-10, 9.2915e-11])//
train_examples$80000$8000.0//
train_loss$81600$2.289862632751465e-05//
train_individual_losses$81600$tensor([3.5994e-11, 1.5107e-04, 7.7338e-08, 2.7987e-11, 1.5207e-04, 9.9648e-08,
        7.1745e-11, 1.0484e-06, 1.5102e-04, 1.3816e-06, 3.6984e-07, 1.3099e-09,
        2.1164e-10, 4.8894e-10, 3.7406e-08, 3.8191e-09, 6.6365e-07, 9.9652e-09,
        1.0899e-11, 1.1472e-07])//
train_examples$81600$8000.0//
train_loss$83200$2.299129068851471e-05//
train_individual_losses$83200$tensor([1.7159e-10, 1.5065e-04, 8.4367e-09, 2.6210e-07, 1.5481e-04, 9.9594e-08,
        3.2785e-12, 6.7728e-09, 1.5373e-04, 1.7070e-07, 1.9035e-08, 8.5320e-10,
        2.5039e-11, 4.0317e-11, 2.6752e-08, 2.0838e-11, 3.6563e-08, 1.8426e-10,
        9.3201e-10, 6.6239e-09])//
train_examples$83200$8000.0//
train_loss$84800$1.525925099849701e-05//
train_individual_losses$84800$tensor([9.7034e-09, 1.5235e-04, 2.1530e-11, 1.7207e-08, 1.5180e-04, 2.8744e-07,
        4.0542e-12, 4.0911e-11, 7.0397e-09, 2.8880e-10, 5.8174e-10, 3.0267e-07,
        5.1468e-10, 5.1408e-11, 2.5640e-07, 8.5865e-10, 3.4089e-08, 1.1180e-07,
        1.9231e-09, 5.9261e-11])//
train_examples$84800$8000.0//
train_loss$86400$1.5374597907066345e-05//
train_individual_losses$86400$tensor([6.2283e-08, 1.5324e-04, 5.1223e-11, 6.4372e-07, 1.5099e-04, 5.0838e-08,
        8.6559e-11, 3.6206e-07, 2.8812e-10, 3.4143e-10, 3.7958e-09, 4.0584e-07,
        2.4945e-10, 4.2427e-07, 4.2310e-08, 6.8204e-12, 2.3848e-11, 1.2660e-06,
        1.0516e-09, 1.1930e-10])//
train_examples$86400$8000.0//
train_loss$88000$1.5342947840690612e-05//
train_individual_losses$88000$tensor([4.3707e-09, 1.5079e-04, 1.9675e-11, 9.0858e-11, 1.5233e-04, 5.7932e-10,
        1.9657e-09, 6.3180e-08, 1.8562e-10, 4.9185e-11, 2.1577e-08, 7.6573e-08,
        2.9757e-06, 5.5887e-09, 1.1802e-11, 3.1116e-08, 1.9167e-08, 8.7153e-10,
        1.5660e-08, 5.1716e-07])//
train_examples$88000$8000.0//
train_loss$89600$1.5456713736057282e-05//
train_individual_losses$89600$tensor([8.6263e-12, 1.5171e-04, 1.3318e-07, 4.8766e-11, 1.5536e-04, 5.7433e-11,
        4.3151e-07, 1.0557e-09, 2.9861e-07, 3.2996e-09, 2.3409e-08, 6.0634e-07,
        1.3972e-08, 2.6980e-10, 1.0454e-09, 1.3070e-11, 5.5385e-07, 5.4884e-11,
        1.1068e-11, 1.5174e-11])//
train_examples$89600$8000.0//
train_loss$91200$1.5074704587459564e-05//
train_individual_losses$91200$tensor([6.1398e-12, 1.4947e-04, 9.4271e-11, 7.1460e-11, 1.5118e-04, 8.4409e-10,
        7.3901e-08, 1.5080e-11, 1.4130e-10, 7.2325e-11, 4.1957e-07, 3.4875e-10,
        2.2968e-11, 3.9214e-09, 1.7719e-11, 1.1979e-07, 1.4453e-09, 2.2492e-07,
        9.0198e-10, 8.5479e-11])//
train_examples$91200$8000.0//
train_loss$92800$1.5231084823608399e-05//
train_individual_losses$92800$tensor([1.0397e-12, 1.5171e-04, 3.8900e-09, 1.9624e-09, 1.5181e-04, 2.1620e-11,
        4.2332e-07, 2.5756e-08, 5.3784e-10, 1.6910e-09, 3.3929e-11, 7.8084e-08,
        3.9538e-07, 1.7593e-08, 3.0434e-08, 1.1519e-07, 1.0022e-10, 3.5201e-11,
        1.4382e-09, 4.2012e-11])//
train_examples$92800$8000.0//
train_loss$94400$1.5221400558948517e-05//
train_individual_losses$94400$tensor([6.3871e-09, 1.5101e-04, 1.5065e-10, 6.5913e-08, 1.5164e-04, 5.5351e-09,
        2.2724e-11, 1.5418e-10, 2.1620e-10, 1.0172e-11, 5.4294e-07, 1.0845e-09,
        6.5761e-10, 1.1424e-06, 5.0108e-10, 5.6159e-10, 1.2265e-08, 2.0388e-11,
        2.8902e-12, 4.8710e-11])//
train_examples$94400$8000.0//
train_loss$96000$1.4960189163684846e-05//
train_individual_losses$96000$tensor([1.8825e-12, 1.4939e-04, 8.6291e-11, 2.2904e-11, 1.4944e-04, 4.4924e-10,
        1.3670e-09, 7.5388e-09, 1.2983e-09, 7.1532e-11, 1.2097e-07, 2.5852e-09,
        4.5330e-10, 5.3404e-11, 1.4979e-11, 1.1427e-11, 3.1192e-09, 2.7771e-08,
        8.9695e-09, 1.9978e-07])//
train_examples$96000$8000.0//
train_loss$97600$1.5381859242916107e-05//
train_individual_losses$97600$tensor([3.3116e-08, 1.5235e-04, 1.0626e-11, 1.4482e-07, 1.5249e-04, 1.3701e-08,
        5.1441e-10, 5.4355e-12, 1.0413e-11, 1.0952e-07, 5.7336e-08, 2.6391e-10,
        2.3154e-07, 1.3628e-07, 8.7401e-09, 2.4658e-10, 5.6445e-10, 1.4556e-06,
        1.7685e-07, 4.2861e-07])//
train_examples$97600$8000.0//
train_loss$99200$1.523054987192154e-05//
train_individual_losses$99200$tensor([7.9665e-09, 1.5222e-04, 4.0106e-09, 8.4580e-10, 1.5125e-04, 1.4550e-11,
        1.9342e-11, 6.4407e-12, 9.6938e-12, 8.6294e-07, 3.3246e-08, 1.1494e-10,
        5.5058e-08, 1.3445e-09, 1.7617e-11, 7.8728e-08, 1.2373e-11, 1.0274e-07,
        1.8985e-10, 6.8403e-12])//
train_examples$99200$8000.0//
train_loss$100800$1.54742494225502e-05//
train_individual_losses$100800$tensor([1.7757e-10, 1.5342e-04, 9.0116e-08, 4.9223e-11, 1.5407e-04, 1.1917e-06,
        1.6583e-10, 1.4330e-11, 2.5541e-11, 5.1583e-07, 7.9990e-09, 3.5579e-08,
        1.2387e-12, 8.4617e-11, 3.7466e-09, 1.3517e-10, 1.0936e-07, 2.1830e-08,
        9.9741e-11, 2.0362e-08])//
train_examples$100800$8000.0//
train_loss$102400$1.569674760103226e-05//
train_individual_losses$102400$tensor([5.8734e-08, 1.5110e-04, 6.1252e-08, 9.8847e-09, 1.5893e-04, 6.8679e-08,
        9.9769e-09, 4.0993e-09, 1.4297e-07, 8.8622e-08, 1.8073e-11, 1.5811e-09,
        6.2389e-09, 4.9655e-08, 9.7837e-08, 5.2643e-09, 1.9673e-10, 3.2834e-06,
        9.2149e-09, 2.7022e-09])//
train_examples$102400$8000.0//
train_loss$104000$1.5373650193214417e-05//
train_individual_losses$104000$tensor([1.2978e-06, 1.5175e-04, 9.7172e-08, 2.2721e-11, 1.5046e-04, 2.7137e-11,
        3.2164e-06, 3.5451e-09, 2.1206e-11, 2.8239e-10, 4.6493e-07, 7.3036e-11,
        1.1849e-10, 3.0122e-10, 1.9642e-11, 1.0812e-07, 6.7805e-08, 2.0260e-11,
        9.3140e-09, 3.4306e-11])//
train_examples$104000$8000.0//
train_loss$105600$1.554170101881027e-05//
train_individual_losses$105600$tensor([1.1284e-10, 1.5589e-04, 1.2977e-07, 1.9760e-10, 1.5041e-04, 6.6419e-11,
        7.3611e-08, 1.4284e-06, 9.5029e-10, 1.4389e-11, 2.7719e-08, 1.3836e-06,
        1.3641e-08, 3.6327e-09, 2.0936e-10, 2.9167e-09, 2.7773e-09, 1.6607e-08,
        4.6752e-07, 9.8253e-07])//
train_examples$105600$8000.0//
train_loss$107200$1.508220136165619e-05//
train_individual_losses$107200$tensor([7.7104e-11, 1.4966e-04, 4.0212e-08, 1.3279e-09, 1.4968e-04, 3.1348e-07,
        3.4493e-09, 2.0183e-11, 2.3731e-07, 5.4248e-11, 4.7434e-07, 9.5456e-08,
        1.5495e-07, 1.4322e-07, 1.1499e-09, 1.9411e-09, 7.6127e-09, 7.3931e-07,
        8.4132e-08, 8.7804e-10])//
train_examples$107200$8000.0//
train_loss$108800$1.5287135541439056e-05//
train_individual_losses$108800$tensor([9.7059e-13, 1.5087e-04, 1.3655e-07, 4.0550e-10, 1.5294e-04, 4.8009e-10,
        1.4656e-07, 4.4289e-11, 3.2201e-10, 1.8764e-11, 7.6512e-09, 3.8699e-07,
        2.0205e-08, 4.2340e-11, 5.1341e-08, 1.3334e-08, 7.8062e-07, 3.7708e-07,
        3.8048e-10, 6.3753e-09])//
train_examples$108800$8000.0//
train_loss$110400$1.5786613523960115e-05//
train_individual_losses$110400$tensor([1.6175e-10, 1.6269e-04, 8.1554e-09, 9.3941e-07, 1.5195e-04, 4.2932e-11,
        3.2070e-12, 5.7670e-11, 5.6830e-08, 1.5409e-11, 9.9168e-10, 2.5786e-11,
        1.3928e-12, 8.0761e-11, 8.0375e-08, 5.1533e-09, 4.7236e-11, 2.5979e-10,
        3.7603e-12, 2.0957e-09])//
train_examples$110400$8000.0//
train_loss$112000$1.5551145374774932e-05//
train_individual_losses$112000$tensor([3.1968e-12, 1.5212e-04, 5.4682e-06, 2.6902e-10, 1.5070e-04, 8.6413e-07,
        1.5118e-08, 2.0782e-11, 4.2148e-11, 1.6965e-10, 9.2228e-07, 4.8175e-10,
        3.1153e-10, 8.9369e-10, 1.1862e-07, 6.3077e-07, 8.6477e-08, 1.0271e-09,
        9.4811e-08, 1.4831e-09])//
train_examples$112000$8000.0//
train_loss$113600$1.5820205211639403e-05//
train_individual_losses$113600$tensor([9.5441e-09, 1.6129e-04, 4.8906e-09, 1.0447e-10, 1.5037e-04, 1.0700e-07,
        2.5793e-09, 5.6483e-07, 7.9136e-10, 2.4445e-10, 8.6563e-07, 2.0523e-08,
        1.0203e-06, 6.1395e-11, 2.4082e-10, 2.3195e-08, 3.2731e-07, 1.1320e-09,
        1.7917e-06, 3.8789e-11])//
train_examples$113600$8000.0//
train_loss$115200$1.529127359390259e-05//
train_individual_losses$115200$tensor([1.1291e-12, 1.5369e-04, 9.5512e-07, 4.8530e-11, 1.5085e-04, 3.6653e-11,
        8.7863e-11, 2.8925e-11, 1.8981e-07, 1.8973e-11, 4.9469e-08, 1.7615e-09,
        1.9191e-12, 8.0062e-11, 2.0391e-08, 8.3677e-12, 2.8815e-11, 6.5300e-08,
        4.9259e-10, 1.7943e-09])//
train_examples$115200$8000.0//
train_loss$116800$1.5062785148620606e-05//
train_individual_losses$116800$tensor([7.8328e-08, 1.4972e-04, 4.5007e-12, 2.8263e-11, 1.5041e-04, 1.0999e-07,
        1.0964e-12, 1.1616e-07, 1.6259e-11, 3.2683e-07, 4.5302e-07, 1.9944e-11,
        4.2165e-09, 4.1292e-08, 2.4426e-10, 2.9089e-11, 2.3808e-11, 1.4633e-09,
        8.2598e-12, 4.5157e-12])//
train_examples$116800$8000.0//
train_loss$118400$1.551557034254074e-05//
train_individual_losses$118400$tensor([1.4810e-08, 1.5520e-04, 2.0799e-07, 6.0684e-08, 1.5125e-04, 1.0262e-06,
        2.4303e-08, 5.4377e-07, 9.5503e-12, 4.2780e-07, 3.9569e-11, 6.9406e-07,
        7.4164e-08, 4.3971e-08, 2.3254e-11, 3.1103e-12, 1.8727e-07, 7.9616e-10,
        9.4379e-10, 5.5501e-07])//
train_examples$118400$8000.0//
train_loss$120000$1.5589416027069093e-05//
train_individual_losses$120000$tensor([4.8338e-12, 1.5437e-04, 3.0989e-12, 1.2975e-08, 1.5386e-04, 1.4184e-07,
        2.9694e-08, 9.4024e-11, 1.4124e-11, 4.2911e-10, 5.6853e-07, 2.3594e-10,
        6.0522e-09, 3.9441e-11, 1.6531e-09, 1.0688e-11, 1.7988e-09, 2.7922e-06,
        6.1482e-09, 1.6077e-09])//
train_examples$120000$8000.0//
train_loss$121600$1.5549859404563904e-05//
train_individual_losses$121600$tensor([3.7988e-09, 1.6053e-04, 1.3471e-10, 1.6022e-09, 1.4975e-04, 2.9617e-09,
        9.0732e-11, 5.8450e-10, 6.3269e-09, 3.0428e-07, 3.8412e-09, 2.7032e-07,
        3.1410e-11, 1.1180e-07, 1.0385e-11, 6.6436e-12, 1.2823e-09, 9.2356e-09,
        2.6419e-09, 3.3908e-12])//
train_examples$121600$8000.0//
train_loss$123200$1.5242953598499299e-05//
train_individual_losses$123200$tensor([5.9851e-07, 1.5019e-04, 7.7217e-09, 4.5316e-11, 1.5040e-04, 2.8925e-06,
        3.1838e-12, 1.4411e-07, 1.7325e-11, 1.1512e-07, 6.2776e-09, 2.9449e-11,
        1.5161e-07, 2.5746e-07, 2.6627e-11, 1.1425e-10, 1.5953e-10, 1.4059e-10,
        1.1468e-10, 9.1065e-08])//
train_examples$123200$8000.0//
train_loss$124800$1.5353746712207793e-05//
train_individual_losses$124800$tensor([8.3042e-12, 1.5110e-04, 4.9072e-12, 1.0616e-07, 1.5272e-04, 1.4807e-06,
        7.9093e-12, 2.1234e-08, 5.8606e-08, 7.6361e-10, 5.4122e-08, 3.3010e-11,
        3.5747e-12, 4.2348e-10, 4.2376e-10, 6.3827e-07, 8.9337e-07, 6.4466e-09,
        2.5634e-09, 3.3773e-12])//
train_examples$124800$8000.0//
train_loss$126400$1.6299667954444886e-05//
train_individual_losses$126400$tensor([1.2528e-09, 1.6334e-04, 4.1617e-08, 7.8474e-09, 1.6083e-04, 2.0396e-11,
        1.5226e-07, 2.8994e-09, 1.0690e-11, 1.3304e-09, 4.2116e-11, 1.8329e-10,
        2.2374e-10, 3.2131e-11, 6.1094e-11, 1.4725e-06, 1.8868e-10, 1.5640e-08,
        1.3197e-07, 6.7921e-12])//
train_examples$126400$8000.0//
train_loss$128000$1.5516535937786102e-05//
train_individual_losses$128000$tensor([2.3792e-08, 1.4982e-04, 8.8270e-09, 1.6525e-07, 1.5325e-04, 5.1805e-08,
        2.2629e-08, 1.4659e-07, 1.2904e-11, 1.9746e-08, 1.7963e-10, 9.4348e-10,
        1.4585e-09, 3.7095e-06, 2.4460e-09, 2.4998e-06, 2.7887e-10, 4.9717e-11,
        6.0627e-07, 1.7756e-10])//
train_examples$128000$8000.0//
train_loss$129600$1.5241903066635132e-05//
train_individual_losses$129600$tensor([6.2030e-08, 1.5211e-04, 1.1690e-11, 9.8764e-09, 1.5209e-04, 6.7496e-09,
        2.0662e-12, 5.0437e-07, 1.0899e-11, 3.6723e-08, 2.0031e-11, 4.0679e-11,
        3.2196e-10, 1.5422e-08, 6.4831e-12, 3.5785e-10, 3.6191e-10, 3.1914e-11,
        1.0078e-09, 3.3059e-10])//
train_examples$129600$8000.0//
train_loss$131200$1.577758193016052e-05//
train_individual_losses$131200$tensor([2.0650e-07, 1.5306e-04, 8.9666e-10, 4.0582e-11, 1.6152e-04, 1.8694e-08,
        1.0477e-12, 1.3993e-09, 1.9252e-09, 3.9511e-11, 1.2468e-07, 4.1618e-10,
        2.5943e-09, 1.3612e-07, 6.7219e-09, 2.3431e-11, 2.1265e-09, 8.1524e-11,
        4.7272e-07, 1.9675e-11])//
train_examples$131200$8000.0//
train_loss$132800$1.698157489299774e-05//
train_individual_losses$132800$tensor([2.8127e-11, 1.7649e-04, 4.3231e-10, 1.1702e-06, 1.5426e-04, 1.3353e-10,
        2.5923e-11, 8.0737e-11, 6.5772e-11, 1.7869e-06, 7.7362e-10, 1.7611e-06,
        6.2669e-08, 1.2422e-06, 2.9931e-08, 7.9188e-10, 5.4175e-08, 2.7699e-06,
        2.2689e-11, 1.4624e-10])//
train_examples$132800$8000.0//
train_loss$134400$1.538018435239792e-05//
train_individual_losses$134400$tensor([3.1748e-11, 1.5270e-04, 1.6921e-06, 2.8391e-07, 1.5183e-04, 5.1492e-08,
        1.7482e-11, 6.2029e-08, 1.0911e-11, 1.1701e-07, 4.2801e-09, 5.4152e-10,
        2.2693e-08, 2.3167e-11, 3.3383e-09, 2.6889e-08, 4.8982e-07, 7.0016e-08,
        1.9972e-07, 5.5370e-08])//
train_examples$134400$8000.0//
train_loss$136000$1.5440237522125244e-05//
train_individual_losses$136000$tensor([1.0420e-10, 1.5275e-04, 3.2288e-12, 2.9889e-08, 1.5574e-04, 9.4146e-08,
        4.2336e-08, 4.1847e-10, 9.2411e-09, 1.0122e-09, 1.0525e-09, 9.4761e-10,
        9.1588e-08, 1.8784e-08, 4.0495e-10, 6.0883e-09, 1.2103e-08, 7.0937e-11,
        8.2498e-09, 1.2777e-11])//
train_examples$136000$8000.0//
train_loss$137600$1.5516822040081024e-05//
train_individual_losses$137600$tensor([2.9354e-11, 1.5672e-04, 5.5135e-07, 4.2078e-10, 1.5175e-04, 5.2474e-10,
        2.6595e-11, 1.3136e-10, 7.3484e-11, 2.1557e-09, 1.5368e-07, 1.5328e-07,
        5.0291e-08, 2.9519e-07, 1.7104e-08, 1.5617e-11, 7.9766e-08, 3.6964e-08,
        5.3313e-07, 6.6094e-12])//
train_examples$137600$8000.0//
train_loss$139200$1.5778808295726775e-05//
train_individual_losses$139200$tensor([5.3170e-08, 1.5254e-04, 1.6643e-08, 3.6781e-11, 1.5644e-04, 3.3333e-06,
        4.4178e-07, 2.3376e-09, 5.0866e-10, 1.7922e-09, 7.7310e-07, 1.8807e-06,
        5.0789e-13, 4.5658e-11, 6.6122e-09, 3.2609e-12, 7.6938e-08, 4.5364e-11,
        1.4717e-10, 6.0451e-12])//
train_examples$139200$8000.0//
train_loss$140800$1.535649001598358e-05//
train_individual_losses$140800$tensor([3.7609e-07, 1.5097e-04, 4.6512e-07, 2.7337e-11, 1.5069e-04, 1.9968e-07,
        1.6914e-08, 4.4490e-08, 4.7424e-07, 2.0050e-07, 6.6256e-11, 8.1680e-09,
        1.2774e-10, 1.0573e-09, 1.9538e-11, 2.9964e-06, 7.4637e-09, 6.3181e-10,
        2.6769e-12, 6.7702e-07])//
train_examples$140800$8000.0//
train_loss$142400$1.6533763706684114e-05//
train_individual_losses$142400$tensor([2.5037e-07, 1.6465e-04, 5.2245e-07, 6.6602e-09, 1.6279e-04, 3.5592e-08,
        2.5200e-08, 8.0195e-07, 2.2284e-08, 2.4308e-09, 2.1685e-10, 9.9762e-07,
        4.1323e-12, 2.7145e-10, 6.1890e-11, 8.7632e-10, 3.8584e-08, 6.9528e-11,
        1.0818e-08, 5.1853e-07])//
train_examples$142400$8000.0//
train_loss$144000$1.5073998272418975e-05//
train_individual_losses$144000$tensor([3.9520e-07, 1.4938e-04, 2.4949e-07, 9.5761e-11, 1.5051e-04, 2.7605e-07,
        2.3771e-07, 2.4809e-11, 5.5094e-08, 2.3904e-11, 3.5421e-10, 2.3522e-10,
        2.8364e-10, 1.1134e-10, 8.9635e-12, 2.1787e-11, 3.5567e-07, 7.8699e-11,
        1.2359e-08, 7.1374e-09])//
train_examples$144000$8000.0//
train_loss$145600$1.598072499036789e-05//
train_individual_losses$145600$tensor([1.1370e-09, 1.5411e-04, 1.0686e-07, 7.7160e-11, 1.5792e-04, 6.0663e-09,
        3.2667e-09, 1.8789e-08, 4.4072e-07, 1.6278e-09, 7.1996e-07, 5.9850e-06,
        3.1008e-08, 2.1668e-09, 1.7279e-11, 1.9988e-08, 1.2264e-10, 2.3496e-09,
        7.4869e-12, 2.5278e-07])//
train_examples$145600$8000.0//
train_loss$147200$1.5396368503570557e-05//
train_individual_losses$147200$tensor([1.9119e-12, 1.5275e-04, 2.7404e-10, 3.9033e-10, 1.5300e-04, 3.1995e-07,
        1.1708e-11, 3.6342e-12, 1.1883e-11, 1.2312e-10, 1.6003e-10, 1.9779e-09,
        2.6212e-13, 4.4864e-11, 1.9671e-08, 4.9338e-12, 2.1740e-11, 1.6844e-06,
        1.5329e-07, 1.2215e-10])//
train_examples$147200$8000.0//
train_loss$148800$1.646101623773575e-05//
train_individual_losses$148800$tensor([4.1611e-06, 1.5276e-04, 4.1821e-11, 9.5423e-09, 1.6643e-04, 1.9338e-11,
        7.4786e-12, 3.3896e-10, 1.9778e-07, 1.6157e-11, 2.0988e-08, 4.0755e-07,
        1.1706e-06, 3.2678e-07, 2.6701e-09, 4.6759e-08, 1.6628e-06, 1.8979e-06,
        1.2798e-07, 2.9466e-11])//
train_examples$148800$8000.0//
train_loss$150400$1.527608186006546e-05//
train_individual_losses$150400$tensor([1.0274e-09, 1.5062e-04, 2.7192e-12, 6.8368e-10, 1.4983e-04, 6.3155e-08,
        1.3359e-12, 1.5458e-08, 6.7233e-11, 1.3994e-07, 7.6950e-07, 8.7393e-07,
        2.5062e-10, 2.5676e-11, 8.7145e-07, 2.2896e-06, 8.7820e-10, 9.6926e-11,
        3.3615e-12, 4.4387e-08])//
train_examples$150400$8000.0//
train_loss$152000$1.5491901338100434e-05//
train_individual_losses$152000$tensor([1.5513e-06, 1.5164e-04, 5.7637e-08, 1.4844e-11, 1.5097e-04, 1.2464e-06,
        9.4823e-08, 1.0396e-10, 1.9278e-11, 7.3871e-08, 3.4718e-09, 9.1589e-11,
        8.6194e-07, 2.0245e-08, 7.4634e-08, 5.7077e-08, 2.7674e-11, 1.7945e-07,
        2.9992e-06, 1.1905e-11])//
train_examples$152000$8000.0//
train_loss$153600$1.5048973262310028e-05//
train_individual_losses$153600$tensor([2.2206e-08, 1.4947e-04, 1.9056e-11, 1.3510e-10, 1.5041e-04, 1.0343e-10,
        6.7795e-12, 4.9923e-08, 1.0989e-11, 4.7381e-09, 5.8902e-09, 8.1405e-11,
        8.3663e-08, 9.0931e-07, 1.2795e-08, 2.2541e-09, 2.7606e-11, 2.5610e-11,
        8.7442e-12, 2.5494e-11])//
train_examples$153600$8000.0//
train_loss$155200$1.53493195772171e-05//
train_individual_losses$155200$tensor([1.0181e-09, 1.5172e-04, 2.9770e-09, 1.1862e-06, 1.5087e-04, 9.6738e-09,
        3.7824e-08, 1.5965e-10, 1.1224e-09, 4.6829e-08, 4.5486e-08, 2.0521e-06,
        8.4215e-13, 3.8443e-11, 1.0046e-08, 6.8798e-12, 1.1854e-08, 2.0890e-08,
        3.7194e-09, 9.6509e-07])//
train_examples$155200$8000.0//
train_loss$156800$1.53640478849411e-05//
train_individual_losses$156800$tensor([1.2722e-07, 1.5313e-04, 8.0375e-11, 3.1436e-09, 1.5382e-04, 2.8446e-11,
        3.3044e-12, 4.9568e-09, 5.5736e-11, 8.8273e-11, 1.4216e-11, 1.2150e-09,
        6.8907e-09, 8.9026e-09, 1.2427e-08, 5.3872e-09, 1.5018e-07, 6.7909e-11,
        6.7287e-09, 4.9235e-10])//
train_examples$156800$8000.0//
train_loss$158400$1.587482988834381e-05//
train_individual_losses$158400$tensor([6.0477e-07, 1.5393e-04, 2.1452e-09, 3.4737e-11, 1.6053e-04, 2.2632e-10,
        2.4006e-07, 4.2184e-09, 1.6397e-08, 2.4632e-07, 1.9062e-11, 2.7079e-07,
        6.0649e-13, 2.1574e-09, 9.5320e-12, 1.1015e-11, 1.9938e-11, 1.0649e-06,
        3.0127e-09, 5.8477e-07])//
train_examples$158400$8000.0//
train_loss$160000$1.5384790301322936e-05//
train_individual_losses$160000$tensor([2.5350e-07, 1.5683e-04, 8.9863e-10, 7.7380e-08, 1.5008e-04, 6.6518e-11,
        6.2188e-13, 5.4012e-09, 7.2192e-12, 5.9763e-11, 3.5469e-08, 2.0071e-11,
        3.0750e-07, 8.3489e-11, 6.3853e-12, 9.7866e-08, 4.0428e-11, 6.9111e-11,
        3.6741e-10, 1.4464e-11])//
train_examples$160000$8000.0