train_loss$0$12.792116//
train_individual_losses$0$tensor([12.7868, 12.6926, 12.7969, 12.8366, 12.7541, 12.8566, 12.8012, 12.7626,
        12.7698, 12.8331, 12.8030, 12.7572, 12.7646, 12.7778, 12.7479, 12.7590,
        12.7153, 12.7363, 12.8451, 12.8080, 12.7767, 12.7995, 12.6970, 12.7522,
        12.7768, 12.8574, 12.8186, 12.7540, 12.7850, 12.8638, 12.7248, 12.8414,
        12.7054, 12.7877, 12.8052, 12.7926, 12.8890, 12.8018, 12.7662, 12.8555,
        12.8493, 12.8720, 12.7349, 12.6854, 12.9331, 12.8224, 12.7898, 12.8129,
        12.8203, 12.8308])//
train_examples$0$60000.0//
train_loss$2350000$0.00023603497314453125//
train_individual_losses$2350000$tensor([3.7975e-04, 4.3469e-05, 3.5995e-04, 8.3572e-05, 1.0835e-04, 6.3894e-05,
        8.9225e-05, 2.0217e-04, 2.1868e-04, 2.6799e-04, 6.4029e-05, 6.1139e-05,
        4.0082e-04, 4.0026e-04, 1.3648e-04, 7.7060e-05, 1.9914e-04, 8.3643e-05,
        7.2010e-04, 4.9696e-04, 1.3456e-04, 5.5236e-05, 3.3670e-04, 2.2587e-04,
        1.4402e-04, 7.8770e-05, 3.3191e-04, 2.9861e-04, 1.5977e-04, 1.0219e-04,
        8.5470e-05, 4.1810e-04, 2.4934e-04, 1.9206e-04, 8.2101e-05, 7.2225e-05,
        3.8409e-04, 1.5766e-04, 8.1159e-05, 3.4531e-04, 4.8533e-04, 9.0248e-05,
        3.0102e-04, 3.8971e-04, 5.4594e-04, 2.9929e-04, 2.2190e-04, 3.4995e-04,
        1.3030e-04, 5.9624e-04])//
train_examples$2350000$60000.0