train_loss$0$0.6212873828125//
train_individual_losses$0$tensor([0.6422, 0.5739, 0.6979, 0.6310, 0.6553, 0.5850, 0.6613, 0.6208, 0.6497,
        0.5592, 0.7104, 0.6186, 0.5648, 0.6083, 0.5814, 0.6418, 0.5867, 0.6049,
        0.6038, 0.6288])//
train_examples$0$10000.0//
train_loss$2000$0.0008969634246826172//
train_individual_losses$2000$tensor([0.0005, 0.0004, 0.0012, 0.0006, 0.0011, 0.0004, 0.0009, 0.0002, 0.0004,
        0.0003, 0.0005, 0.0003, 0.0004, 0.0081, 0.0005, 0.0004, 0.0005, 0.0002,
        0.0009, 0.0001])//
train_examples$2000$10000.0//
train_loss$4000$0.00024618408203125//
train_individual_losses$4000$tensor([1.6097e-04, 1.3612e-04, 8.1436e-04, 1.4753e-04, 2.0226e-04, 3.2250e-04,
        2.9882e-04, 7.0790e-05, 1.8023e-04, 1.6342e-04, 4.0050e-04, 5.6767e-05,
        2.3325e-04, 6.0987e-04, 2.6235e-04, 1.0140e-04, 2.4423e-04, 4.3008e-05,
        3.9839e-04, 7.6935e-05])//
train_examples$4000$10000.0//
train_loss$6000$0.0001334664535522461//
train_individual_losses$6000$tensor([7.5245e-05, 7.6725e-05, 1.6954e-04, 1.3141e-04, 8.3580e-05, 2.1287e-04,
        1.7173e-04, 3.6159e-05, 1.3097e-04, 6.4116e-05, 2.6638e-04, 2.8617e-05,
        1.6920e-04, 5.5011e-04, 8.5287e-05, 2.3575e-05, 8.9391e-05, 2.6271e-05,
        2.3799e-04, 4.0163e-05])//
train_examples$6000$10000.0//
train_loss$8000$9.860919952392579e-05//
train_individual_losses$8000$tensor([3.2864e-05, 4.6441e-05, 7.8443e-05, 9.1313e-05, 6.9332e-05, 1.7967e-04,
        1.5158e-04, 1.7942e-05, 6.5297e-05, 4.3247e-05, 2.1777e-04, 2.7809e-05,
        1.4725e-04, 5.0186e-04, 2.7996e-05, 1.3667e-05, 3.1283e-05, 2.0926e-05,
        1.8450e-04, 2.2990e-05])//
train_examples$8000$10000.0//
train_loss$10000$7.836200714111328e-05//
train_individual_losses$10000$tensor([2.6528e-05, 2.9851e-05, 5.5358e-05, 6.7849e-05, 6.7033e-05, 1.6900e-04,
        1.4105e-04, 1.2754e-05, 3.0103e-05, 3.3987e-05, 1.9216e-04, 2.4798e-05,
        1.3182e-04, 4.2665e-04, 1.1958e-05, 1.1712e-05, 2.0091e-05, 1.8389e-05,
        7.5993e-05, 2.0157e-05])//
train_examples$10000$10000.0//
train_loss$12000$6.856913089752197e-05//
train_individual_losses$12000$tensor([2.2362e-05, 2.2185e-05, 4.6163e-05, 6.0711e-05, 6.3834e-05, 1.7008e-04,
        1.3223e-04, 1.2355e-05, 1.8126e-05, 2.7838e-05, 1.8965e-04, 2.4455e-05,
        1.2383e-04, 3.5081e-04, 5.3653e-06, 1.3016e-05, 1.8340e-05, 1.7944e-05,
        3.0280e-05, 2.1802e-05])//
train_examples$12000$10000.0//
train_loss$14000$5.992173671722412e-05//
train_individual_losses$14000$tensor([2.0488e-05, 1.4521e-05, 3.2484e-05, 5.1014e-05, 5.8157e-05, 1.6174e-04,
        1.0204e-04, 1.1483e-05, 1.3288e-05, 2.7104e-05, 1.7491e-04, 2.4428e-05,
        1.1959e-04, 3.0125e-04, 3.3707e-06, 1.0566e-05, 1.5182e-05, 1.8144e-05,
        2.0732e-05, 1.7944e-05])//
train_examples$14000$10000.0//
train_loss$16000$5.601833820343018e-05//
train_individual_losses$16000$tensor([2.0337e-05, 1.2829e-05, 2.2694e-05, 4.5992e-05, 5.1893e-05, 1.4369e-04,
        9.6871e-05, 1.1298e-05, 1.2468e-05, 2.3439e-05, 1.6578e-04, 2.4808e-05,
        1.0855e-04, 3.0229e-04, 2.1394e-06, 8.4008e-06, 1.4158e-05, 1.7932e-05,
        1.7554e-05, 1.7247e-05])//
train_examples$16000$10000.0//
train_loss$18000$4.7784380912780764e-05//
train_individual_losses$18000$tensor([2.2126e-05, 1.0991e-05, 1.6800e-05, 3.8663e-05, 3.9603e-05, 1.3654e-04,
        9.3069e-05, 1.0606e-05, 1.0839e-05, 1.8858e-05, 1.4940e-04, 2.3561e-05,
        1.0310e-04, 2.0873e-04, 1.6444e-06, 8.4676e-06, 1.6619e-05, 1.6516e-05,
        1.5295e-05, 1.4259e-05])//
train_examples$18000$10000.0//
train_loss$20000$4.585131168365478e-05//
train_individual_losses$20000$tensor([1.9731e-05, 1.0070e-05, 1.3165e-05, 3.5461e-05, 3.1385e-05, 1.3791e-04,
        9.1489e-05, 1.2078e-05, 1.0512e-05, 1.8649e-05, 1.3422e-04, 2.5638e-05,
        1.1750e-04, 1.9119e-04, 1.8713e-06, 6.3296e-06, 1.3264e-05, 1.8961e-05,
        1.4482e-05, 1.3115e-05])//
train_examples$20000$10000.0//
train_loss$22000$3.9133355617523194e-05//
train_individual_losses$22000$tensor([1.8152e-05, 6.4992e-06, 1.4202e-05, 3.0566e-05, 2.6454e-05, 1.3866e-04,
        8.8728e-05, 1.1989e-05, 1.0410e-05, 1.6844e-05, 7.9340e-05, 2.2774e-05,
        1.0324e-04, 1.6092e-04, 1.8973e-06, 3.8512e-06, 1.2713e-05, 1.1289e-05,
        1.4386e-05, 9.7506e-06])//
train_examples$22000$10000.0//
train_loss$24000$3.2793457508087156e-05//
train_individual_losses$24000$tensor([1.9939e-05, 5.2777e-06, 1.1404e-05, 2.6188e-05, 2.4405e-05, 1.3276e-04,
        8.5665e-05, 9.9963e-06, 1.0468e-05, 1.2178e-05, 5.3779e-05, 2.2741e-05,
        9.8241e-05, 9.3409e-05, 1.0151e-06, 3.7627e-06, 1.1455e-05, 8.5162e-06,
        1.6304e-05, 8.3667e-06])//
train_examples$24000$10000.0//
train_loss$26000$2.876901149749756e-05//
train_individual_losses$26000$tensor([1.7898e-05, 3.7326e-06, 9.8692e-06, 2.2956e-05, 2.0072e-05, 1.3188e-04,
        7.9339e-05, 1.0297e-05, 1.8048e-05, 8.0045e-06, 3.6550e-05, 2.5998e-05,
        9.1096e-05, 5.4565e-05, 1.7520e-06, 2.6849e-06, 1.3040e-05, 6.4653e-06,
        1.2776e-05, 8.3503e-06])//
train_examples$26000$10000.0//
train_loss$28000$2.622532844543457e-05//
train_individual_losses$28000$tensor([1.8161e-05, 3.2210e-06, 1.0009e-05, 2.3090e-05, 1.7112e-05, 1.3238e-04,
        7.8024e-05, 1.0002e-05, 9.9900e-06, 5.0682e-06, 3.0484e-05, 2.1643e-05,
        9.3382e-05, 3.3204e-05, 4.8888e-07, 2.2525e-06, 9.6157e-06, 7.1020e-06,
        1.2044e-05, 7.2367e-06])//
train_examples$28000$10000.0//
train_loss$30000$2.6210663318634034e-05//
train_individual_losses$30000$tensor([2.0209e-05, 3.3136e-06, 1.2141e-05, 2.4541e-05, 1.4242e-05, 1.3053e-04,
        7.3847e-05, 1.3067e-05, 1.1003e-05, 3.4887e-06, 3.3491e-05, 2.3258e-05,
        9.2714e-05, 2.7724e-05, 4.8346e-07, 3.4884e-06, 8.9633e-06, 5.1322e-06,
        1.5103e-05, 7.4687e-06])//
train_examples$30000$10000.0//
train_loss$32000$2.518280267715454e-05//
train_individual_losses$32000$tensor([1.9042e-05, 2.8858e-06, 1.0755e-05, 2.7777e-05, 1.5013e-05, 1.3115e-04,
        7.2780e-05, 8.8816e-06, 8.5735e-06, 2.4304e-06, 2.5619e-05, 2.0706e-05,
        9.4420e-05, 2.8868e-05, 6.2370e-07, 2.1471e-06, 7.0653e-06, 4.9961e-06,
        1.3755e-05, 6.1690e-06])//
train_examples$32000$10000.0//
train_loss$34000$2.4477193355560302e-05//
train_individual_losses$34000$tensor([1.7979e-05, 2.8355e-06, 1.0050e-05, 2.4137e-05, 1.3385e-05, 1.3687e-04,
        6.9612e-05, 9.5392e-06, 9.8194e-06, 1.6879e-06, 2.4566e-05, 2.0802e-05,
        8.9518e-05, 2.8462e-05, 4.4851e-07, 3.4388e-06, 3.2334e-06, 5.2947e-06,
        1.1824e-05, 6.0439e-06])//
train_examples$34000$10000.0//
train_loss$36000$2.3065152168273926e-05//
train_individual_losses$36000$tensor([1.7652e-05, 3.5747e-06, 1.0179e-05, 2.1707e-05, 1.3444e-05, 1.2821e-04,
        4.8258e-05, 9.1475e-06, 1.7235e-05, 1.7455e-06, 2.4099e-05, 2.1701e-05,
        8.8582e-05, 2.7231e-05, 4.3836e-07, 2.7347e-06, 5.2134e-06, 2.5175e-06,
        1.1753e-05, 5.8768e-06])//
train_examples$36000$10000.0//
train_loss$38000$2.268383026123047e-05//
train_individual_losses$38000$tensor([1.7589e-05, 2.4913e-06, 1.6207e-05, 1.9160e-05, 1.3458e-05, 1.3180e-04,
        4.4192e-05, 8.1871e-06, 1.3430e-05, 1.6804e-06, 2.5242e-05, 2.1128e-05,
        7.8624e-05, 2.6524e-05, 2.6418e-06, 3.4838e-06, 5.7185e-06, 2.1393e-06,
        1.4514e-05, 5.4722e-06])//
train_examples$38000$10000.0//
train_loss$40000$2.1306827068328858e-05//
train_individual_losses$40000$tensor([1.7938e-05, 1.7775e-06, 1.0640e-05, 2.0334e-05, 1.6129e-05, 1.3004e-04,
        4.4236e-05, 8.3109e-06, 8.3454e-06, 2.6869e-06, 2.1108e-05, 1.9280e-05,
        7.4516e-05, 2.7945e-05, 7.1992e-07, 1.9909e-06, 1.5869e-06, 1.5361e-06,
        1.2872e-05, 4.1451e-06])//
train_examples$40000$10000.0//
train_loss$42000$2.0820093154907227e-05//
train_individual_losses$42000$tensor([1.7253e-05, 4.3577e-06, 1.0821e-05, 2.0830e-05, 1.2534e-05, 1.2810e-04,
        4.2443e-05, 7.9659e-06, 7.9354e-06, 1.7654e-06, 1.9207e-05, 1.9313e-05,
        6.9876e-05, 2.8434e-05, 8.1220e-07, 2.0751e-06, 1.4003e-06, 1.1035e-06,
        1.2395e-05, 7.7835e-06])//
train_examples$42000$10000.0//
train_loss$44000$2.0325348377227785e-05//
train_individual_losses$44000$tensor([1.8136e-05, 2.0536e-06, 9.9739e-06, 2.0133e-05, 1.2760e-05, 1.3000e-04,
        3.8212e-05, 9.3024e-06, 8.8381e-06, 7.8858e-07, 1.8822e-05, 2.1720e-05,
        6.4726e-05, 2.9879e-05, 2.7899e-07, 1.6621e-06, 2.3296e-06, 1.5838e-06,
        1.2129e-05, 3.1764e-06])//
train_examples$44000$10000.0//
train_loss$46000$2.0617079734802246e-05//
train_individual_losses$46000$tensor([1.7194e-05, 2.7737e-06, 1.0889e-05, 1.9994e-05, 1.5473e-05, 1.2757e-04,
        4.1007e-05, 8.1705e-06, 7.6163e-06, 2.8692e-06, 1.9435e-05, 1.9781e-05,
        6.2438e-05, 3.1322e-05, 2.1344e-06, 1.7872e-06, 4.9973e-06, 1.3992e-06,
        1.2579e-05, 2.9078e-06])//
train_examples$46000$10000.0//
train_loss$48000$1.963891863822937e-05//
train_individual_losses$48000$tensor([1.8815e-05, 2.2199e-06, 9.7145e-06, 1.8899e-05, 1.2678e-05, 1.3148e-04,
        3.9253e-05, 7.8888e-06, 9.5778e-06, 7.3431e-07, 1.9421e-05, 1.8755e-05,
        5.6076e-05, 2.5056e-05, 2.3351e-07, 3.2857e-06, 1.7426e-06, 1.7344e-06,
        1.2324e-05, 2.8863e-06])//
train_examples$48000$10000.0//
train_loss$50000$1.9667835235595703e-05//
train_individual_losses$50000$tensor([1.7339e-05, 2.6193e-06, 1.2490e-05, 1.9118e-05, 1.3420e-05, 1.2770e-04,
        3.6538e-05, 8.0529e-06, 7.6049e-06, 5.8812e-07, 2.6200e-05, 1.8995e-05,
        5.5835e-05, 2.8337e-05, 2.3199e-07, 1.6101e-06, 1.1138e-06, 7.2092e-07,
        1.1764e-05, 3.0762e-06])//
train_examples$50000$10000.0//
train_loss$52000$2.1816298961639403e-05//
train_individual_losses$52000$tensor([1.7380e-05, 1.4868e-06, 9.6020e-06, 1.8783e-05, 1.3202e-05, 1.4612e-04,
        4.1564e-05, 9.5014e-06, 7.1142e-06, 5.9157e-07, 2.5211e-05, 1.9793e-05,
        7.7128e-05, 2.5874e-05, 2.5133e-07, 2.8028e-06, 1.2029e-06, 2.7983e-06,
        1.2222e-05, 3.6974e-06])//
train_examples$52000$10000.0//
train_loss$54000$1.8989421129226686e-05//
train_individual_losses$54000$tensor([1.7096e-05, 1.8983e-06, 9.7145e-06, 2.0119e-05, 1.2405e-05, 1.2573e-04,
        3.5513e-05, 9.5929e-06, 8.9491e-06, 4.7954e-07, 1.7787e-05, 1.9430e-05,
        4.8556e-05, 2.4858e-05, 1.9725e-07, 2.8094e-06, 4.4599e-06, 4.5700e-06,
        1.2470e-05, 3.1519e-06])//
train_examples$54000$10000.0//
train_loss$56000$1.776129364967346e-05//
train_individual_losses$56000$tensor([1.8053e-05, 2.2782e-06, 9.6918e-06, 1.9627e-05, 1.3102e-05, 1.2909e-04,
        3.5731e-05, 7.4290e-06, 6.9809e-06, 1.0333e-06, 1.6340e-05, 1.9851e-05,
        3.0668e-05, 2.5452e-05, 2.2888e-07, 1.4882e-06, 9.2750e-07, 1.4477e-06,
        1.2202e-05, 3.6079e-06])//
train_examples$56000$10000.0//
train_loss$58000$1.772212028503418e-05//
train_individual_losses$58000$tensor([1.7693e-05, 1.6642e-06, 1.1980e-05, 1.9856e-05, 1.5404e-05, 1.2900e-04,
        3.4632e-05, 7.0624e-06, 1.0003e-05, 3.6720e-07, 1.6324e-05, 1.9443e-05,
        2.6815e-05, 2.3958e-05, 1.8966e-07, 1.4419e-06, 7.9643e-07, 6.2770e-07,
        1.4400e-05, 2.7846e-06])//
train_examples$58000$10000.0//
train_loss$60000$1.7525781393051147e-05//
train_individual_losses$60000$tensor([1.7200e-05, 1.4512e-06, 9.1815e-06, 2.6736e-05, 1.1751e-05, 1.2846e-04,
        3.7202e-05, 6.1156e-06, 6.5620e-06, 3.4314e-07, 1.4484e-05, 1.9012e-05,
        2.8121e-05, 2.3658e-05, 1.5256e-06, 1.3548e-06, 8.9224e-07, 9.4506e-07,
        1.2502e-05, 3.0172e-06])//
train_examples$60000$10000.0//
train_loss$62000$1.7214977741241453e-05//
train_individual_losses$62000$tensor([1.7784e-05, 1.3240e-06, 1.0335e-05, 1.9187e-05, 1.1873e-05, 1.2750e-04,
        3.4508e-05, 5.5173e-06, 6.8806e-06, 5.4206e-07, 1.4433e-05, 1.8473e-05,
        2.3671e-05, 2.5028e-05, 1.8189e-07, 1.5263e-06, 9.6520e-06, 7.5007e-07,
        1.1918e-05, 3.2116e-06])//
train_examples$62000$10000.0//
train_loss$64000$1.7292402982711792e-05//
train_individual_losses$64000$tensor([1.8002e-05, 2.8848e-06, 1.1668e-05, 1.8994e-05, 1.2029e-05, 1.2445e-04,
        3.4185e-05, 3.5190e-06, 6.9200e-06, 7.5939e-07, 1.2787e-05, 1.8930e-05,
        2.0692e-05, 2.6001e-05, 8.0675e-06, 3.9829e-06, 1.7488e-06, 5.2137e-06,
        1.2470e-05, 2.5481e-06])//
train_examples$64000$10000.0//
train_loss$66000$1.6211476325988768e-05//
train_individual_losses$66000$tensor([1.7070e-05, 1.3182e-06, 9.4116e-06, 1.9495e-05, 1.1468e-05, 1.2448e-04,
        3.5552e-05, 4.1602e-06, 7.1989e-06, 3.5244e-07, 1.2413e-05, 1.9272e-05,
        2.1500e-05, 2.2928e-05, 1.5810e-07, 1.3192e-06, 7.0780e-07, 4.0617e-07,
        1.2197e-05, 2.8249e-06])//
train_examples$66000$10000.0//
train_loss$68000$1.725043535232544e-05//
train_individual_losses$68000$tensor([1.8748e-05, 1.7348e-06, 9.4309e-06, 2.7746e-05, 1.1346e-05, 1.3062e-04,
        3.0315e-05, 3.2974e-06, 8.4166e-06, 2.8149e-07, 1.1719e-05, 2.1081e-05,
        2.4560e-05, 2.1100e-05, 1.0033e-06, 4.6645e-06, 2.4737e-06, 8.4285e-07,
        1.1814e-05, 3.8100e-06])//
train_examples$68000$10000.0//
train_loss$70000$1.612705945968628e-05//
train_individual_losses$70000$tensor([1.7575e-05, 1.8153e-06, 1.1188e-05, 2.0637e-05, 1.3134e-05, 1.2817e-04,
        2.9092e-05, 2.2566e-06, 7.5606e-06, 2.9177e-07, 1.3758e-05, 2.2166e-05,
        1.7323e-05, 1.8600e-05, 2.9442e-07, 1.2625e-06, 6.4876e-07, 5.3249e-07,
        1.1927e-05, 4.3071e-06])//
train_examples$70000$10000.0//
train_loss$72000$1.544245719909668e-05//
train_individual_losses$72000$tensor([1.8269e-05, 2.7687e-06, 7.8806e-06, 1.8694e-05, 1.0736e-05, 1.2712e-04,
        2.9374e-05, 2.3350e-06, 6.0725e-06, 2.3208e-07, 1.1334e-05, 1.8603e-05,
        1.7842e-05, 1.6326e-05, 9.1204e-07, 1.7956e-06, 8.9116e-07, 5.3484e-07,
        1.1758e-05, 5.3749e-06])//
train_examples$72000$10000.0//
train_loss$74000$1.454195737838745e-05//
train_individual_losses$74000$tensor([1.7222e-05, 1.3090e-06, 9.3399e-06, 1.9432e-05, 1.0730e-05, 1.2605e-04,
        1.9015e-05, 2.0010e-06, 6.5732e-06, 4.8162e-07, 1.2080e-05, 1.7838e-05,
        1.5715e-05, 1.5857e-05, 4.3084e-07, 1.1343e-06, 4.4458e-07, 4.7093e-07,
        1.2192e-05, 2.5186e-06])//
train_examples$74000$10000.0//
train_loss$76000$1.4729342460632324e-05//
train_individual_losses$76000$tensor([1.9886e-05, 1.2576e-06, 8.5627e-06, 1.9230e-05, 1.0923e-05, 1.2391e-04,
        2.0554e-05, 2.9090e-06, 6.2189e-06, 2.0605e-06, 1.1891e-05, 2.0754e-05,
        1.5121e-05, 1.3732e-05, 1.9739e-07, 1.4216e-06, 5.3508e-07, 4.6038e-07,
        1.2226e-05, 2.7390e-06])//
train_examples$76000$10000.0//
train_loss$78000$1.4793689250946045e-05//
train_individual_losses$78000$tensor([1.7408e-05, 2.4946e-06, 7.6944e-06, 1.9293e-05, 1.0562e-05, 1.2711e-04,
        1.8720e-05, 3.8464e-06, 6.1183e-06, 4.4771e-06, 1.0211e-05, 1.7856e-05,
        1.4034e-05, 1.3251e-05, 4.5729e-07, 1.3559e-06, 1.5303e-06, 3.7235e-06,
        1.1890e-05, 3.8417e-06])//
train_examples$78000$10000.0//
train_loss$80000$1.4078923463821411e-05//
train_individual_losses$80000$tensor([1.7404e-05, 1.2656e-06, 8.0402e-06, 2.0778e-05, 1.2619e-05, 1.2432e-04,
        1.6397e-05, 2.1131e-06, 6.6304e-06, 2.0799e-07, 1.0751e-05, 1.7842e-05,
        1.4361e-05, 1.2248e-05, 1.2627e-07, 1.1734e-06, 4.0448e-07, 2.4318e-07,
        1.1893e-05, 2.7637e-06])//
train_examples$80000$10000.0//
train_loss$82000$1.4852495193481445e-05//
train_individual_losses$82000$tensor([1.7863e-05, 3.6011e-06, 8.8403e-06, 1.8752e-05, 1.0615e-05, 1.2849e-04,
        1.7076e-05, 2.0951e-06, 8.2936e-06, 2.0935e-07, 1.2295e-05, 1.9474e-05,
        1.3911e-05, 1.1934e-05, 7.7355e-07, 1.0780e-06, 4.0021e-07, 3.8703e-06,
        1.4463e-05, 3.0200e-06])//
train_examples$82000$10000.0//
train_loss$84000$1.517412543296814e-05//
train_individual_losses$84000$tensor([1.7332e-05, 2.4644e-06, 9.8863e-06, 2.2204e-05, 1.1195e-05, 1.3575e-04,
        1.6216e-05, 1.8003e-06, 5.7478e-06, 3.2031e-07, 1.1481e-05, 1.8797e-05,
        1.5799e-05, 1.3033e-05, 2.5549e-07, 3.5453e-06, 3.7661e-07, 3.2901e-07,
        1.2672e-05, 4.2832e-06])//
train_examples$84000$10000.0//
train_loss$86000$1.3940759897232055e-05//
train_individual_losses$86000$tensor([1.8888e-05, 1.6361e-06, 8.2244e-06, 1.8593e-05, 1.2574e-05, 1.2367e-04,
        1.5334e-05, 1.8378e-06, 6.1585e-06, 1.7520e-07, 1.2935e-05, 1.8000e-05,
        1.2313e-05, 1.1785e-05, 1.2876e-07, 1.1584e-06, 3.8013e-07, 2.7909e-07,
        1.1889e-05, 2.8508e-06])//
train_examples$86000$10000.0//
train_loss$88000$1.5969791412353514e-05//
train_individual_losses$88000$tensor([1.7848e-05, 1.1908e-06, 9.2458e-06, 1.8906e-05, 1.1101e-05, 1.2463e-04,
        3.5847e-05, 8.2995e-06, 1.0243e-05, 6.6525e-07, 1.4262e-05, 1.7408e-05,
        1.1176e-05, 1.1852e-05, 5.8685e-06, 1.0363e-06, 1.1245e-06, 3.6103e-06,
        1.2083e-05, 2.9952e-06])//
train_examples$88000$10000.0//
train_loss$90000$1.501811146736145e-05//
train_individual_losses$90000$tensor([1.8133e-05, 1.4900e-06, 7.4563e-06, 2.6007e-05, 9.8679e-06, 1.3275e-04,
        1.6863e-05, 1.9116e-06, 5.8323e-06, 2.1342e-07, 1.2735e-05, 1.7510e-05,
        1.0727e-05, 1.1616e-05, 1.0282e-07, 5.9592e-06, 8.3841e-07, 5.4322e-07,
        1.6697e-05, 3.1065e-06])//
train_examples$90000$10000.0//
train_loss$92000$1.4507366418838502e-05//
train_individual_losses$92000$tensor([1.8129e-05, 2.0156e-06, 1.0274e-05, 1.9094e-05, 1.0150e-05, 1.2938e-04,
        1.5312e-05, 1.5805e-06, 5.8117e-06, 1.9732e-07, 1.4924e-05, 1.9061e-05,
        1.1946e-05, 1.3177e-05, 1.3344e-07, 1.6094e-06, 3.5691e-07, 3.9699e-07,
        1.2953e-05, 3.6436e-06])//
train_examples$92000$10000.0//
train_loss$94000$1.592671871185303e-05//
train_individual_losses$94000$tensor([1.7000e-05, 3.3744e-06, 9.0967e-06, 2.1460e-05, 1.1310e-05, 1.2598e-04,
        2.3960e-05, 2.4349e-06, 1.6703e-05, 4.5718e-07, 1.7755e-05, 1.7838e-05,
        1.0726e-05, 1.4348e-05, 7.8490e-07, 1.0006e-06, 8.0345e-07, 8.2002e-06,
        1.2293e-05, 3.0051e-06])//
train_examples$94000$10000.0//
train_loss$96000$1.4004454612731933e-05//
train_individual_losses$96000$tensor([1.7654e-05, 1.4248e-06, 1.0918e-05, 1.9096e-05, 9.4316e-06, 1.2718e-04,
        1.6034e-05, 1.4487e-06, 4.9226e-06, 1.8334e-07, 1.1497e-05, 1.7432e-05,
        9.7178e-06, 1.5339e-05, 1.7240e-07, 1.0922e-06, 3.9268e-07, 3.0699e-07,
        1.2658e-05, 3.1885e-06])//
train_examples$96000$10000.0//
train_loss$98000$1.4588054418563842e-05//
train_individual_losses$98000$tensor([1.7370e-05, 4.3037e-06, 7.5612e-06, 1.8127e-05, 9.3789e-06, 1.3105e-04,
        1.7195e-05, 2.4805e-06, 5.7969e-06, 5.7296e-07, 1.1273e-05, 1.9208e-05,
        1.1181e-05, 1.7698e-05, 2.2312e-07, 1.7236e-06, 5.5178e-07, 1.7354e-07,
        1.3438e-05, 2.4565e-06])//
train_examples$98000$10000.0//
train_loss$100000$1.039535641670227e-05//
train_individual_losses$100000$tensor([1.8454e-05, 1.1044e-06, 9.3087e-06, 2.0781e-05, 9.6431e-06, 5.6199e-05,
        1.5576e-05, 1.2147e-06, 4.8192e-06, 1.5895e-07, 1.1626e-05, 1.9517e-05,
        8.6691e-06, 1.2314e-05, 2.5852e-07, 1.4265e-06, 8.6273e-07, 4.2961e-07,
        1.2478e-05, 3.0675e-06])//
train_examples$100000$10000.0//
train_loss$102000$1.1305816173553466e-05//
train_individual_losses$102000$tensor([1.7417e-05, 1.1632e-06, 8.4248e-06, 1.8137e-05, 9.7913e-06, 3.9789e-05,
        1.4474e-05, 1.4606e-05, 1.6261e-05, 1.6312e-07, 2.7558e-05, 1.8371e-05,
        1.0165e-05, 1.1243e-05, 8.5550e-08, 2.2604e-06, 4.2956e-07, 2.1179e-07,
        1.2342e-05, 3.2238e-06])//
train_examples$102000$10000.0//
train_loss$104000$8.941349387168885e-06//
train_individual_losses$104000$tensor([1.8260e-05, 1.1998e-06, 8.5352e-06, 1.8899e-05, 1.1729e-05, 3.0282e-05,
        1.5356e-05, 1.2236e-06, 4.7623e-06, 1.9052e-07, 1.0185e-05, 1.8498e-05,
        9.4225e-06, 1.0543e-05, 1.3306e-07, 1.4745e-06, 3.8641e-07, 4.2005e-07,
        1.3944e-05, 3.3838e-06])//
train_examples$104000$10000.0//
train_loss$106000$9.1599041223526e-06//
train_individual_losses$106000$tensor([1.7739e-05, 3.5280e-06, 7.5593e-06, 1.9276e-05, 1.0012e-05, 2.8542e-05,
        1.3903e-05, 2.7708e-06, 4.1844e-06, 1.1417e-06, 1.2271e-05, 1.8010e-05,
        9.0459e-06, 1.5788e-05, 4.9835e-07, 1.1957e-06, 2.5793e-06, 1.7404e-07,
        1.1591e-05, 3.3896e-06])//
train_examples$106000$10000.0//
train_loss$108000$8.943811058998107e-06//
train_individual_losses$108000$tensor([1.7642e-05, 1.3152e-06, 8.4374e-06, 2.3942e-05, 1.0236e-05, 2.8631e-05,
        1.3349e-05, 1.6136e-06, 4.8106e-06, 1.4929e-07, 1.3174e-05, 2.0018e-05,
        7.3624e-06, 1.0924e-05, 3.4767e-07, 1.0121e-06, 3.4249e-07, 1.5017e-07,
        1.2674e-05, 2.7457e-06])//
train_examples$108000$10000.0//
train_loss$110000$1.0999382734298706e-05//
train_individual_losses$110000$tensor([1.8172e-05, 2.1887e-06, 8.6911e-06, 1.8026e-05, 9.7152e-06, 3.3556e-05,
        1.7320e-05, 1.4499e-06, 4.0484e-06, 9.3546e-07, 1.6628e-05, 1.8301e-05,
        9.4973e-06, 1.6424e-05, 8.0815e-08, 1.2979e-06, 2.8751e-05, 1.6454e-07,
        1.1970e-05, 2.7696e-06])//
train_examples$110000$10000.0//
train_loss$112000$9.993845820426942e-06//
train_individual_losses$112000$tensor([1.7516e-05, 1.2326e-06, 1.1840e-05, 2.3681e-05, 9.1209e-06, 3.7684e-05,
        1.4322e-05, 9.9573e-07, 4.3034e-06, 1.4489e-06, 1.4037e-05, 2.2279e-05,
        7.3236e-06, 1.4566e-05, 8.1985e-08, 1.8139e-06, 3.5924e-07, 1.2342e-06,
        1.2380e-05, 3.6587e-06])//
train_examples$112000$10000.0//
train_loss$114000$8.330710530281067e-06//
train_individual_losses$114000$tensor([1.7181e-05, 1.1913e-06, 8.0130e-06, 1.8671e-05, 9.6838e-06, 2.6472e-05,
        1.3820e-05, 9.8368e-07, 4.6290e-06, 1.4277e-07, 9.6380e-06, 1.7963e-05,
        7.2107e-06, 1.1032e-05, 1.4182e-07, 3.5114e-06, 4.3883e-07, 1.5156e-07,
        1.2109e-05, 3.6295e-06])//
train_examples$114000$10000.0//
train_loss$116000$9.531779885292053e-06//
train_individual_losses$116000$tensor([1.7315e-05, 1.5779e-06, 7.5523e-06, 1.9897e-05, 1.0627e-05, 2.6508e-05,
        3.0922e-05, 1.2084e-06, 4.9260e-06, 1.4434e-07, 1.0732e-05, 1.8559e-05,
        7.3279e-06, 1.3815e-05, 6.7352e-08, 2.7575e-06, 4.6356e-07, 2.4389e-07,
        1.2376e-05, 3.6138e-06])//
train_examples$116000$10000.0//
train_loss$118000$9.315500259399414e-06//
train_individual_losses$118000$tensor([1.7306e-05, 3.4677e-06, 8.3262e-06, 2.1046e-05, 1.3009e-05, 2.8117e-05,
        1.4783e-05, 1.3446e-06, 4.7412e-06, 2.2250e-07, 1.4413e-05, 1.7840e-05,
        7.5134e-06, 1.2797e-05, 5.1543e-06, 8.6675e-07, 3.8465e-07, 4.7215e-07,
        1.1787e-05, 2.7182e-06])//
train_examples$118000$10000.0//
train_loss$120000$9.205769300460816e-06//
train_individual_losses$120000$tensor([1.9059e-05, 2.6268e-06, 7.7725e-06, 2.3125e-05, 9.0601e-06, 2.6619e-05,
        2.1892e-05, 1.1357e-06, 4.0662e-06, 4.0949e-07, 1.0045e-05, 1.7290e-05,
        1.2231e-05, 1.0751e-05, 2.5023e-07, 7.4134e-07, 6.3786e-07, 1.6132e-07,
        1.2746e-05, 3.4968e-06])//
train_examples$120000$10000.0//
train_loss$122000$8.869119882583618e-06//
train_individual_losses$122000$tensor([1.7424e-05, 2.3829e-06, 7.9562e-06, 2.2534e-05, 9.7889e-06, 2.6782e-05,
        1.6084e-05, 9.8548e-07, 3.9225e-06, 7.9829e-06, 9.2749e-06, 1.7564e-05,
        6.4813e-06, 1.0196e-05, 6.5624e-08, 2.4911e-06, 3.1470e-07, 1.2247e-07,
        1.2199e-05, 2.8299e-06])//
train_examples$122000$10000.0//
train_loss$124000$9.470757842063905e-06//
train_individual_losses$124000$tensor([1.9898e-05, 2.4747e-06, 9.0462e-06, 1.9044e-05, 1.0399e-05, 2.6961e-05,
        1.5473e-05, 1.3742e-06, 3.8850e-06, 1.3998e-06, 1.0618e-05, 1.8117e-05,
        1.3391e-05, 1.1645e-05, 5.8770e-07, 5.5535e-06, 4.1290e-06, 1.7822e-07,
        1.2021e-05, 3.2203e-06])//
train_examples$124000$10000.0//
train_loss$126000$8.871995210647582e-06//
train_individual_losses$126000$tensor([1.7251e-05, 9.3161e-07, 7.8668e-06, 2.0616e-05, 9.2157e-06, 2.5594e-05,
        1.7683e-05, 8.0290e-06, 3.7186e-06, 2.4138e-06, 9.9369e-06, 1.8166e-05,
        7.8494e-06, 1.0155e-05, 8.7920e-08, 8.4907e-07, 6.5176e-07, 3.0168e-07,
        1.3571e-05, 2.5528e-06])//
train_examples$126000$10000.0//
train_loss$128000$9.434968829154968e-06//
train_individual_losses$128000$tensor([1.7700e-05, 9.4853e-07, 7.6121e-06, 2.6995e-05, 1.1691e-05, 2.4998e-05,
        1.2300e-05, 8.7271e-07, 6.5713e-06, 2.7262e-07, 9.2174e-06, 1.8266e-05,
        1.2407e-05, 1.4225e-05, 7.8630e-08, 1.2837e-06, 5.5174e-06, 1.9721e-06,
        1.2215e-05, 3.5555e-06])//
train_examples$128000$10000.0//
train_loss$130000$9.111909866333008e-06//
train_individual_losses$130000$tensor([1.7540e-05, 1.2892e-06, 8.1106e-06, 1.9555e-05, 1.1140e-05, 2.6318e-05,
        2.1697e-05, 2.3979e-06, 4.6530e-06, 3.0858e-07, 1.7793e-05, 1.8642e-05,
        5.1613e-06, 9.8147e-06, 7.1298e-08, 7.0735e-07, 3.2881e-07, 1.0173e-07,
        1.2983e-05, 3.6239e-06])//
train_examples$130000$10000.0//
train_loss$132000$8.914717435836793e-06//
train_individual_losses$132000$tensor([1.6698e-05, 1.2333e-06, 8.0504e-06, 1.8293e-05, 1.5190e-05, 2.6081e-05,
        1.1219e-05, 1.7570e-06, 4.8445e-06, 1.8607e-07, 1.7015e-05, 1.9449e-05,
        7.9660e-06, 1.2005e-05, 6.6539e-08, 1.8107e-06, 2.2642e-07, 3.6354e-07,
        1.2773e-05, 3.0675e-06])//
train_examples$132000$10000.0//
train_loss$134000$8.211037516593934e-06//
train_individual_losses$134000$tensor([1.7597e-05, 1.0095e-06, 7.6637e-06, 1.9077e-05, 1.0114e-05, 2.5080e-05,
        1.3178e-05, 4.5339e-06, 3.8480e-06, 2.6014e-07, 1.0035e-05, 1.7238e-05,
        4.7462e-06, 7.5731e-06, 6.7540e-08, 1.5576e-06, 2.6726e-07, 6.0216e-06,
        1.1513e-05, 2.8402e-06])//
train_examples$134000$10000.0//
train_loss$136000$8.236773610115052e-06//
train_individual_losses$136000$tensor([1.8900e-05, 9.3611e-07, 9.1731e-06, 1.8849e-05, 1.1719e-05, 2.4970e-05,
        1.6596e-05, 8.1475e-07, 3.1377e-06, 1.2405e-07, 1.1262e-05, 1.9741e-05,
        4.7492e-06, 6.0827e-06, 7.6427e-07, 8.7965e-07, 7.8640e-07, 5.4741e-07,
        1.1920e-05, 2.7818e-06])//
train_examples$136000$10000.0//
train_loss$138000$8.878524899482727e-06//
train_individual_losses$138000$tensor([1.7076e-05, 8.2405e-07, 1.1139e-05, 1.8866e-05, 1.1077e-05, 2.6372e-05,
        1.1500e-05, 1.1991e-06, 9.8349e-06, 7.2177e-06, 1.6573e-05, 1.7844e-05,
        4.7501e-06, 4.2188e-06, 5.4666e-08, 5.5134e-07, 3.0890e-07, 1.0138e-07,
        1.4066e-05, 3.9963e-06])//
train_examples$138000$10000.0//
train_loss$140000$8.435304164886474e-06//
train_individual_losses$140000$tensor([1.7487e-05, 9.6966e-07, 7.3370e-06, 2.0931e-05, 9.2557e-06, 3.1967e-05,
        1.3960e-05, 1.4980e-06, 6.5668e-06, 1.2184e-07, 1.0612e-05, 1.8767e-05,
        4.7455e-06, 6.7564e-06, 6.9297e-08, 2.1347e-06, 4.3895e-07, 1.9711e-07,
        1.2267e-05, 2.6232e-06])//
train_examples$140000$10000.0//
train_loss$142000$8.183891177177429e-06//
train_individual_losses$142000$tensor([1.7424e-05, 2.6240e-06, 7.4908e-06, 1.8474e-05, 9.2920e-06, 2.4350e-05,
        1.1227e-05, 2.2861e-06, 2.8862e-06, 9.2689e-07, 1.0369e-05, 1.7402e-05,
        4.2434e-06, 4.5411e-06, 1.3568e-05, 1.3695e-06, 5.7458e-07, 2.1213e-07,
        1.1818e-05, 2.5996e-06])//
train_examples$142000$10000.0//
train_loss$144000$7.764293551445007e-06//
train_individual_losses$144000$tensor([1.8944e-05, 8.9448e-07, 7.3476e-06, 1.9066e-05, 1.0849e-05, 2.5187e-05,
        1.0857e-05, 8.5650e-07, 4.0130e-06, 2.4501e-07, 1.2989e-05, 1.7432e-05,
        5.3084e-06, 5.1693e-06, 2.6357e-07, 5.9123e-07, 3.6133e-07, 2.9857e-07,
        1.1848e-05, 2.7638e-06])//
train_examples$144000$10000.0//
train_loss$146000$8.663651347160339e-06//
train_individual_losses$146000$tensor([1.8615e-05, 4.0659e-06, 7.1249e-06, 1.8454e-05, 9.9608e-06, 2.6436e-05,
        1.1172e-05, 8.8076e-07, 4.5551e-06, 1.7981e-06, 2.2540e-05, 1.7860e-05,
        4.6845e-06, 6.0775e-06, 5.3613e-08, 9.3516e-07, 6.7117e-07, 1.2143e-07,
        1.2193e-05, 5.0737e-06])//
train_examples$146000$10000.0//
train_loss$148000$8.620644211769105e-06//
train_individual_losses$148000$tensor([1.7477e-05, 7.6508e-06, 7.5885e-06, 2.0561e-05, 9.5048e-06, 2.5237e-05,
        9.8356e-06, 8.5903e-07, 4.7201e-06, 1.3092e-06, 9.3743e-06, 1.7199e-05,
        3.4939e-06, 4.9806e-06, 1.3052e-06, 8.7578e-07, 1.4448e-05, 7.2959e-07,
        1.2483e-05, 2.7812e-06])//
train_examples$148000$10000.0//
train_loss$150000$8.096289038658142e-06//
train_individual_losses$150000$tensor([1.7249e-05, 7.7329e-07, 1.1786e-05, 2.0254e-05, 9.3906e-06, 2.3379e-05,
        1.1222e-05, 7.6563e-07, 3.5145e-06, 4.5831e-07, 1.8008e-05, 1.8720e-05,
        4.0137e-06, 5.5124e-06, 1.8731e-07, 9.1992e-07, 2.2047e-07, 2.6820e-07,
        1.2278e-05, 3.0067e-06])//
train_examples$150000$10000.0//
train_loss$152000$7.565289735794067e-06//
train_individual_losses$152000$tensor([1.6978e-05, 7.2544e-07, 8.0952e-06, 1.8976e-05, 9.7190e-06, 2.3401e-05,
        1.2342e-05, 7.1425e-07, 7.3043e-06, 1.4654e-07, 1.0992e-05, 1.8333e-05,
        2.9773e-06, 4.3207e-06, 4.2899e-08, 6.9234e-07, 2.2781e-07, 1.9408e-07,
        1.2483e-05, 2.6410e-06])//
train_examples$152000$10000.0//
train_loss$154000$7.524184584617615e-06//
train_individual_losses$154000$tensor([1.7445e-05, 8.7221e-07, 9.2823e-06, 1.8951e-05, 1.0610e-05, 2.2993e-05,
        9.3337e-06, 1.0861e-06, 2.7796e-06, 1.1990e-07, 9.1994e-06, 1.7904e-05,
        4.7831e-06, 6.4410e-06, 5.6924e-07, 1.7947e-06, 2.1737e-07, 1.1161e-06,
        1.1973e-05, 3.0128e-06])//
train_examples$154000$10000.0//
train_loss$156000$8.041197657585144e-06//
train_individual_losses$156000$tensor([1.7306e-05, 7.6252e-07, 7.8226e-06, 1.9362e-05, 1.0176e-05, 2.7112e-05,
        1.8686e-05, 1.1813e-06, 2.9342e-06, 1.1497e-06, 1.1593e-05, 1.7454e-05,
        3.0546e-06, 4.4617e-06, 1.0006e-07, 1.9980e-06, 2.8186e-07, 3.2979e-07,
        1.1496e-05, 3.5633e-06])//
train_examples$156000$10000.0//
train_loss$158000$7.717111110687256e-06//
train_individual_losses$158000$tensor([1.8243e-05, 8.2294e-07, 7.5222e-06, 1.9321e-05, 9.1425e-06, 2.2930e-05,
        1.5293e-05, 6.2710e-07, 2.8835e-06, 2.2247e-07, 9.6319e-06, 1.9108e-05,
        5.4251e-06, 4.2573e-06, 6.0077e-07, 5.6958e-07, 2.7869e-07, 1.2177e-07,
        1.4039e-05, 3.3027e-06])//
train_examples$158000$10000.0//
train_loss$160000$7.886593341827392e-06//
train_individual_losses$160000$tensor([1.7182e-05, 2.4026e-06, 7.3122e-06, 1.9237e-05, 1.0756e-05, 2.3494e-05,
        9.6884e-06, 7.2196e-07, 4.0452e-06, 2.7855e-07, 9.1514e-06, 1.9541e-05,
        7.7954e-06, 5.2767e-06, 1.0010e-07, 2.3602e-06, 2.1674e-07, 1.7445e-06,
        1.2885e-05, 3.5421e-06])//
train_examples$160000$10000.0//
train_loss$162000$7.618662714958191e-06//
train_individual_losses$162000$tensor([1.7694e-05, 3.1795e-06, 9.1197e-06, 2.0000e-05, 9.7843e-06, 2.2652e-05,
        1.1441e-05, 6.0000e-07, 2.5624e-06, 1.3366e-07, 1.1533e-05, 1.8323e-05,
        3.3212e-06, 4.7621e-06, 4.1465e-07, 5.8878e-07, 3.9787e-07, 2.4028e-07,
        1.1880e-05, 3.7439e-06])//
train_examples$162000$10000.0//
train_loss$164000$8.424761891365052e-06//
train_individual_losses$164000$tensor([1.7863e-05, 7.5982e-07, 8.4280e-06, 2.0530e-05, 1.0077e-05, 2.2176e-05,
        8.3274e-06, 2.2159e-06, 3.1732e-06, 1.3429e-05, 1.0813e-05, 1.7648e-05,
        4.3413e-06, 4.6641e-06, 1.9345e-06, 8.4971e-07, 6.0960e-06, 8.8820e-08,
        1.2294e-05, 2.7855e-06])//
train_examples$164000$10000.0//
train_loss$166000$7.416386604309082e-06//
train_individual_losses$166000$tensor([1.7025e-05, 8.8037e-07, 7.5820e-06, 1.7800e-05, 8.7028e-06, 2.8256e-05,
        9.3829e-06, 5.9923e-07, 2.6809e-06, 4.4386e-07, 1.0646e-05, 1.9323e-05,
        3.2796e-06, 3.8533e-06, 3.8244e-08, 4.8855e-07, 2.1425e-07, 8.2037e-08,
        1.3475e-05, 3.5746e-06])//
train_examples$166000$10000.0//
train_loss$168000$7.80555009841919e-06//
train_individual_losses$168000$tensor([1.6891e-05, 3.8983e-07, 8.9888e-06, 2.0723e-05, 9.7630e-06, 2.9049e-05,
        7.8231e-06, 4.6103e-07, 3.9467e-06, 1.3448e-07, 1.0294e-05, 2.3263e-05,
        3.0821e-06, 5.7328e-06, 4.4127e-08, 4.8720e-07, 3.6680e-07, 1.6176e-07,
        1.1702e-05, 2.8063e-06])//
train_examples$168000$10000.0//
train_loss$170000$7.578321099281311e-06//
train_individual_losses$170000$tensor([1.8212e-05, 3.6505e-07, 7.7105e-06, 2.0379e-05, 8.9455e-06, 2.4159e-05,
        9.4878e-06, 6.7110e-07, 3.4716e-06, 7.9479e-07, 9.5233e-06, 2.0522e-05,
        2.9409e-06, 7.0811e-06, 3.8727e-08, 8.5813e-07, 2.2062e-07, 6.7894e-07,
        1.2507e-05, 2.9989e-06])//
train_examples$170000$10000.0//
train_loss$172000$1.0584920644760132e-05//
train_individual_losses$172000$tensor([1.7494e-05, 4.1893e-07, 1.0194e-05, 1.8133e-05, 9.8640e-06, 2.3534e-05,
        7.4660e-06, 4.8050e-06, 7.0930e-06, 3.5466e-07, 9.4520e-06, 1.7654e-05,
        3.5497e-06, 6.4680e-06, 5.6656e-05, 3.5527e-06, 1.7258e-07, 4.8079e-07,
        1.1773e-05, 2.5832e-06])//
train_examples$172000$10000.0//
train_loss$174000$7.567199468612671e-06//
train_individual_losses$174000$tensor([1.7244e-05, 4.0689e-07, 8.7470e-06, 2.1373e-05, 8.8485e-06, 2.5689e-05,
        8.3943e-06, 1.5991e-06, 2.4965e-06, 1.4191e-07, 9.4044e-06, 1.9312e-05,
        2.9482e-06, 5.2744e-06, 3.6854e-07, 5.3693e-07, 3.3984e-06, 2.0037e-07,
        1.1714e-05, 3.2466e-06])//
train_examples$174000$10000.0//
train_loss$176000$7.439250946044922e-06//
train_individual_losses$176000$tensor([1.7212e-05, 1.6353e-06, 7.6470e-06, 1.8563e-05, 9.8822e-06, 2.2381e-05,
        8.1427e-06, 2.7274e-06, 3.2006e-06, 1.2741e-06, 1.1428e-05, 1.7965e-05,
        3.2525e-06, 3.8662e-06, 1.0474e-06, 3.6083e-07, 2.3764e-07, 2.0038e-06,
        1.2024e-05, 3.9351e-06])//
train_examples$176000$10000.0//
train_loss$178000$6.946237087249756e-06//
train_individual_losses$178000$tensor([1.7057e-05, 6.7038e-07, 8.9802e-06, 1.7913e-05, 8.6223e-06, 2.2238e-05,
        7.2393e-06, 3.1509e-07, 2.4904e-06, 1.0515e-07, 9.2445e-06, 1.7543e-05,
        2.8461e-06, 4.3009e-06, 2.8577e-06, 4.6144e-07, 4.3631e-07, 1.5882e-07,
        1.2398e-05, 3.0471e-06])//
train_examples$178000$10000.0//
train_loss$180000$7.09928035736084e-06//
train_individual_losses$180000$tensor([1.6703e-05, 4.5916e-07, 7.3395e-06, 1.8342e-05, 1.1019e-05, 2.1595e-05,
        6.8737e-06, 3.1398e-07, 2.8039e-06, 1.4347e-07, 1.1323e-05, 1.7588e-05,
        3.5295e-06, 7.7933e-06, 4.4299e-08, 1.1837e-06, 2.9232e-07, 7.7291e-08,
        1.1693e-05, 2.8683e-06])//
train_examples$180000$10000.0//
train_loss$182000$7.886298894882202e-06//
train_individual_losses$182000$tensor([1.7006e-05, 4.9657e-07, 7.3706e-06, 1.9359e-05, 1.2490e-05, 2.4049e-05,
        1.0506e-05, 3.1328e-07, 2.5296e-06, 9.6061e-08, 1.3525e-05, 1.8805e-05,
        3.8364e-06, 4.8316e-06, 1.0422e-07, 9.6297e-07, 1.9055e-06, 2.5770e-06,
        1.4169e-05, 2.7939e-06])//
train_examples$182000$10000.0//
train_loss$184000$7.598648071289063e-06//
train_individual_losses$184000$tensor([1.7424e-05, 1.1990e-06, 7.4504e-06, 1.9484e-05, 1.0145e-05, 2.2560e-05,
        7.2408e-06, 2.9399e-07, 2.9703e-06, 2.5782e-06, 9.1989e-06, 1.9314e-05,
        4.7484e-06, 1.0396e-05, 3.3791e-08, 1.7526e-06, 3.1962e-07, 2.8171e-07,
        1.1618e-05, 2.9651e-06])//
train_examples$184000$10000.0//
train_loss$186000$7.420983910560608e-06//
train_individual_losses$186000$tensor([1.7023e-05, 3.3967e-07, 7.9294e-06, 1.8262e-05, 1.4265e-05, 2.1909e-05,
        6.3447e-06, 2.2621e-07, 3.1668e-06, 2.8942e-07, 1.5950e-05, 1.7478e-05,
        3.1351e-06, 5.1023e-06, 3.2036e-07, 3.5262e-07, 1.8557e-07, 8.0116e-08,
        1.1752e-05, 4.3088e-06])//
train_examples$186000$10000.0//
train_loss$188000$7.284095287322998e-06//
train_individual_losses$188000$tensor([1.7724e-05, 4.3259e-07, 7.3696e-06, 2.0031e-05, 9.7697e-06, 2.2004e-05,
        7.9321e-06, 2.0549e-07, 3.3580e-06, 7.7845e-07, 9.2204e-06, 1.7258e-05,
        3.9555e-06, 3.9640e-06, 5.1951e-07, 3.4290e-07, 4.7969e-07, 6.3676e-07,
        1.6217e-05, 3.4831e-06])//
train_examples$188000$10000.0//
train_loss$190000$7.647063732147216e-06//
train_individual_losses$190000$tensor([1.7449e-05, 3.1918e-07, 9.7017e-06, 1.9776e-05, 1.3270e-05, 2.2622e-05,
        9.6631e-06, 3.5074e-07, 2.2401e-06, 9.8737e-08, 1.3070e-05, 1.7948e-05,
        3.6874e-06, 4.0664e-06, 2.9829e-08, 3.3828e-07, 1.0731e-06, 1.7553e-07,
        1.4390e-05, 2.6708e-06])//
train_examples$190000$10000.0//
train_loss$192000$8.268015384674072e-06//
train_individual_losses$192000$tensor([1.8923e-05, 4.6492e-06, 7.0013e-06, 2.0250e-05, 1.2776e-05, 3.1060e-05,
        9.0004e-06, 3.7979e-07, 2.9892e-06, 7.8888e-07, 1.4145e-05, 1.7512e-05,
        3.4860e-06, 5.0160e-06, 1.0371e-07, 9.0080e-07, 1.5903e-07, 1.0383e-07,
        1.2503e-05, 3.6124e-06])//
train_examples$192000$10000.0//
train_loss$194000$7.26948082447052e-06//
train_individual_losses$194000$tensor([1.7994e-05, 2.5451e-07, 7.5944e-06, 1.7990e-05, 9.1689e-06, 2.2938e-05,
        6.6911e-06, 1.2615e-06, 3.3282e-06, 5.6042e-07, 9.6681e-06, 1.8908e-05,
        5.5410e-06, 4.0103e-06, 4.8337e-07, 2.0507e-06, 1.7155e-07, 1.2208e-07,
        1.3193e-05, 3.4603e-06])//
train_examples$194000$10000.0//
train_loss$196000$8.378127813339233e-06//
train_individual_losses$196000$tensor([1.7978e-05, 8.2014e-07, 8.4692e-06, 2.0140e-05, 8.5681e-06, 2.7615e-05,
        8.7668e-06, 9.3865e-07, 3.4781e-06, 9.7410e-08, 1.3407e-05, 1.7620e-05,
        6.5464e-06, 6.7306e-06, 4.8835e-07, 4.9165e-06, 1.7011e-07, 3.1446e-06,
        1.4308e-05, 3.3595e-06])//
train_examples$196000$10000.0//
train_loss$198000$6.967873573303223e-06//
train_individual_losses$198000$tensor([1.7211e-05, 2.3929e-07, 7.3224e-06, 2.1732e-05, 9.2314e-06, 2.2951e-05,
        6.3574e-06, 1.5998e-07, 2.4091e-06, 9.8308e-07, 9.6000e-06, 1.8601e-05,
        2.6500e-06, 4.6521e-06, 1.0733e-07, 3.1345e-07, 1.6393e-07, 5.9739e-08,
        1.1578e-05, 3.0356e-06])//
train_examples$198000$10000.0//
train_loss$200000$7.76122510433197e-06//
train_individual_losses$200000$tensor([1.6781e-05, 7.1905e-07, 8.0268e-06, 1.8535e-05, 8.8992e-06, 2.5409e-05,
        7.8724e-06, 3.1935e-07, 1.9941e-06, 1.6676e-07, 1.5609e-05, 1.7695e-05,
        1.0156e-05, 5.9608e-06, 1.4211e-06, 7.4073e-07, 2.8703e-07, 1.1555e-07,
        1.1648e-05, 2.8695e-06])//
train_examples$200000$10000.0