train_loss$0$111.00989866666667//
train_individual_losses$0$tensor([110.9396, 110.9495, 111.0755, 111.0590, 110.9495, 110.9454, 111.0451,
        111.0743, 111.0634, 111.0234, 110.9679, 110.9045, 111.0682, 111.0583,
        110.9444, 111.0548, 111.0287, 110.9153, 110.9772, 111.0478, 111.0634,
        110.9356, 111.0842, 111.1067, 110.9398, 111.0752, 110.9734, 111.0416,
        110.9995, 110.9863, 110.9777, 111.0424, 111.0485, 111.0155, 111.0816,
        111.0462, 110.9541, 111.0404, 110.9650, 110.9780, 110.9974, 111.0924,
        110.9231, 110.9957, 110.9372, 111.0699, 111.1332, 111.0061, 110.9406,
        110.9511])//
train_examples$0$60000.0//
train_loss$2350000$0.00019399544270833335//
train_individual_losses$2350000$tensor([3.9759e-04, 3.3087e-06, 1.3713e-04, 9.3383e-04, 2.5446e-04, 1.5334e-04,
        6.4198e-05, 4.7469e-04, 5.8080e-04, 1.2990e-04, 1.2573e-05, 7.0530e-04,
        2.9860e-05, 9.4509e-06, 5.4803e-05, 6.3966e-05, 5.7311e-05, 1.6537e-04,
        7.8428e-05, 2.0051e-04, 3.1669e-05, 2.5812e-05, 2.4825e-04, 1.3840e-04,
        1.6122e-05, 6.6255e-05, 1.7244e-04, 3.2547e-05, 8.9719e-05, 5.2110e-04,
        5.0745e-05, 3.2042e-04, 7.9129e-05, 1.3012e-04, 1.3590e-04, 1.4705e-05,
        2.3296e-04, 4.0854e-04, 9.0785e-05, 1.9154e-04, 1.7587e-04, 1.3061e-04,
        3.9426e-04, 1.8851e-04, 6.1591e-05, 2.3535e-05, 5.3232e-04, 4.1815e-04,
        5.5103e-06, 2.6546e-04])//
train_examples$2350000$60000.0