train_loss$0$1.8520216796875//
train_individual_losses$0$tensor([0.8375, 2.7367, 0.8341, 0.0646, 6.8529, 0.6096, 0.4160, 5.5883, 0.0451,
        0.5354])//
train_examples$0$8000.0//
train_loss$1600$0.01319484100341797//
train_individual_losses$1600$tensor([1.2104e-03, 5.6005e-03, 7.7453e-03, 1.2276e-04, 7.5779e-02, 1.8917e-03,
        1.6173e-03, 3.7323e-02, 2.5774e-05, 6.3253e-04])//
train_examples$1600$8000.0//
train_loss$3200$0.003941417312622071//
train_individual_losses$3200$tensor([1.4205e-04, 1.2125e-03, 5.8501e-04, 6.7258e-05, 2.4614e-02, 9.3807e-05,
        1.5911e-04, 1.2469e-02, 1.6404e-05, 5.4851e-05])//
train_examples$3200$8000.0//
train_loss$4800$0.0011348206520080566//
train_individual_losses$4800$tensor([5.7187e-05, 1.9500e-04, 1.3053e-04, 4.1474e-05, 7.5224e-03, 6.1977e-05,
        1.1994e-04, 3.1662e-03, 8.6851e-06, 4.4766e-05])//
train_examples$4800$8000.0//
train_loss$6400$0.0002884220600128174//
train_individual_losses$6400$tensor([4.7675e-05, 9.7178e-05, 1.0204e-04, 1.9256e-05, 1.8696e-03, 4.3095e-05,
        9.7560e-05, 5.7099e-04, 3.5813e-06, 3.3263e-05])//
train_examples$6400$8000.0//
train_loss$8000$8.832039833068848e-05//
train_individual_losses$8000$tensor([3.2668e-05, 9.0195e-05, 6.1797e-05, 7.1688e-06, 3.7123e-04, 2.0985e-05,
        6.1115e-05, 2.1770e-04, 1.0561e-06, 1.9289e-05])//
train_examples$8000$8000.0//
train_loss$9600$5.464720129966736e-05//
train_individual_losses$9600$tensor([1.7034e-05, 7.7792e-05, 2.5402e-05, 1.7801e-06, 2.0785e-04, 6.6368e-06,
        2.1027e-05, 1.7997e-04, 4.8521e-07, 8.5013e-06])//
train_examples$9600$8000.0//
train_loss$11200$3.896483778953552e-05//
train_individual_losses$11200$tensor([8.5266e-06, 5.3291e-05, 7.8199e-06, 6.3177e-07, 1.7379e-04, 2.5736e-06,
        3.9260e-06, 1.3578e-04, 3.2405e-07, 2.9836e-06])//
train_examples$11200$8000.0//
train_loss$12800$2.6379767060279846e-05//
train_individual_losses$12800$tensor([3.6393e-06, 1.8544e-05, 2.3388e-06, 4.3325e-07, 1.4441e-04, 1.1427e-06,
        1.0665e-06, 9.0830e-05, 2.6935e-07, 1.1250e-06])//
train_examples$12800$8000.0//
train_loss$14400$1.8165145814418794e-05//
train_individual_losses$14400$tensor([1.1894e-06, 2.9684e-06, 6.9132e-07, 3.2305e-07, 1.2309e-04, 6.3683e-07,
        3.6975e-07, 5.1647e-05, 2.2468e-07, 5.1413e-07])//
train_examples$14400$8000.0//
train_loss$16000$1.3134834170341492e-05//
train_individual_losses$16000$tensor([3.8125e-07, 6.3916e-07, 4.2855e-07, 2.2502e-07, 1.0515e-04, 4.0818e-07,
        2.5744e-07, 2.3329e-05, 1.7399e-07, 3.5113e-07])//
train_examples$16000$8000.0//
train_loss$17600$9.87614244222641e-06//
train_individual_losses$17600$tensor([2.4068e-07, 2.8384e-07, 3.3241e-07, 1.7326e-07, 8.5041e-05, 3.1187e-07,
        2.3539e-07, 1.1715e-05, 1.6132e-07, 2.6706e-07])//
train_examples$17600$8000.0//
train_loss$19200$6.70890212059021e-06//
train_individual_losses$19200$tensor([1.9060e-07, 2.2390e-07, 2.8163e-07, 1.7176e-07, 5.7554e-05, 2.5327e-07,
        1.7758e-07, 7.8706e-06, 1.3570e-07, 2.2997e-07])//
train_examples$19200$8000.0//
train_loss$20800$3.4337542951107025e-06//
train_individual_losses$20800$tensor([1.1676e-07, 2.1518e-07, 2.3129e-07, 1.1658e-07, 2.8665e-05, 2.2390e-07,
        1.2869e-07, 4.3669e-06, 1.1368e-07, 1.5916e-07])//
train_examples$20800$8000.0//
train_loss$22400$1.6952631995081902e-06//
train_individual_losses$22400$tensor([8.9902e-08, 1.4659e-07, 2.2311e-07, 9.9432e-08, 1.4490e-05, 1.6823e-07,
        1.0305e-07, 1.4055e-06, 1.0330e-07, 1.2315e-07])//
train_examples$22400$8000.0//
train_loss$24000$9.564319625496864e-07//
train_individual_losses$24000$tensor([6.6788e-08, 1.1507e-07, 1.7945e-07, 9.0015e-08, 8.4517e-06, 1.6439e-07,
        8.7521e-08, 1.9565e-07, 9.6917e-08, 1.1685e-07])//
train_examples$24000$8000.0//
train_loss$25600$5.547766108065844e-07//
train_individual_losses$25600$tensor([1.1361e-07, 1.0549e-07, 2.3812e-07, 9.2128e-08, 4.4295e-06, 1.6016e-07,
        9.2429e-08, 8.1772e-08, 1.4190e-07, 9.2635e-08])//
train_examples$25600$8000.0//
train_loss$27200$2.856532344594598e-07//
train_individual_losses$27200$tensor([4.6382e-08, 8.6095e-08, 1.4346e-07, 7.8761e-08, 1.9858e-06, 1.5463e-07,
        8.5918e-08, 7.4917e-08, 1.3789e-07, 6.2679e-08])//
train_examples$27200$8000.0//
train_loss$28800$1.9387786742299796e-07//
train_individual_losses$28800$tensor([4.4161e-08, 6.9732e-08, 1.4187e-07, 7.0118e-08, 1.2450e-06, 1.0048e-07,
        6.8683e-08, 5.2759e-08, 7.7713e-08, 6.8286e-08])//
train_examples$28800$8000.0//
train_loss$30400$1.730477437376976e-07//
train_individual_losses$30400$tensor([3.5655e-08, 6.4902e-08, 1.3068e-07, 7.7583e-08, 1.0769e-06, 9.3650e-08,
        7.0031e-08, 5.1585e-08, 8.7954e-08, 4.1504e-08])//
train_examples$30400$8000.0//
train_loss$32000$1.4926050789654254e-07//
train_individual_losses$32000$tensor([4.8467e-08, 5.9070e-08, 1.1792e-07, 7.0372e-08, 9.0092e-07, 8.9717e-08,
        6.4394e-08, 3.9480e-08, 6.9841e-08, 3.2422e-08])//
train_examples$32000$8000.0//
train_loss$33600$1.6828743973746895e-07//
train_individual_losses$33600$tensor([5.7594e-08, 4.9874e-08, 2.2381e-07, 6.8761e-08, 7.6210e-07, 1.6888e-07,
        6.6234e-08, 1.2370e-07, 9.9693e-08, 6.2233e-08])//
train_examples$33600$8000.0//
train_loss$35200$1.2383464490994812e-07//
train_individual_losses$35200$tensor([3.0170e-08, 7.3680e-08, 1.2791e-07, 6.3041e-08, 6.3305e-07, 9.2635e-08,
        6.2617e-08, 4.8715e-08, 8.4667e-08, 2.1859e-08])//
train_examples$35200$8000.0//
train_loss$36800$1.0293012019246817e-07//
train_individual_losses$36800$tensor([2.4056e-08, 4.1864e-08, 1.1399e-07, 4.9804e-08, 5.5713e-07, 8.1126e-08,
        4.7473e-08, 2.9993e-08, 5.9123e-08, 2.4744e-08])//
train_examples$36800$8000.0//
train_loss$38400$9.525842615403235e-08//
train_individual_losses$38400$tensor([3.4985e-08, 3.8332e-08, 1.0057e-07, 4.9647e-08, 5.0757e-07, 7.2990e-08,
        4.7071e-08, 2.8971e-08, 5.6777e-08, 1.5674e-08])//
train_examples$38400$8000.0//
train_loss$40000$8.750425768084824e-08//
train_individual_losses$40000$tensor([2.0730e-08, 7.0702e-08, 9.1503e-08, 4.5804e-08, 4.0369e-07, 6.5773e-08,
        4.6381e-08, 5.2875e-08, 5.9126e-08, 1.8462e-08])//
train_examples$40000$8000.0//
train_loss$41600$8.474532514810563e-08//
train_individual_losses$41600$tensor([3.1288e-08, 7.2242e-08, 1.1134e-07, 4.9115e-08, 3.0734e-07, 8.5333e-08,
        4.3179e-08, 3.3065e-08, 7.5603e-08, 3.8954e-08])//
train_examples$41600$8000.0//
train_loss$43200$6.709005683660508e-08//
train_individual_losses$43200$tensor([1.9876e-08, 3.4588e-08, 8.1119e-08, 4.6971e-08, 2.5038e-07, 6.1434e-08,
        4.2265e-08, 2.4157e-08, 5.0336e-08, 5.9778e-08])//
train_examples$43200$8000.0//
train_loss$44800$5.446494906209409e-08//
train_individual_losses$44800$tensor([2.0065e-08, 2.9938e-08, 8.1646e-08, 4.0589e-08, 1.8792e-07, 5.3737e-08,
        3.9962e-08, 2.3786e-08, 4.9165e-08, 1.7844e-08])//
train_examples$44800$8000.0//
train_loss$46400$5.3814577404409644e-08//
train_individual_losses$46400$tensor([1.6939e-08, 3.8164e-08, 7.5572e-08, 3.8453e-08, 1.7743e-07, 5.0346e-08,
        3.9519e-08, 2.2332e-08, 4.6655e-08, 3.2740e-08])//
train_examples$46400$8000.0//
train_loss$48000$4.4343931949697434e-08//
train_individual_losses$48000$tensor([1.6617e-08, 2.8040e-08, 7.1621e-08, 4.5066e-08, 1.1115e-07, 4.8242e-08,
        4.3751e-08, 2.0193e-08, 5.0001e-08, 8.7553e-09])//
train_examples$48000$8000.0//
train_loss$49600$4.176154325250536e-08//
train_individual_losses$49600$tensor([3.1976e-08, 3.6580e-08, 6.5808e-08, 3.6724e-08, 8.4259e-08, 4.6514e-08,
        3.6371e-08, 2.3821e-08, 4.6945e-08, 8.6158e-09])//
train_examples$49600$8000.0//
train_loss$51200$3.739887033589184e-08//
train_individual_losses$51200$tensor([1.8374e-08, 2.8924e-08, 6.2734e-08, 3.9997e-08, 6.9405e-08, 4.5827e-08,
        3.7857e-08, 1.8584e-08, 4.3031e-08, 9.2552e-09])//
train_examples$51200$8000.0//
train_loss$52800$4.0512162377126515e-08//
train_individual_losses$52800$tensor([2.0903e-08, 2.8745e-08, 7.3640e-08, 3.4127e-08, 5.7281e-08, 5.1527e-08,
        3.4652e-08, 2.2638e-08, 5.9137e-08, 2.2472e-08])//
train_examples$52800$8000.0//
train_loss$54400$4.423676000442356e-08//
train_individual_losses$54400$tensor([2.0137e-08, 2.9684e-08, 7.5900e-08, 3.4605e-08, 4.8997e-08, 7.4915e-08,
        3.7231e-08, 2.4931e-08, 5.7167e-08, 3.8801e-08])//
train_examples$54400$8000.0//
train_loss$56000$4.3597817420959475e-08//
train_individual_losses$56000$tensor([2.9802e-08, 2.7515e-08, 8.3727e-08, 3.1449e-08, 7.4029e-08, 5.6607e-08,
        4.2201e-08, 1.7055e-08, 5.7937e-08, 1.5656e-08])//
train_examples$56000$8000.0//
train_loss$57600$3.328388556838036e-08//
train_individual_losses$57600$tensor([1.1755e-08, 3.3958e-08, 5.3418e-08, 4.1989e-08, 5.7876e-08, 3.7019e-08,
        3.1594e-08, 1.8126e-08, 4.1034e-08, 6.0694e-09])//
train_examples$57600$8000.0//
train_loss$59200$4.57722955616191e-08//
train_individual_losses$59200$tensor([1.1380e-08, 3.6464e-08, 6.7823e-08, 7.8508e-08, 5.6690e-08, 4.5498e-08,
        6.6742e-08, 2.8510e-08, 5.5303e-08, 1.0805e-08])//
train_examples$59200$8000.0//
train_loss$60800$3.517356235533953e-08//
train_individual_losses$60800$tensor([1.2578e-08, 3.8271e-08, 7.4107e-08, 3.5878e-08, 2.8128e-08, 5.6971e-08,
        4.4782e-08, 1.7312e-08, 3.8136e-08, 5.5718e-09])//
train_examples$60800$8000.0//
train_loss$62400$3.206450492143631e-08//
train_individual_losses$62400$tensor([4.1130e-08, 3.0734e-08, 4.7093e-08, 3.3550e-08, 2.6249e-08, 3.6839e-08,
        2.9027e-08, 2.3956e-08, 3.7961e-08, 1.4106e-08])//
train_examples$62400$8000.0//
train_loss$64000$3.1486840452998876e-08//
train_individual_losses$64000$tensor([9.8415e-09, 2.1799e-08, 7.2767e-08, 3.1022e-08, 2.5133e-08, 4.5338e-08,
        3.4903e-08, 1.7767e-08, 5.0517e-08, 5.7799e-09])//
train_examples$64000$8000.0//
train_loss$65600$3.37706645950675e-08//
train_individual_losses$65600$tensor([1.9384e-08, 4.7422e-08, 5.2362e-08, 2.8398e-08, 4.1825e-08, 5.8849e-08,
        2.7633e-08, 1.4958e-08, 3.3842e-08, 1.3034e-08])//
train_examples$65600$8000.0//
train_loss$67200$2.7690443675965072e-08//
train_individual_losses$67200$tensor([8.8978e-09, 3.4523e-08, 3.6127e-08, 2.6479e-08, 2.5386e-08, 2.9525e-08,
        3.0485e-08, 4.5840e-08, 3.3802e-08, 5.8399e-09])//
train_examples$67200$8000.0//
train_loss$68800$3.298655210528523e-08//
train_individual_losses$68800$tensor([1.4493e-08, 3.3469e-08, 4.3559e-08, 4.4066e-08, 3.9799e-08, 3.6127e-08,
        4.2292e-08, 1.4780e-08, 5.6908e-08, 4.3727e-09])//
train_examples$68800$8000.0//
train_loss$70400$2.9416164034046234e-08//
train_individual_losses$70400$tensor([2.1188e-08, 2.2091e-08, 3.2438e-08, 2.4701e-08, 8.3004e-08, 2.8215e-08,
        2.5543e-08, 1.4706e-08, 3.3149e-08, 9.1276e-09])//
train_examples$70400$8000.0//
train_loss$72000$2.5221265968866646e-08//
train_individual_losses$72000$tensor([8.1980e-09, 1.9543e-08, 3.6109e-08, 2.4473e-08, 2.8457e-08, 2.6304e-08,
        2.5332e-08, 1.3614e-08, 3.8603e-08, 3.1579e-08])//
train_examples$72000$8000.0//
train_loss$73600$3.549203975126147e-08//
train_individual_losses$73600$tensor([4.1070e-08, 1.9764e-08, 5.0762e-08, 4.1636e-08, 3.5207e-08, 2.9662e-08,
        3.4307e-08, 4.8471e-08, 4.9927e-08, 4.1135e-09])//
train_examples$73600$8000.0//
train_loss$75200$2.759831550065428e-08//
train_individual_losses$75200$tensor([1.5558e-08, 2.2003e-08, 3.4660e-08, 6.2582e-08, 2.6228e-08, 3.5300e-08,
        3.1639e-08, 1.3892e-08, 3.0483e-08, 3.6377e-09])//
train_examples$75200$8000.0//
train_loss$76800$2.4039365234784783e-08//
train_individual_losses$76800$tensor([1.8703e-08, 2.6508e-08, 2.7096e-08, 3.2902e-08, 2.2187e-08, 2.4080e-08,
        3.7506e-08, 1.5562e-08, 3.1382e-08, 4.4680e-09])//
train_examples$76800$8000.0//
train_loss$78400$3.2356457086279986e-08//
train_individual_losses$78400$tensor([8.0697e-09, 4.4375e-08, 3.3186e-08, 4.1539e-08, 5.1260e-08, 2.5338e-08,
        3.5485e-08, 3.2693e-08, 3.3580e-08, 1.8039e-08])//
train_examples$78400$8000.0//
train_loss$80000$2.3293125559575855e-08//
train_individual_losses$80000$tensor([2.6024e-08, 2.3392e-08, 2.2245e-08, 2.7253e-08, 2.0604e-08, 2.3141e-08,
        2.5627e-08, 1.5049e-08, 2.9610e-08, 1.9986e-08])//
train_examples$80000$8000.0