train_loss$0$111.01449333333333//
train_individual_losses$0$tensor([111.0017, 111.5124, 110.5771, 110.8112, 110.7544, 111.1806, 111.1587,
        111.0396, 111.1075, 110.9383, 110.7424, 111.1210, 111.1540, 110.8316,
        110.8823, 111.1850, 111.0419, 111.1187, 110.8696, 111.2618])//
train_examples$0$60000.0//
train_loss$2350000$0.0001403099314371745//
train_individual_losses$2350000$tensor([3.7534e-04, 3.9665e-04, 1.8905e-05, 7.1760e-05, 1.6941e-05, 3.1538e-05,
        7.6011e-06, 2.1617e-04, 1.1174e-05, 8.2194e-05, 9.6007e-06, 5.9214e-05,
        2.5001e-05, 6.0246e-05, 2.6396e-04, 9.2544e-04, 1.0903e-05, 6.9216e-05,
        1.0895e-04, 4.5398e-05])//
train_examples$2350000$60000.0