train_loss$0$0.283594140625//
train_individual_losses$0$tensor([0.0355, 0.0710, 0.1641, 1.7933, 0.1673, 0.0925, 0.1194, 0.2074, 0.0322,
        0.1532])//
train_examples$0$8000.0//
train_loss$1600$0.002789592170715332//
train_individual_losses$1600$tensor([1.9748e-05, 1.7157e-04, 3.0304e-03, 2.0318e-02, 2.1154e-04, 1.1155e-03,
        7.6553e-04, 1.8057e-03, 2.0911e-05, 4.3720e-04])//
train_examples$1600$8000.0//
train_loss$3200$0.000791093921661377//
train_individual_losses$3200$tensor([1.3414e-05, 2.5554e-05, 1.8655e-04, 7.2845e-03, 2.7766e-05, 3.5935e-05,
        2.3420e-05, 2.3818e-04, 9.9939e-06, 6.5596e-05])//
train_examples$3200$8000.0//
train_loss$4800$0.00027291080951690676//
train_individual_losses$4800$tensor([7.3430e-06, 1.5601e-05, 1.3585e-04, 2.3505e-03, 1.9109e-05, 2.3875e-05,
        1.7831e-05, 1.0390e-04, 7.7486e-06, 4.7300e-05])//
train_examples$4800$8000.0//
train_loss$6400$7.224408984184265e-05//
train_individual_losses$6400$tensor([2.8261e-06, 7.8416e-06, 7.9893e-05, 4.8058e-04, 1.0644e-05, 1.3697e-05,
        1.2922e-05, 8.3696e-05, 4.9715e-06, 2.5365e-05])//
train_examples$6400$8000.0//
train_loss$8000$2.4247783422470092e-05//
train_individual_losses$8000$tensor([8.7067e-07, 3.3678e-06, 3.4167e-05, 1.1999e-04, 5.1872e-06, 6.5445e-06,
        7.9564e-06, 5.2819e-05, 2.4667e-06, 9.1067e-06])//
train_examples$8000$8000.0//
train_loss$9600$1.3444814085960389e-05//
train_individual_losses$9600$tensor([2.8797e-07, 1.2100e-06, 1.1606e-05, 8.9945e-05, 2.2967e-06, 2.4954e-06,
        4.2624e-06, 1.9001e-05, 8.8779e-07, 2.4559e-06])//
train_examples$9600$8000.0//
train_loss$11200$7.729191333055497e-06//
train_individual_losses$11200$tensor([1.0757e-07, 3.2365e-07, 3.6252e-06, 6.3106e-05, 8.0444e-07, 9.0436e-07,
        2.2706e-06, 5.1974e-06, 2.3215e-07, 7.2020e-07])//
train_examples$11200$8000.0//
train_loss$12800$4.3791428208351135e-06//
train_individual_losses$12800$tensor([7.3190e-08, 8.7021e-08, 9.7058e-07, 3.8372e-05, 2.2621e-07, 3.2430e-07,
        9.6063e-07, 2.4637e-06, 1.1052e-07, 2.0320e-07])//
train_examples$12800$8000.0//
train_loss$14400$2.3461926728487014e-06//
train_individual_losses$14400$tensor([5.9264e-08, 5.7813e-08, 2.3921e-07, 2.1548e-05, 1.1082e-07, 1.6371e-07,
        2.9584e-07, 7.9030e-07, 8.7542e-08, 1.0932e-07])//
train_examples$14400$8000.0//
train_loss$16000$1.552117057144642e-06//
train_individual_losses$16000$tensor([4.7039e-08, 4.7436e-08, 1.1616e-07, 1.4658e-05, 8.8994e-08, 1.2061e-07,
        1.1685e-07, 1.7256e-07, 7.4079e-08, 7.9161e-08])//
train_examples$16000$8000.0//
train_loss$17600$1.1234762147068977e-06//
train_individual_losses$17600$tensor([4.4532e-08, 4.1259e-08, 6.9802e-08, 1.0611e-05, 7.4632e-08, 9.6132e-08,
        7.3316e-08, 1.0179e-07, 6.4037e-08, 5.8525e-08])//
train_examples$17600$8000.0//
train_loss$19200$7.513360120356083e-07//
train_individual_losses$19200$tensor([3.7159e-08, 3.8407e-08, 7.6798e-08, 6.9292e-06, 8.3243e-08, 9.2763e-08,
        8.7483e-08, 4.9435e-08, 7.1754e-08, 4.7109e-08])//
train_examples$19200$8000.0//
train_loss$20800$3.6900853738188743e-07//
train_individual_losses$20800$tensor([5.2380e-08, 4.5869e-08, 4.7427e-08, 3.2179e-06, 6.1356e-08, 7.4088e-08,
        6.3102e-08, 3.6085e-08, 5.3261e-08, 3.8600e-08])//
train_examples$20800$8000.0//
train_loss$22400$1.600149436853826e-07//
train_individual_losses$22400$tensor([3.8108e-08, 5.1235e-08, 4.2710e-08, 1.1712e-06, 5.7136e-08, 6.8977e-08,
        5.8381e-08, 2.8168e-08, 4.8749e-08, 3.5499e-08])//
train_examples$22400$8000.0//
train_loss$24000$9.189962293021381e-08//
train_individual_losses$24000$tensor([2.9991e-08, 3.2433e-08, 3.6255e-08, 5.1747e-07, 5.6093e-08, 6.2492e-08,
        6.2483e-08, 2.9970e-08, 6.0996e-08, 3.0816e-08])//
train_examples$24000$8000.0//
train_loss$25600$6.940019666217267e-08//
train_individual_losses$25600$tensor([2.8297e-08, 3.0702e-08, 3.0676e-08, 3.4379e-07, 5.6950e-08, 6.1525e-08,
        4.9183e-08, 2.0122e-08, 4.5756e-08, 2.7006e-08])//
train_examples$25600$8000.0//
train_loss$27200$5.7805096730589864e-08//
train_individual_losses$27200$tensor([3.0413e-08, 3.3373e-08, 3.3328e-08, 2.3053e-07, 5.4799e-08, 5.3033e-08,
        4.9611e-08, 1.8995e-08, 4.2702e-08, 3.1262e-08])//
train_examples$27200$8000.0//
train_loss$28800$4.6097562881186606e-08//
train_individual_losses$28800$tensor([2.5808e-08, 2.7760e-08, 2.2662e-08, 1.5707e-07, 4.2525e-08, 4.9492e-08,
        4.2532e-08, 2.3863e-08, 4.5717e-08, 2.3546e-08])//
train_examples$28800$8000.0//
train_loss$30400$3.775272925850004e-08//
train_individual_losses$30400$tensor([2.4676e-08, 2.7173e-08, 1.9448e-08, 1.0217e-07, 4.1644e-08, 5.0272e-08,
        3.3748e-08, 1.4813e-08, 4.1741e-08, 2.1843e-08])//
train_examples$30400$8000.0//
train_loss$32000$3.627670230343938e-08//
train_individual_losses$32000$tensor([2.5642e-08, 2.5358e-08, 1.8020e-08, 7.2128e-08, 4.7408e-08, 4.3294e-08,
        3.2258e-08, 2.1452e-08, 5.6581e-08, 2.0626e-08])//
train_examples$32000$8000.0//
train_loss$33600$3.02487809676677e-08//
train_individual_losses$33600$tensor([2.3624e-08, 2.4460e-08, 2.1620e-08, 5.1295e-08, 3.2937e-08, 4.1008e-08,
        2.9382e-08, 1.4931e-08, 4.3741e-08, 1.9490e-08])//
train_examples$33600$8000.0//
train_loss$35200$2.6363434153608977e-08//
train_individual_losses$35200$tensor([2.4857e-08, 2.2155e-08, 1.2329e-08, 4.0041e-08, 3.1734e-08, 3.7383e-08,
        2.2251e-08, 1.1990e-08, 3.6575e-08, 2.4318e-08])//
train_examples$35200$8000.0//
train_loss$36800$2.543689915910363e-08//
train_individual_losses$36800$tensor([2.2001e-08, 2.3353e-08, 1.0101e-08, 3.1789e-08, 3.7265e-08, 4.2366e-08,
        1.9359e-08, 1.1946e-08, 3.7908e-08, 1.8282e-08])//
train_examples$36800$8000.0//
train_loss$38400$2.3423398670274765e-08//
train_individual_losses$38400$tensor([2.0569e-08, 2.1622e-08, 1.2281e-08, 3.0305e-08, 2.8893e-08, 3.4747e-08,
        1.9331e-08, 1.1205e-08, 3.4226e-08, 2.1056e-08])//
train_examples$38400$8000.0//
train_loss$40000$2.2746945614926518e-08//
train_individual_losses$40000$tensor([2.8215e-08, 1.8868e-08, 8.9769e-09, 2.2822e-08, 2.8708e-08, 3.4628e-08,
        1.5175e-08, 9.9673e-09, 3.4245e-08, 2.5863e-08])//
train_examples$40000$8000.0//
train_loss$41600$1.9899383187294008e-08//
train_individual_losses$41600$tensor([2.0404e-08, 1.8014e-08, 8.4802e-09, 1.7641e-08, 2.7126e-08, 2.8763e-08,
        1.4898e-08, 9.0926e-09, 3.6980e-08, 1.7594e-08])//
train_examples$41600$8000.0//
train_loss$43200$1.84664546395652e-08//
train_individual_losses$43200$tensor([1.9064e-08, 1.4940e-08, 6.0765e-09, 2.0842e-08, 2.8446e-08, 2.5068e-08,
        1.1641e-08, 8.5936e-09, 3.2437e-08, 1.7557e-08])//
train_examples$43200$8000.0//
train_loss$44800$1.6937527107074858e-08//
train_individual_losses$44800$tensor([1.8902e-08, 1.3434e-08, 5.1211e-09, 1.0329e-08, 2.6831e-08, 2.4367e-08,
        1.3271e-08, 9.7538e-09, 3.1032e-08, 1.6334e-08])//
train_examples$44800$8000.0//
train_loss$46400$1.8525117775425314e-08//
train_individual_losses$46400$tensor([1.8932e-08, 1.1922e-08, 1.1959e-08, 9.0301e-09, 2.7650e-08, 3.7744e-08,
        1.0490e-08, 9.2080e-09, 3.0130e-08, 1.8185e-08])//
train_examples$46400$8000.0//
train_loss$48000$1.7327505338471384e-08//
train_individual_losses$48000$tensor([1.8089e-08, 1.4882e-08, 8.6682e-09, 9.4172e-09, 2.4002e-08, 2.1209e-08,
        2.1382e-08, 8.3770e-09, 3.1592e-08, 1.5658e-08])//
train_examples$48000$8000.0//
train_loss$49600$1.6503325605299323e-08//
train_individual_losses$49600$tensor([2.3671e-08, 1.0125e-08, 4.1296e-09, 6.2680e-09, 2.2419e-08, 2.8659e-08,
        1.3593e-08, 7.7391e-09, 2.9889e-08, 1.8542e-08])//
train_examples$49600$8000.0//
train_loss$51200$1.6831861285027116e-08//
train_individual_losses$51200$tensor([1.8767e-08, 9.3139e-09, 3.3814e-09, 6.4679e-09, 2.9793e-08, 1.9551e-08,
        8.2539e-09, 8.2843e-09, 4.6824e-08, 1.7683e-08])//
train_examples$51200$8000.0//
train_loss$52800$1.6413122648373246e-08//
train_individual_losses$52800$tensor([2.1313e-08, 1.0996e-08, 3.6415e-09, 9.1177e-09, 2.0402e-08, 1.9144e-08,
        2.5733e-08, 7.3794e-09, 2.8735e-08, 1.7670e-08])//
train_examples$52800$8000.0//
train_loss$54400$1.4651725359726696e-08//
train_individual_losses$54400$tensor([1.7473e-08, 1.0572e-08, 3.7219e-09, 3.9578e-09, 2.8059e-08, 2.4947e-08,
        6.1447e-09, 7.3130e-09, 2.8421e-08, 1.5908e-08])//
train_examples$54400$8000.0//
train_loss$56000$1.6026428784243763e-08//
train_individual_losses$56000$tensor([2.2219e-08, 7.9791e-09, 4.8460e-09, 4.5943e-09, 2.2012e-08, 1.8882e-08,
        1.5178e-08, 1.8780e-08, 2.6983e-08, 1.8791e-08])//
train_examples$56000$8000.0//
train_loss$57600$1.4976679813116788e-08//
train_individual_losses$57600$tensor([1.6933e-08, 1.3663e-08, 2.8072e-09, 3.8051e-09, 2.0075e-08, 1.8041e-08,
        5.9301e-09, 6.7648e-09, 4.6905e-08, 1.4842e-08])//
train_examples$57600$8000.0//
train_loss$59200$1.341545139439404e-08//
train_individual_losses$59200$tensor([1.6648e-08, 6.4519e-09, 5.4179e-09, 3.4054e-09, 2.3400e-08, 2.0585e-08,
        5.3502e-09, 1.1002e-08, 2.7808e-08, 1.4086e-08])//
train_examples$59200$8000.0//
train_loss$60800$1.3309763744473457e-08//
train_individual_losses$60800$tensor([1.8165e-08, 7.0898e-09, 5.1032e-09, 3.0761e-09, 1.9456e-08, 1.9265e-08,
        1.0376e-08, 6.9990e-09, 2.9740e-08, 1.3827e-08])//
train_examples$60800$8000.0//
train_loss$62400$1.439414918422699e-08//
train_individual_losses$62400$tensor([1.7101e-08, 1.2430e-08, 4.0578e-09, 9.1070e-09, 1.7221e-08, 1.7450e-08,
        4.8089e-09, 2.4033e-08, 2.4303e-08, 1.3429e-08])//
train_examples$62400$8000.0//
train_loss$64000$1.2774832430295647e-08//
train_individual_losses$64000$tensor([1.6280e-08, 5.6084e-09, 2.3196e-09, 4.8630e-09, 1.6522e-08, 2.6303e-08,
        6.3366e-09, 7.0440e-09, 2.9323e-08, 1.3149e-08])//
train_examples$64000$8000.0//
train_loss$65600$1.1648135114228353e-08//
train_individual_losses$65600$tensor([1.5507e-08, 5.6796e-09, 5.7972e-09, 3.4588e-09, 1.6288e-08, 1.6980e-08,
        5.0776e-09, 7.0208e-09, 2.6758e-08, 1.3915e-08])//
train_examples$65600$8000.0//
train_loss$67200$1.2300659727770835e-08//
train_individual_losses$67200$tensor([2.1146e-08, 6.1726e-09, 5.3305e-09, 2.6942e-09, 2.4153e-08, 1.7444e-08,
        4.2940e-09, 6.0720e-09, 2.2891e-08, 1.2808e-08])//
train_examples$67200$8000.0//
train_loss$68800$1.0815851419465616e-08//
train_individual_losses$68800$tensor([1.5804e-08, 5.2236e-09, 2.1947e-09, 2.9095e-09, 1.8042e-08, 1.7292e-08,
        5.4370e-09, 6.3863e-09, 2.1725e-08, 1.3145e-08])//
train_examples$68800$8000.0//
train_loss$70400$1.1377887130947783e-08//
train_individual_losses$70400$tensor([1.9852e-08, 5.3638e-09, 5.3144e-09, 2.6406e-09, 1.7563e-08, 1.7259e-08,
        4.8028e-09, 5.9437e-09, 2.2234e-08, 1.2807e-08])//
train_examples$70400$8000.0//
train_loss$72000$1.0425778600620107e-08//
train_individual_losses$72000$tensor([1.6331e-08, 4.1757e-09, 3.5926e-09, 2.5667e-09, 1.5026e-08, 1.8550e-08,
        4.0433e-09, 5.9626e-09, 2.1748e-08, 1.2261e-08])//
train_examples$72000$8000.0//
train_loss$73600$1.1632376845227555e-08//
train_individual_losses$73600$tensor([1.5009e-08, 1.0208e-08, 2.0142e-09, 2.5962e-09, 1.4096e-08, 1.8480e-08,
        6.6455e-09, 6.0978e-09, 2.9185e-08, 1.1991e-08])//
train_examples$73600$8000.0//
train_loss$75200$1.0281264985678717e-08//
train_individual_losses$75200$tensor([1.6192e-08, 3.8978e-09, 4.9888e-09, 2.2418e-09, 1.4063e-08, 1.8925e-08,
        3.7678e-09, 6.1451e-09, 2.0716e-08, 1.1875e-08])//
train_examples$75200$8000.0//
train_loss$76800$1.1610754881985485e-08//
train_individual_losses$76800$tensor([1.4775e-08, 1.0092e-08, 3.9558e-09, 3.7869e-09, 1.6961e-08, 1.8796e-08,
        4.0350e-09, 8.1157e-09, 1.9985e-08, 1.5605e-08])//
train_examples$76800$8000.0//
train_loss$78400$1.0450643458170816e-08//
train_individual_losses$78400$tensor([1.7506e-08, 3.8410e-09, 3.7690e-09, 4.1593e-09, 1.3351e-08, 1.6845e-08,
        4.1184e-09, 7.7006e-09, 2.0755e-08, 1.2461e-08])//
train_examples$78400$8000.0//
train_loss$80000$1.3295386452227832e-08//
train_individual_losses$80000$tensor([1.4533e-08, 8.6169e-09, 2.8282e-09, 1.0901e-08, 1.6174e-08, 2.4139e-08,
        1.5903e-08, 8.6796e-09, 1.9715e-08, 1.1463e-08])//
train_examples$80000$8000.0