train_loss$0$206.87834666666666//
train_individual_losses$0$tensor([264.8445, 226.7671, 149.8349, 200.2190, 191.9659, 191.1660, 215.9974,
        151.4673, 247.3093, 229.2124])//
train_examples$0$60000.0//
train_loss$9400$8.543939166666666//
train_individual_losses$9400$tensor([7.6569, 9.0420, 7.9277, 8.9191, 8.9215, 9.7038, 7.8345, 7.7295, 8.7818,
        8.9226])//
train_examples$9400$60000.0//
train_loss$18800$6.562744583333333//
train_individual_losses$18800$tensor([5.8127, 7.1143, 6.1277, 6.4388, 7.1195, 7.7466, 5.4674, 5.9032, 6.8182,
        7.0791])//
train_examples$18800$60000.0//
train_loss$28200$5.694927916666667//
train_individual_losses$28200$tensor([5.0844, 6.1284, 5.3742, 5.6043, 5.9772, 6.8879, 4.7008, 5.0775, 6.1418,
        5.9727])//
train_examples$28200$60000.0//
train_loss$37600$5.21692875//
train_individual_losses$37600$tensor([4.7327, 5.5889, 4.9959, 5.1619, 5.4423, 6.3208, 4.2993, 4.5714, 5.7785,
        5.2776])//
train_examples$37600$60000.0//
train_loss$47000$4.897259166666666//
train_individual_losses$47000$tensor([4.4481, 5.2422, 4.7708, 4.8870, 5.1194, 5.9262, 3.9762, 4.2406, 5.5143,
        4.8479])//
train_examples$47000$60000.0//
train_loss$56400$4.662154166666666//
train_individual_losses$56400$tensor([4.2594, 4.9443, 4.6298, 4.6678, 4.8619, 5.6689, 3.7546, 4.0233, 5.3080,
        4.5034])//
train_examples$56400$60000.0//
train_loss$65800$4.46907125//
train_individual_losses$65800$tensor([4.0806, 4.7168, 4.5191, 4.5236, 4.6324, 5.4311, 3.5932, 3.8631, 5.1553,
        4.1755])//
train_examples$65800$60000.0//
train_loss$75200$4.280143333333333//
train_individual_losses$75200$tensor([3.8580, 4.5372, 4.4004, 4.4066, 4.3791, 5.2125, 3.4341, 3.7311, 4.9995,
        3.8429])//
train_examples$75200$60000.0//
train_loss$84600$4.12288875//
train_individual_losses$84600$tensor([3.6402, 4.4016, 4.2848, 4.3206, 4.2180, 5.0616, 3.2580, 3.6062, 4.8379,
        3.5999])//
train_examples$84600$60000.0//
train_loss$94000$3.9686075//
train_individual_losses$94000$tensor([3.4577, 4.2728, 4.1562, 4.2300, 4.0562, 4.8855, 3.0980, 3.5277, 4.6249,
        3.3770])//
train_examples$94000$60000.0//
train_loss$103400$3.8197729166666665//
train_individual_losses$103400$tensor([3.3020, 4.1490, 4.0185, 4.1440, 3.9257, 4.6971, 2.9396, 3.4680, 4.4092,
        3.1447])//
train_examples$103400$60000.0//
train_loss$112800$3.6903591666666666//
train_individual_losses$112800$tensor([3.1814, 4.0727, 3.9152, 4.0463, 3.8089, 4.5451, 2.7594, 3.3947, 4.2273,
        2.9527])//
train_examples$112800$60000.0//
train_loss$122200$3.5741104166666666//
train_individual_losses$122200$tensor([3.0780, 3.9923, 3.8338, 3.9385, 3.7209, 4.4421, 2.5580, 3.3435, 4.0294,
        2.8046])//
train_examples$122200$60000.0//
train_loss$131600$3.4748295833333334//
train_individual_losses$131600$tensor([2.9882, 3.9208, 3.7706, 3.8173, 3.6450, 4.3563, 2.4060, 3.2958, 3.8721,
        2.6761])//
train_examples$131600$60000.0//
train_loss$141000$3.395072916666667//
train_individual_losses$141000$tensor([2.9122, 3.8660, 3.7281, 3.6899, 3.5746, 4.2785, 2.3023, 3.2612, 3.7631,
        2.5747])//
train_examples$141000$60000.0//
train_loss$150400$3.325951041666667//
train_individual_losses$150400$tensor([2.8530, 3.8163, 3.6895, 3.5754, 3.5174, 4.2188, 2.2097, 3.2305, 3.6668,
        2.4821])//
train_examples$150400$60000.0//
train_loss$159800$3.258663125//
train_individual_losses$159800$tensor([2.7891, 3.7660, 3.6451, 3.4699, 3.4718, 4.1523, 2.1218, 3.2042, 3.5800,
        2.3863])//
train_examples$159800$60000.0//
train_loss$169200$3.1926183333333333//
train_individual_losses$169200$tensor([2.7266, 3.7128, 3.6128, 3.3902, 3.4179, 4.0964, 2.0110, 3.1790, 3.4639,
        2.3156])//
train_examples$169200$60000.0//
train_loss$178600$3.1318797916666665//
train_individual_losses$178600$tensor([2.6798, 3.6651, 3.5984, 3.3156, 3.3745, 4.0331, 1.8863, 3.1403, 3.3776,
        2.2480])//
train_examples$178600$60000.0//
train_loss$188000$3.07421625//
train_individual_losses$188000$tensor([2.6344, 3.6240, 3.5543, 3.2430, 3.3540, 3.9890, 1.7253, 3.1178, 3.3133,
        2.1870])//
train_examples$188000$60000.0//
train_loss$197400$3.018939375//
train_individual_losses$197400$tensor([2.5861, 3.5872, 3.5273, 3.1818, 3.2988, 3.9302, 1.6200, 3.0899, 3.2502,
        2.1178])//
train_examples$197400$60000.0//
train_loss$206800$2.973551666666667//
train_individual_losses$206800$tensor([2.5436, 3.5494, 3.5049, 3.1111, 3.2599, 3.8890, 1.5370, 3.0662, 3.1982,
        2.0763])//
train_examples$206800$60000.0//
train_loss$216200$2.928007291666667//
train_individual_losses$216200$tensor([2.5128, 3.5070, 3.4829, 3.0433, 3.2122, 3.8476, 1.4581, 3.0317, 3.1461,
        2.0384])//
train_examples$216200$60000.0//
train_loss$225600$2.8903375//
train_individual_losses$225600$tensor([2.4886, 3.4747, 3.4615, 2.9665, 3.1814, 3.8076, 1.3955, 3.0086, 3.1118,
        2.0071])//
train_examples$225600$60000.0//
train_loss$235000$2.854861458333333//
train_individual_losses$235000$tensor([2.4658, 3.4364, 3.4440, 2.8832, 3.1414, 3.7816, 1.3376, 2.9915, 3.0835,
        1.9836])//
train_examples$235000$60000.0//
train_loss$244400$2.816045208333333//
train_individual_losses$244400$tensor([2.4342, 3.3918, 3.4155, 2.8169, 3.0930, 3.7480, 1.2845, 2.9627, 3.0499,
        1.9638])//
train_examples$244400$60000.0//
train_loss$253800$2.7814364583333333//
train_individual_losses$253800$tensor([2.4186, 3.3502, 3.3992, 2.7551, 3.0388, 3.7175, 1.2462, 2.9414, 3.0077,
        1.9396])//
train_examples$253800$60000.0//
train_loss$263200$2.73867375//
train_individual_losses$263200$tensor([2.4018, 3.3123, 3.3790, 2.7046, 2.8765, 3.6840, 1.2071, 2.9193, 2.9803,
        1.9218])//
train_examples$263200$60000.0//
train_loss$272600$2.703527916666667//
train_individual_losses$272600$tensor([2.3834, 3.2606, 3.3608, 2.6536, 2.7829, 3.6600, 1.1745, 2.8875, 2.9630,
        1.9090])//
train_examples$272600$60000.0//
train_loss$282000$2.6738710416666667//
train_individual_losses$282000$tensor([2.3663, 3.2134, 3.3438, 2.6195, 2.7186, 3.6342, 1.1333, 2.8713, 2.9384,
        1.9000])//
train_examples$282000$60000.0//
train_loss$291400$2.6473997916666665//
train_individual_losses$291400$tensor([2.3583, 3.1701, 3.3347, 2.5854, 2.6755, 3.6103, 1.1073, 2.8491, 2.9040,
        1.8795])//
train_examples$291400$60000.0//
train_loss$300800$2.6245127083333335//
train_individual_losses$300800$tensor([2.3543, 3.1455, 3.3057, 2.5561, 2.6309, 3.5826, 1.0846, 2.8256, 2.8787,
        1.8812])//
train_examples$300800$60000.0//
train_loss$310200$2.599095833333333//
train_individual_losses$310200$tensor([2.3424, 3.1083, 3.2878, 2.5235, 2.5991, 3.5438, 1.0717, 2.8051, 2.8519,
        1.8574])//
train_examples$310200$60000.0//
train_loss$319600$2.5784941666666668//
train_individual_losses$319600$tensor([2.3274, 3.0799, 3.2636, 2.5005, 2.5650, 3.5196, 1.0560, 2.7937, 2.8371,
        1.8421])//
train_examples$319600$60000.0//
train_loss$329000$2.560843125//
train_individual_losses$329000$tensor([2.3150, 3.0429, 3.2664, 2.4775, 2.5393, 3.4977, 1.0422, 2.7807, 2.8154,
        1.8315])//
train_examples$329000$60000.0//
train_loss$338400$2.538295833333333//
train_individual_losses$338400$tensor([2.3070, 3.0132, 3.2462, 2.4420, 2.5123, 3.4642, 1.0280, 2.7601, 2.7933,
        1.8165])//
train_examples$338400$60000.0//
train_loss$347800$2.5185408333333332//
train_individual_losses$347800$tensor([2.2944, 2.9938, 3.2273, 2.4050, 2.4905, 3.4414, 1.0105, 2.7473, 2.7677,
        1.8075])//
train_examples$347800$60000.0//
train_loss$357200$2.5045804166666668//
train_individual_losses$357200$tensor([2.2921, 2.9582, 3.2196, 2.3660, 2.4639, 3.4308, 0.9962, 2.7381, 2.7840,
        1.7969])//
train_examples$357200$60000.0//
train_loss$366600$2.481956875//
train_individual_losses$366600$tensor([2.2769, 2.9305, 3.2089, 2.3182, 2.4481, 3.4019, 0.9822, 2.7295, 2.7384,
        1.7850])//
train_examples$366600$60000.0//
train_loss$376000$2.4659945833333334//
train_individual_losses$376000$tensor([2.2622, 2.9123, 3.1993, 2.2988, 2.4245, 3.3794, 0.9727, 2.7154, 2.7248,
        1.7705])//
train_examples$376000$60000.0//
train_loss$385400$2.4504997916666666//
train_individual_losses$385400$tensor([2.2456, 2.8816, 3.1959, 2.2731, 2.4101, 3.3637, 0.9582, 2.7061, 2.7169,
        1.7537])//
train_examples$385400$60000.0//
train_loss$394800$2.43427125//
train_individual_losses$394800$tensor([2.2341, 2.8466, 3.1873, 2.2461, 2.3860, 3.3493, 0.9424, 2.7007, 2.7060,
        1.7442])//
train_examples$394800$60000.0//
train_loss$404200$2.4203908333333333//
train_individual_losses$404200$tensor([2.2213, 2.8129, 3.1874, 2.2313, 2.3703, 3.3317, 0.9311, 2.6923, 2.6943,
        1.7314])//
train_examples$404200$60000.0//
train_loss$413600$2.405167291666667//
train_individual_losses$413600$tensor([2.2101, 2.7821, 3.1754, 2.2186, 2.3583, 3.3108, 0.9215, 2.6822, 2.6765,
        1.7160])//
train_examples$413600$60000.0//
train_loss$423000$2.390895625//
train_individual_losses$423000$tensor([2.1869, 2.7536, 3.1637, 2.2071, 2.3435, 3.2999, 0.9124, 2.6769, 2.6556,
        1.7094])//
train_examples$423000$60000.0//
train_loss$432400$2.3781791666666665//
train_individual_losses$432400$tensor([2.1750, 2.7151, 3.1659, 2.2000, 2.3285, 3.2847, 0.9024, 2.6706, 2.6501,
        1.6896])//
train_examples$432400$60000.0//
train_loss$441800$2.3638139583333335//
train_individual_losses$441800$tensor([2.1648, 2.6703, 3.1534, 2.1821, 2.3227, 3.2699, 0.8999, 2.6631, 2.6273,
        1.6845])//
train_examples$441800$60000.0//
train_loss$451200$2.350422291666667//
train_individual_losses$451200$tensor([2.1516, 2.6289, 3.1513, 2.1733, 2.3083, 3.2644, 0.8861, 2.6585, 2.6145,
        1.6674])//
train_examples$451200$60000.0//
train_loss$460600$2.338179375//
train_individual_losses$460600$tensor([2.1367, 2.6074, 3.1366, 2.1618, 2.2982, 3.2452, 0.8759, 2.6462, 2.6136,
        1.6602])//
train_examples$460600$60000.0//
train_loss$470000$2.32563125//
train_individual_losses$470000$tensor([2.1324, 2.5694, 3.1371, 2.1509, 2.2848, 3.2328, 0.8711, 2.6435, 2.5863,
        1.6480])//
train_examples$470000$60000.0