train_loss$0$3.347710625//
train_individual_losses$0$tensor([2.9534, 3.2974, 3.5712, 3.3372, 3.2448, 3.5202, 3.4736, 3.8943, 3.1827,
        3.6409, 3.5534, 3.4436, 3.0564, 3.6601, 3.0381, 3.3172, 3.2287, 3.0880,
        3.2524, 3.2005])//
train_examples$0$10000.0//
train_loss$2000$0.00208135009765625//
train_individual_losses$2000$tensor([0.0013, 0.0011, 0.0034, 0.0024, 0.0013, 0.0018, 0.0019, 0.0021, 0.0018,
        0.0030, 0.0033, 0.0018, 0.0007, 0.0017, 0.0015, 0.0032, 0.0020, 0.0023,
        0.0025, 0.0024])//
train_examples$2000$10000.0//
train_loss$4000$0.00045521774291992187//
train_individual_losses$4000$tensor([0.0003, 0.0003, 0.0005, 0.0006, 0.0002, 0.0006, 0.0003, 0.0007, 0.0007,
        0.0006, 0.0005, 0.0004, 0.0001, 0.0003, 0.0008, 0.0006, 0.0004, 0.0005,
        0.0003, 0.0004])//
train_examples$4000$10000.0//
train_loss$6000$0.00021282121658325196//
train_individual_losses$6000$tensor([1.5581e-04, 2.5675e-04, 2.8801e-04, 3.9503e-04, 5.8654e-06, 2.5435e-04,
        2.6165e-04, 1.5458e-04, 2.7590e-04, 2.0148e-04, 2.8406e-04, 2.6275e-04,
        4.2906e-06, 1.9661e-04, 5.3160e-04, 1.5739e-04, 1.0777e-04, 8.2981e-05,
        1.1334e-04, 2.6618e-04])//
train_examples$6000$10000.0//
train_loss$8000$0.00013319168090820312//
train_individual_losses$8000$tensor([5.4220e-05, 2.5731e-04, 1.4742e-04, 2.3571e-04, 3.8585e-07, 2.4658e-04,
        9.3339e-06, 1.2861e-06, 2.8448e-04, 1.7654e-04, 2.6331e-04, 2.6441e-04,
        1.6091e-07, 1.7100e-04, 1.2237e-04, 1.1231e-04, 3.2819e-06, 5.2578e-07,
        5.0120e-05, 2.6308e-04])//
train_examples$8000$10000.0//
train_loss$10000$9.374150276184082e-05//
train_individual_losses$10000$tensor([1.9990e-09, 2.5791e-04, 2.0896e-05, 2.1119e-04, 5.2788e-08, 2.4248e-04,
        2.8345e-09, 4.0904e-08, 2.8321e-04, 8.0703e-05, 2.5837e-04, 2.6462e-04,
        1.4171e-08, 7.7158e-07, 3.2815e-10, 5.6861e-09, 2.6078e-09, 7.1771e-09,
        1.5730e-07, 2.5440e-04])//
train_examples$10000$10000.0//
train_loss$12000$8.061293601989746e-05//
train_individual_losses$12000$tensor([4.6767e-10, 2.5316e-04, 1.6291e-08, 7.3118e-05, 5.7121e-09, 2.4705e-04,
        9.6439e-10, 9.0003e-09, 2.8323e-04, 2.6958e-09, 2.4139e-04, 2.6376e-04,
        2.1706e-08, 3.0587e-08, 1.7392e-10, 8.5411e-11, 2.0011e-10, 7.0780e-09,
        1.3015e-08, 2.5045e-04])//
train_examples$12000$10000.0//
train_loss$14000$7.535994052886962e-05//
train_individual_losses$14000$tensor([1.9108e-11, 2.5147e-04, 5.0389e-09, 1.5526e-08, 1.1665e-07, 2.3987e-04,
        1.5287e-07, 4.4515e-07, 2.7570e-04, 5.8843e-11, 2.3696e-04, 2.6323e-04,
        4.2780e-07, 4.7619e-09, 5.6393e-12, 1.5008e-09, 1.4512e-11, 1.0039e-10,
        2.0634e-07, 2.3859e-04])//
train_examples$14000$10000.0//
train_loss$16000$7.086046218872071e-05//
train_individual_losses$16000$tensor([1.7226e-10, 2.5484e-04, 2.5884e-09, 4.6641e-08, 1.5052e-09, 2.2588e-04,
        1.9979e-11, 2.5990e-06, 2.7050e-04, 2.5352e-09, 1.6986e-04, 2.5993e-04,
        7.8025e-07, 3.9204e-09, 1.0197e-07, 6.8559e-08, 1.3206e-08, 7.9917e-10,
        8.1948e-09, 2.3258e-04])//
train_examples$16000$10000.0//
train_loss$18000$6.173894882202148e-05//
train_individual_losses$18000$tensor([3.6524e-10, 2.6104e-04, 5.6483e-10, 5.7234e-12, 3.9353e-07, 2.0776e-04,
        1.5294e-11, 6.1269e-11, 2.7057e-04, 2.1097e-11, 3.2672e-06, 2.6816e-04,
        1.0908e-09, 3.2654e-09, 3.4135e-11, 1.0149e-07, 1.7531e-10, 1.6804e-11,
        1.2937e-10, 2.2348e-04])//
train_examples$18000$10000.0//
train_loss$20000$6.142037868499756e-05//
train_individual_losses$20000$tensor([4.4108e-06, 2.5074e-04, 1.0631e-10, 1.8146e-08, 3.7097e-10, 2.1288e-04,
        1.0459e-11, 1.8529e-06, 2.6868e-04, 7.4564e-12, 1.6430e-09, 2.6467e-04,
        3.9759e-07, 1.1708e-07, 4.6089e-07, 5.9805e-09, 6.7412e-12, 3.2817e-09,
        3.0463e-10, 2.2416e-04])//
train_examples$20000$10000.0//
train_loss$22000$6.063950538635254e-05//
train_individual_losses$22000$tensor([1.2788e-07, 2.5331e-04, 7.1957e-10, 6.3970e-10, 3.9802e-07, 2.0588e-04,
        1.8355e-07, 3.5697e-07, 2.7118e-04, 1.8713e-09, 2.5930e-08, 2.6052e-04,
        1.4821e-06, 3.0532e-08, 1.6395e-10, 6.6602e-10, 4.4154e-11, 6.2131e-11,
        1.1189e-06, 2.1817e-04])//
train_examples$22000$10000.0//
train_loss$24000$6.30515432357788e-05//
train_individual_losses$24000$tensor([1.8204e-07, 2.6503e-04, 8.6581e-08, 3.3485e-07, 9.2109e-10, 2.1058e-04,
        1.2655e-11, 2.1324e-10, 2.7922e-04, 1.9874e-12, 1.1000e-09, 2.7856e-04,
        1.9894e-07, 8.1485e-09, 2.1707e-08, 7.5750e-11, 4.7092e-09, 1.7503e-08,
        2.1520e-09, 2.2678e-04])//
train_examples$24000$10000.0//
train_loss$26000$6.197446823120117e-05//
train_individual_losses$26000$tensor([2.6595e-10, 2.6142e-04, 9.1057e-10, 4.8189e-11, 4.0152e-09, 2.1169e-04,
        2.2118e-10, 1.2061e-08, 2.7511e-04, 8.0288e-10, 1.7558e-08, 2.6731e-04,
        1.7719e-07, 1.2504e-10, 3.5607e-10, 1.4883e-10, 3.8503e-08, 3.2703e-11,
        7.6268e-11, 2.2371e-04])//
train_examples$26000$10000.0//
train_loss$28000$6.18667221069336e-05//
train_individual_losses$28000$tensor([7.3897e-11, 2.5813e-04, 1.1680e-10, 5.0778e-11, 8.1683e-09, 2.0861e-04,
        2.0626e-11, 1.5895e-08, 2.7791e-04, 2.7850e-10, 2.0238e-11, 2.7278e-04,
        2.4775e-08, 6.7283e-10, 3.0079e-11, 3.5585e-08, 4.5886e-07, 1.1733e-08,
        1.1232e-06, 2.1823e-04])//
train_examples$28000$10000.0//
train_loss$30000$5.754231452941895e-05//
train_individual_losses$30000$tensor([2.1721e-07, 2.6212e-04, 1.0079e-09, 7.6678e-08, 5.3029e-09, 2.0345e-04,
        3.3297e-07, 3.3884e-11, 2.8373e-04, 5.1656e-08, 2.8293e-10, 2.7387e-04,
        6.2223e-09, 8.7707e-08, 5.1998e-07, 1.1816e-10, 1.6190e-06, 2.3591e-11,
        1.1804e-07, 1.2464e-04])//
train_examples$30000$10000.0//
train_loss$32000$4.9570050239562986e-05//
train_individual_losses$32000$tensor([1.3713e-07, 2.5404e-04, 1.1975e-09, 8.9833e-11, 2.7327e-09, 2.0266e-04,
        8.7162e-12, 1.7363e-07, 2.6988e-04, 3.0581e-11, 1.6204e-07, 2.6231e-04,
        1.9150e-10, 6.6402e-10, 8.1982e-13, 5.8368e-07, 5.4376e-07, 1.1082e-09,
        8.9174e-07, 2.2632e-09])//
train_examples$32000$10000.0//
train_loss$34000$4.950533390045166e-05//
train_individual_losses$34000$tensor([2.6358e-11, 2.5457e-04, 1.3636e-10, 4.8171e-09, 6.8888e-08, 2.0456e-04,
        3.0195e-07, 5.6668e-08, 2.6943e-04, 8.0073e-12, 1.8601e-11, 2.6081e-04,
        9.3625e-11, 1.3738e-10, 2.5675e-07, 4.8708e-10, 2.2298e-11, 6.7868e-11,
        4.3047e-10, 5.1437e-08])//
train_examples$34000$10000.0//
train_loss$36000$4.938310623168945e-05//
train_individual_losses$36000$tensor([2.8276e-08, 2.5107e-04, 1.2397e-10, 9.5935e-11, 5.2340e-10, 2.0370e-04,
        7.0537e-10, 1.7617e-08, 2.7079e-04, 3.4146e-11, 2.9071e-11, 2.6149e-04,
        1.4389e-07, 6.9343e-08, 2.9982e-07, 1.7037e-09, 3.6617e-08, 4.6150e-10,
        4.8247e-11, 6.5733e-12])//
train_examples$36000$10000.0//
train_loss$38000$5.077273368835449e-05//
train_individual_losses$38000$tensor([1.3254e-09, 2.5849e-04, 1.6289e-08, 7.6616e-11, 4.9723e-07, 2.0427e-04,
        4.2435e-09, 3.2756e-09, 2.8015e-04, 2.7283e-07, 2.9668e-09, 2.7114e-04,
        1.3299e-07, 1.3242e-09, 8.1254e-08, 3.5685e-08, 3.5314e-07, 2.9277e-11,
        4.7783e-11, 5.7160e-09])//
train_examples$38000$10000.0//
train_loss$40000$4.947421550750732e-05//
train_individual_losses$40000$tensor([3.3442e-08, 2.4281e-04, 8.6670e-11, 8.1388e-08, 8.6919e-10, 2.0437e-04,
        1.7772e-07, 2.3910e-11, 2.7017e-04, 1.4539e-11, 6.2729e-07, 2.6047e-04,
        6.9582e-07, 1.0151e-07, 3.5577e-11, 2.1366e-11, 4.2288e-06, 4.8000e-06,
        9.3165e-07, 8.0561e-10])//
train_examples$40000$10000.0//
train_loss$42000$5.112147808074951e-05//
train_individual_losses$42000$tensor([3.8739e-11, 2.4270e-04, 8.4046e-11, 6.9415e-09, 7.5374e-09, 2.0946e-04,
        3.6934e-10, 2.1756e-09, 2.8315e-04, 1.5655e-08, 1.3260e-09, 2.8553e-04,
        1.4629e-10, 3.3399e-07, 7.2282e-12, 3.2470e-08, 9.6906e-07, 2.1390e-07,
        2.9152e-11, 4.2696e-10])//
train_examples$42000$10000.0//
train_loss$44000$5.0604639053344726e-05//
train_individual_losses$44000$tensor([6.4385e-08, 2.2593e-04, 3.1535e-10, 2.4337e-05, 4.0916e-08, 2.0572e-04,
        1.2599e-06, 1.6204e-09, 2.6664e-04, 6.3165e-06, 1.2914e-10, 2.5799e-04,
        1.7784e-06, 7.1985e-11, 2.6870e-08, 2.8602e-11, 2.0426e-06, 4.4990e-11,
        1.9945e-05, 2.2893e-09])//
train_examples$44000$10000.0//
train_loss$46000$4.8210115432739255e-05//
train_individual_losses$46000$tensor([2.5531e-11, 2.2841e-04, 1.3922e-10, 7.5513e-09, 4.0603e-10, 2.0395e-04,
        1.1753e-11, 3.5621e-07, 2.6780e-04, 7.6692e-08, 7.8178e-11, 2.6230e-04,
        3.6867e-08, 6.1576e-10, 1.3112e-12, 2.1671e-08, 6.3343e-11, 2.8650e-07,
        9.5653e-07, 3.4197e-11])//
train_examples$46000$10000.0//
train_loss$48000$4.843411922454834e-05//
train_individual_losses$48000$tensor([1.8752e-06, 2.2332e-04, 2.7173e-08, 5.9006e-08, 8.9400e-08, 2.0160e-04,
        1.5993e-10, 1.2236e-07, 2.7381e-04, 3.4040e-07, 4.7778e-06, 2.6145e-04,
        5.7428e-11, 1.7578e-10, 2.4686e-09, 5.8564e-09, 1.1764e-06, 2.3925e-11,
        1.3045e-08, 1.3442e-08])//
train_examples$48000$10000.0//
train_loss$50000$4.757388114929199e-05//
train_individual_losses$50000$tensor([1.2192e-09, 2.2063e-04, 3.0049e-06, 2.9336e-10, 1.7801e-07, 2.0396e-04,
        9.0796e-09, 1.4438e-06, 2.6597e-04, 4.2521e-08, 4.5524e-08, 2.5608e-04,
        1.9720e-08, 6.0162e-11, 8.9990e-08, 1.3544e-10, 5.0044e-10, 2.9203e-11,
        4.5271e-10, 1.8912e-11])//
train_examples$50000$10000.0//
train_loss$52000$4.982392311096191e-05//
train_individual_losses$52000$tensor([3.8944e-11, 2.2807e-04, 2.9080e-06, 1.0253e-05, 5.0761e-08, 2.0265e-04,
        1.9740e-07, 8.7540e-10, 2.7769e-04, 2.4834e-08, 5.8823e-08, 2.7170e-04,
        2.0101e-10, 1.0520e-07, 2.4985e-06, 2.1622e-07, 4.4506e-08, 2.6937e-11,
        1.3571e-10, 2.5234e-10])//
train_examples$52000$10000.0//
train_loss$54000$3.6143953800201413e-05//
train_individual_losses$54000$tensor([1.9018e-06, 2.3000e-04, 8.0829e-08, 2.7429e-10, 6.6248e-07, 2.1048e-04,
        1.0994e-07, 2.1125e-10, 2.7682e-04, 2.4853e-08, 1.9541e-11, 6.3599e-07,
        1.7648e-06, 2.6053e-08, 7.6652e-11, 1.6184e-10, 3.0840e-07, 1.3105e-11,
        6.3603e-08, 3.8075e-10])//
train_examples$54000$10000.0//
train_loss$56000$3.4904417991638186e-05//
train_individual_losses$56000$tensor([1.6250e-06, 2.2081e-04, 3.7786e-08, 2.0664e-10, 3.0123e-08, 2.0446e-04,
        1.0521e-06, 1.2370e-10, 2.6917e-04, 6.1978e-11, 1.8217e-11, 1.4243e-10,
        1.4747e-09, 1.3605e-08, 9.4369e-12, 4.8995e-09, 8.7719e-07, 1.4113e-10,
        5.4430e-11, 4.4433e-11])//
train_examples$56000$10000.0//
train_loss$58000$3.603590965270996e-05//
train_individual_losses$58000$tensor([1.6295e-11, 2.3036e-04, 3.8815e-09, 2.8784e-10, 2.3518e-07, 2.1304e-04,
        1.9132e-07, 3.8961e-09, 2.7674e-04, 8.0271e-12, 1.1437e-09, 7.3736e-12,
        3.8079e-10, 8.1801e-08, 6.7070e-09, 1.1721e-08, 7.3290e-10, 3.4135e-11,
        4.0145e-08, 1.0228e-10])//
train_examples$58000$10000.0//
train_loss$60000$3.543677568435669e-05//
train_individual_losses$60000$tensor([4.3616e-07, 2.2322e-04, 5.0089e-08, 3.7071e-11, 7.4675e-08, 2.0660e-04,
        1.6769e-10, 4.5593e-11, 2.7280e-04, 4.3708e-06, 2.4916e-08, 1.8658e-11,
        2.6449e-10, 6.5920e-08, 4.4844e-12, 6.2273e-11, 1.0916e-06, 1.5932e-11,
        1.6062e-09, 1.1056e-09])//
train_examples$60000$10000.0//
train_loss$62000$3.5018012523651125e-05//
train_individual_losses$62000$tensor([2.5823e-10, 2.2225e-04, 9.5513e-07, 2.9982e-07, 5.3791e-07, 2.0274e-04,
        6.2180e-10, 5.0843e-11, 2.6809e-04, 1.1809e-09, 2.6886e-10, 2.5527e-11,
        4.5862e-07, 4.8871e-06, 6.1175e-10, 3.2336e-08, 5.6825e-11, 4.8096e-08,
        2.0339e-10, 5.2454e-08])//
train_examples$62000$10000.0//
train_loss$64000$3.461683750152588e-05//
train_individual_losses$64000$tensor([4.5732e-09, 2.2103e-04, 1.2083e-07, 3.3312e-08, 1.0684e-07, 2.0243e-04,
        1.2745e-09, 4.1803e-10, 2.6752e-04, 1.3767e-07, 8.7630e-10, 2.3901e-09,
        1.6078e-09, 5.0979e-07, 4.3366e-07, 1.6120e-11, 2.7802e-10, 2.1506e-11,
        4.6170e-10, 1.2599e-11])//
train_examples$64000$10000.0//
train_loss$66000$3.733327865600586e-05//
train_individual_losses$66000$tensor([1.7622e-11, 2.3176e-04, 4.2036e-10, 6.1977e-07, 1.6798e-09, 2.0645e-04,
        3.0255e-11, 2.8514e-06, 2.7279e-04, 6.2535e-12, 5.3403e-07, 6.5814e-06,
        1.8152e-06, 3.0674e-06, 5.8940e-06, 2.6467e-07, 1.7530e-09, 7.3852e-06,
        6.6480e-06, 2.4532e-10])//
train_examples$66000$10000.0//
train_loss$68000$3.469773292541504e-05//
train_individual_losses$68000$tensor([3.6321e-08, 2.2165e-04, 1.9850e-10, 3.3265e-08, 7.9058e-07, 2.0449e-04,
        1.5671e-09, 5.7633e-10, 2.6616e-04, 4.5864e-10, 1.9353e-10, 2.9833e-10,
        8.3677e-11, 1.8153e-07, 2.9517e-07, 5.9513e-08, 1.7510e-09, 3.1155e-11,
        1.4293e-08, 2.3846e-07])//
train_examples$68000$10000.0//
train_loss$70000$3.5057578086853025e-05//
train_individual_losses$70000$tensor([1.3007e-10, 2.2270e-04, 1.0295e-07, 4.4537e-09, 2.0494e-10, 2.0608e-04,
        1.4070e-11, 4.6111e-09, 2.6742e-04, 2.3622e-09, 9.4379e-08, 4.4482e-11,
        8.3769e-08, 9.1840e-11, 2.0333e-07, 1.6390e-10, 2.3679e-11, 2.4472e-08,
        3.9893e-11, 4.4305e-06])//
train_examples$70000$10000.0//
train_loss$72000$3.540838956832886e-05//
train_individual_losses$72000$tensor([2.5753e-07, 2.2564e-04, 6.1062e-07, 1.6330e-09, 4.3319e-10, 2.0831e-04,
        7.1764e-11, 5.6791e-07, 2.7096e-04, 1.2797e-10, 2.5584e-07, 1.2299e-06,
        1.1950e-08, 2.5041e-07, 1.0241e-11, 7.1145e-08, 1.2077e-10, 2.1928e-09,
        1.0769e-10, 9.8128e-12])//
train_examples$72000$10000.0//
train_loss$74000$3.32757830619812e-05//
train_individual_losses$74000$tensor([2.5576e-08, 2.3994e-04, 3.2200e-06, 3.8977e-08, 6.6311e-07, 1.2941e-04,
        2.0598e-07, 1.1566e-09, 2.8536e-04, 3.6772e-07, 1.5570e-09, 3.4145e-06,
        8.2652e-07, 1.9488e-09, 9.3915e-07, 3.1887e-10, 7.4328e-12, 7.3962e-08,
        3.6774e-10, 1.0234e-06])//
train_examples$74000$10000.0//
train_loss$76000$2.5116126537322997e-05//
train_individual_losses$76000$tensor([1.0030e-07, 2.2931e-04, 1.8103e-10, 6.8148e-11, 2.9939e-09, 9.6363e-08,
        1.0923e-08, 9.9819e-09, 2.7200e-04, 2.0056e-09, 9.3447e-10, 1.3771e-11,
        3.5820e-08, 1.9441e-08, 1.6308e-09, 3.8966e-07, 5.0477e-10, 1.0293e-09,
        4.0788e-10, 3.4220e-07])//
train_examples$76000$10000.0//
train_loss$78000$2.4797053337097166e-05//
train_individual_losses$78000$tensor([1.2252e-06, 2.2611e-04, 7.8152e-11, 2.4713e-10, 7.8450e-08, 8.6134e-09,
        2.1557e-11, 3.3240e-07, 2.6541e-04, 4.2070e-09, 8.0915e-08, 2.3256e-06,
        1.0219e-10, 1.6803e-07, 3.9088e-09, 1.2403e-11, 1.5542e-11, 4.7483e-10,
        1.5492e-07, 3.6134e-08])//
train_examples$78000$10000.0//
train_loss$80000$2.5600883960723875e-05//
train_individual_losses$80000$tensor([1.4705e-10, 2.3392e-04, 2.4387e-10, 4.9272e-10, 2.8312e-09, 2.4914e-08,
        1.1061e-11, 4.2917e-10, 2.7356e-04, 1.8809e-08, 1.9826e-08, 5.7010e-10,
        4.9210e-10, 5.0578e-09, 4.4893e-09, 1.7408e-09, 2.9973e-11, 4.4552e-06,
        3.2138e-10, 6.4358e-11])//
train_examples$80000$10000.0//
train_loss$82000$2.4340269565582276e-05//
train_individual_losses$82000$tensor([2.1454e-08, 2.2153e-04, 7.1480e-09, 4.3628e-10, 8.7853e-08, 3.7408e-07,
        1.2114e-11, 6.0621e-10, 2.6419e-04, 2.9453e-08, 1.6596e-07, 2.4174e-07,
        8.5888e-09, 1.1509e-07, 1.1629e-11, 1.3203e-10, 1.1479e-09, 2.4783e-11,
        1.7533e-09, 3.3232e-08])//
train_examples$82000$10000.0//
train_loss$84000$2.4385781288146972e-05//
train_individual_losses$84000$tensor([1.1417e-10, 2.2197e-04, 1.3579e-07, 2.9312e-07, 1.4728e-06, 2.9903e-09,
        1.1858e-11, 4.0884e-10, 2.6298e-04, 5.8076e-08, 1.2830e-10, 1.2299e-10,
        3.5631e-07, 6.6886e-11, 1.2827e-07, 3.0906e-07, 2.3675e-11, 5.6067e-09,
        2.7177e-09, 3.4533e-11])//
train_examples$84000$10000.0//
train_loss$86000$2.5478105545043946e-05//
train_individual_losses$86000$tensor([3.8315e-11, 2.2183e-04, 7.1609e-06, 7.6089e-06, 1.3074e-09, 2.1639e-10,
        2.1490e-08, 4.9554e-09, 2.6468e-04, 8.2888e-09, 1.4901e-10, 2.0415e-11,
        1.9737e-08, 7.1519e-11, 1.0585e-07, 4.7649e-10, 7.1902e-12, 7.6349e-10,
        1.4185e-10, 8.1240e-06])//
train_examples$86000$10000.0//
train_loss$88000$2.4286394119262695e-05//
train_individual_losses$88000$tensor([2.5184e-08, 2.2713e-04, 1.4783e-10, 2.2289e-11, 1.0869e-07, 1.5503e-11,
        1.7345e-11, 3.7978e-10, 2.4930e-04, 2.5654e-08, 1.0763e-07, 6.5335e-10,
        8.8071e-11, 1.2535e-06, 9.4976e-08, 3.7907e-10, 1.8328e-11, 7.3458e-09,
        4.7252e-06, 2.9483e-06])//
train_examples$88000$10000.0//
train_loss$90000$2.3327271938323973e-05//
train_individual_losses$90000$tensor([8.1044e-11, 2.2138e-04, 4.6821e-06, 2.8646e-09, 1.1782e-07, 3.7787e-11,
        9.1724e-09, 1.5335e-07, 2.3939e-04, 7.8643e-11, 8.1802e-11, 3.0620e-07,
        4.0444e-07, 3.4716e-09, 1.3510e-08, 1.5529e-10, 4.5661e-11, 8.6087e-08,
        1.6054e-10, 1.5891e-11])//
train_examples$90000$10000.0//
train_loss$92000$2.3654868602752686e-05//
train_individual_losses$92000$tensor([4.5142e-08, 2.2542e-04, 1.5771e-07, 9.6453e-08, 2.2126e-08, 5.3968e-09,
        2.5405e-11, 2.2255e-07, 2.4405e-04, 2.6535e-07, 1.4604e-08, 4.0489e-10,
        1.2058e-07, 8.9701e-10, 1.3449e-07, 1.4039e-08, 2.4114e-06, 1.7041e-09,
        1.1130e-07, 4.2193e-11])//
train_examples$92000$10000.0//
train_loss$94000$2.3282206058502196e-05//
train_individual_losses$94000$tensor([5.0162e-07, 2.2408e-04, 4.5956e-10, 4.0273e-10, 1.9051e-10, 4.2237e-10,
        4.0144e-10, 4.3587e-08, 2.3822e-04, 9.6993e-11, 7.7468e-08, 6.3526e-12,
        3.4547e-08, 1.2368e-08, 6.7851e-09, 9.6734e-08, 5.6080e-12, 8.9006e-11,
        2.5633e-06, 1.1155e-11])//
train_examples$94000$10000.0//
train_loss$96000$2.3064937591552734e-05//
train_individual_losses$96000$tensor([3.0145e-11, 2.2350e-04, 7.4511e-07, 1.3106e-10, 7.7557e-08, 3.9294e-11,
        1.0844e-09, 1.1625e-09, 2.3533e-04, 6.0210e-09, 2.2456e-11, 5.4036e-08,
        5.0957e-10, 1.8460e-09, 4.3878e-12, 1.4024e-07, 3.1806e-11, 2.5950e-11,
        6.5467e-11, 1.4433e-06])//
train_examples$96000$10000.0//
train_loss$98000$2.314950942993164e-05//
train_individual_losses$98000$tensor([4.2812e-09, 2.2447e-04, 5.4776e-08, 3.2946e-09, 1.2005e-08, 3.4201e-07,
        1.3732e-11, 1.1124e-10, 2.3807e-04, 1.8579e-10, 5.1701e-09, 3.7576e-11,
        1.5777e-10, 1.9668e-10, 3.4368e-08, 4.8790e-11, 6.4325e-11, 1.5972e-11,
        6.3888e-11, 1.0472e-11])//
train_examples$98000$10000.0//
train_loss$100000$2.313462734222412e-05//
train_individual_losses$100000$tensor([1.7020e-08, 2.2197e-04, 3.4193e-06, 1.3984e-09, 1.9314e-07, 4.4192e-11,
        1.6039e-07, 2.0256e-07, 2.3567e-04, 4.2892e-08, 1.0363e-10, 3.8890e-09,
        5.7583e-07, 1.5910e-09, 1.9297e-10, 2.1820e-11, 2.7843e-07, 3.9788e-11,
        1.3475e-07, 2.1867e-08])//
train_examples$100000$10000.0//
train_loss$102000$2.3411974906921386e-05//
train_individual_losses$102000$tensor([1.2853e-10, 2.2278e-04, 1.3628e-08, 2.8636e-10, 6.7820e-10, 1.1497e-07,
        1.3387e-09, 2.5899e-06, 2.3947e-04, 3.1832e-09, 5.6691e-10, 3.1999e-06,
        3.2547e-11, 2.1120e-10, 7.5914e-09, 1.4195e-10, 5.0983e-11, 1.2316e-10,
        6.3007e-11, 5.9956e-08])//
train_examples$102000$10000.0//
train_loss$104000$2.3695385456085205e-05//
train_individual_losses$104000$tensor([9.1151e-08, 2.2130e-04, 2.0654e-09, 7.4841e-07, 2.0695e-08, 8.1683e-11,
        1.2527e-08, 4.7596e-10, 2.3600e-04, 7.6747e-10, 2.4894e-11, 7.2192e-11,
        1.3657e-05, 1.0014e-10, 1.1710e-10, 9.2372e-07, 1.1485e-06, 4.6938e-10,
        1.0185e-10, 1.7248e-09])//
train_examples$104000$10000.0//
train_loss$106000$2.348480463027954e-05//
train_individual_losses$106000$tensor([1.0897e-09, 2.2721e-04, 4.4603e-07, 1.0929e-10, 5.1042e-07, 4.8374e-11,
        1.0688e-11, 1.2736e-10, 2.4151e-04, 4.7771e-11, 4.9753e-11, 4.7226e-09,
        9.9146e-11, 7.4158e-11, 1.1215e-10, 1.3903e-09, 5.1981e-11, 7.2688e-10,
        2.3478e-09, 7.8468e-11])//
train_examples$106000$10000.0//
train_loss$108000$2.4237656593322754e-05//
train_individual_losses$108000$tensor([2.2399e-08, 2.3614e-04, 2.1436e-10, 7.0114e-07, 3.1221e-06, 3.3031e-07,
        1.1708e-09, 1.5629e-09, 2.4390e-04, 4.2326e-11, 1.2929e-07, 2.2003e-08,
        8.0207e-11, 4.1872e-10, 4.1164e-11, 1.3608e-10, 2.4320e-07, 1.6046e-08,
        1.2774e-07, 3.6816e-11])//
train_examples$108000$10000.0//
train_loss$110000$2.3991003036499022e-05//
train_individual_losses$110000$tensor([2.1032e-08, 2.3042e-04, 3.0829e-08, 1.8228e-07, 4.7729e-09, 9.5738e-09,
        5.8023e-08, 8.0841e-09, 2.4646e-04, 2.3888e-07, 1.4586e-08, 1.1680e-06,
        3.5418e-09, 9.9769e-07, 7.1078e-10, 1.0211e-07, 5.2652e-08, 1.6475e-10,
        1.6435e-08, 3.6424e-08])//
train_examples$110000$10000.0//
train_loss$112000$2.322356939315796e-05//
train_individual_losses$112000$tensor([4.0483e-09, 2.2206e-04, 9.2885e-07, 7.4644e-07, 1.2634e-07, 1.3070e-07,
        7.2079e-10, 1.7773e-09, 2.3602e-04, 1.3177e-11, 2.6663e-07, 5.2914e-09,
        9.9171e-11, 9.6327e-09, 7.6143e-12, 4.9264e-08, 1.3389e-07, 1.6520e-11,
        3.9864e-06, 4.7488e-11])//
train_examples$112000$10000.0//
train_loss$114000$2.3124351501464844e-05//
train_individual_losses$114000$tensor([7.3120e-11, 2.2221e-04, 4.1666e-10, 3.9844e-09, 5.9548e-10, 4.6383e-08,
        6.5185e-09, 6.1211e-08, 2.3817e-04, 4.6727e-10, 3.0572e-09, 3.7006e-11,
        6.0696e-08, 2.9349e-07, 3.9643e-07, 1.4188e-09, 8.7514e-07, 2.8346e-07,
        7.6687e-08, 1.8254e-11])//
train_examples$114000$10000.0//
train_loss$116000$2.344383239746094e-05//
train_individual_losses$116000$tensor([1.0672e-07, 2.2587e-04, 2.5887e-07, 1.6078e-10, 6.4618e-10, 2.4833e-10,
        2.5225e-08, 5.3054e-09, 2.4002e-04, 4.8294e-09, 6.8589e-07, 2.5913e-09,
        1.7549e-07, 6.6154e-07, 2.4771e-11, 2.2042e-07, 2.4472e-08, 8.0059e-07,
        6.0209e-09, 1.2074e-08])//
train_examples$116000$10000.0//
train_loss$118000$2.304488658905029e-05//
train_individual_losses$118000$tensor([1.7187e-10, 2.2156e-04, 9.6772e-09, 3.6662e-08, 4.9977e-08, 3.7402e-11,
        2.7175e-06, 1.0969e-08, 2.3446e-04, 4.0636e-12, 1.8625e-07, 9.2635e-09,
        4.5828e-11, 4.8281e-08, 2.2036e-12, 6.3625e-09, 1.3163e-10, 2.1453e-11,
        1.8066e-06, 3.2655e-10])//
train_examples$118000$10000.0//
train_loss$120000$2.3344078063964844e-05//
train_individual_losses$120000$tensor([2.1775e-11, 2.2621e-04, 2.3512e-08, 1.0742e-10, 1.7958e-07, 3.4306e-07,
        7.7062e-12, 5.2062e-07, 2.3937e-04, 6.7101e-08, 9.7762e-08, 6.8424e-09,
        9.3128e-11, 8.6386e-11, 1.1173e-09, 1.7732e-09, 4.5270e-09, 3.1763e-08,
        2.3161e-08, 1.7189e-09])//
train_examples$120000$10000.0//
train_loss$122000$2.2808954715728758e-05//
train_individual_losses$122000$tensor([3.0180e-11, 2.2079e-04, 1.7842e-09, 5.2693e-11, 5.0404e-10, 1.3910e-10,
        5.6177e-11, 1.5590e-06, 2.3372e-04, 9.1938e-12, 1.5555e-10, 1.4026e-11,
        2.0740e-08, 1.1183e-09, 2.2892e-08, 4.5706e-11, 1.7377e-11, 6.0540e-08,
        3.9441e-11, 4.5662e-10])//
train_examples$122000$10000.0//
train_loss$124000$2.2959659099578858e-05//
train_individual_losses$124000$tensor([7.2894e-09, 2.2054e-04, 2.2580e-10, 3.9281e-07, 8.5156e-08, 1.6670e-09,
        8.6186e-10, 7.9175e-08, 2.3434e-04, 2.7032e-06, 3.4560e-11, 1.0159e-09,
        6.0267e-11, 2.4171e-10, 9.4882e-07, 4.0800e-11, 1.3954e-10, 1.8478e-10,
        9.8533e-08, 1.9851e-11])//
train_examples$124000$10000.0//
train_loss$126000$2.3742058277130128e-05//
train_individual_losses$126000$tensor([1.0855e-09, 2.3122e-04, 8.7763e-11, 5.7246e-07, 2.0235e-06, 9.5369e-07,
        5.8777e-08, 1.9771e-10, 2.3917e-04, 1.6033e-11, 1.8048e-11, 9.3483e-09,
        1.3306e-08, 2.9134e-07, 5.0851e-07, 4.7815e-10, 2.1179e-08, 9.7949e-11,
        6.6217e-10, 3.3625e-11])//
train_examples$126000$10000.0//
train_loss$128000$2.3380994796752928e-05//
train_individual_losses$128000$tensor([5.7347e-11, 2.2556e-04, 3.0011e-08, 1.4169e-07, 1.8268e-09, 3.6556e-11,
        1.6233e-07, 1.5117e-10, 2.4041e-04, 4.1162e-10, 1.4381e-09, 6.2197e-07,
        1.6701e-07, 9.6545e-09, 3.4061e-09, 1.4340e-07, 6.8628e-08, 2.1339e-07,
        4.5754e-08, 3.4688e-08])//
train_examples$128000$10000.0//
train_loss$130000$2.2758331298828125e-05//
train_individual_losses$130000$tensor([6.1087e-09, 2.2057e-04, 2.0467e-08, 1.1656e-08, 7.0311e-08, 2.3277e-11,
        3.3015e-07, 2.9741e-10, 2.3324e-04, 2.5915e-07, 2.1213e-10, 2.3416e-07,
        2.1735e-09, 7.3098e-11, 8.3231e-11, 1.6613e-11, 5.4882e-08, 3.4084e-07,
        6.1755e-11, 2.2486e-08])//
train_examples$130000$10000.0//
train_loss$132000$2.3454010486602783e-05//
train_individual_losses$132000$tensor([1.4431e-07, 2.2800e-04, 6.5442e-07, 1.6251e-07, 1.0885e-06, 9.9234e-08,
        4.5778e-10, 1.1601e-09, 2.3803e-04, 1.1307e-07, 2.7846e-08, 3.5039e-10,
        6.6507e-11, 8.3467e-09, 2.0529e-07, 1.2762e-07, 2.1610e-11, 1.9754e-07,
        2.2125e-07, 9.0470e-10])//
train_examples$132000$10000.0//
train_loss$134000$2.3285081386566162e-05//
train_individual_losses$134000$tensor([2.7394e-11, 2.2196e-04, 2.7447e-09, 1.0452e-07, 7.7265e-10, 1.1042e-07,
        1.4534e-11, 2.8530e-07, 2.3805e-04, 3.4190e-11, 6.4507e-10, 4.1577e-11,
        8.5146e-08, 4.9608e-06, 1.0982e-07, 5.8712e-09, 2.9213e-08, 4.0835e-10,
        3.2973e-11, 8.8442e-10])//
train_examples$134000$10000.0//
train_loss$136000$2.2999746799468993e-05//
train_individual_losses$136000$tensor([9.7418e-11, 2.2282e-04, 1.9929e-08, 4.8731e-09, 3.2094e-07, 2.0002e-07,
        9.8816e-12, 2.0235e-07, 2.3384e-04, 4.2951e-07, 1.9847e-07, 2.7974e-09,
        4.3395e-10, 2.0208e-10, 3.3191e-12, 1.3803e-07, 1.3946e-08, 3.8115e-11,
        3.4726e-11, 1.8014e-06])//
train_examples$136000$10000.0//
train_loss$138000$2.3275773525238037e-05//
train_individual_losses$138000$tensor([1.8361e-09, 2.2472e-04, 6.1222e-07, 2.4195e-11, 3.3466e-07, 3.5671e-07,
        3.0250e-10, 1.2045e-07, 2.3622e-04, 2.3012e-11, 1.8271e-08, 6.9301e-11,
        1.3565e-08, 3.0179e-10, 2.6452e-07, 3.5117e-08, 8.9467e-07, 1.3684e-06,
        5.5783e-07, 3.2545e-09])//
train_examples$138000$10000.0//
train_loss$140000$2.318692684173584e-05//
train_individual_losses$140000$tensor([1.0985e-06, 2.2327e-04, 2.7888e-10, 3.0784e-10, 4.4707e-08, 4.3534e-11,
        9.8725e-11, 7.8943e-10, 2.3399e-04, 1.2072e-09, 3.2122e-08, 1.6381e-11,
        7.1060e-10, 3.7114e-06, 7.7255e-07, 9.6547e-09, 9.5875e-12, 7.2730e-07,
        7.8213e-08, 2.7537e-09])//
train_examples$140000$10000.0//
train_loss$142000$2.2836194038391115e-05//
train_individual_losses$142000$tensor([4.8757e-09, 2.2169e-04, 1.2836e-10, 9.4051e-07, 1.9386e-09, 4.1069e-11,
        9.3957e-11, 1.3878e-10, 2.3364e-04, 1.0051e-09, 1.8394e-11, 9.5113e-11,
        4.0732e-11, 7.7929e-11, 1.8716e-09, 2.4415e-10, 5.8914e-09, 4.7332e-08,
        7.7947e-09, 3.7919e-07])//
train_examples$142000$10000.0//
train_loss$144000$2.328704595565796e-05//
train_individual_losses$144000$tensor([3.0077e-10, 2.2547e-04, 3.0916e-06, 1.3911e-07, 7.9339e-07, 5.8519e-11,
        4.4648e-08, 7.5046e-10, 2.3531e-04, 4.1797e-08, 1.4407e-11, 5.1248e-09,
        6.9815e-07, 8.5166e-08, 2.0218e-08, 3.2813e-08, 8.3361e-09, 1.9146e-12,
        1.7919e-09, 6.0870e-10])//
train_examples$144000$10000.0//
train_loss$146000$2.274553060531616e-05//
train_individual_losses$146000$tensor([5.8160e-11, 2.2207e-04, 1.7566e-10, 1.3726e-09, 4.9299e-10, 4.7901e-10,
        2.2271e-11, 7.7988e-10, 2.3280e-04, 6.0690e-11, 8.1490e-10, 5.5293e-11,
        5.6000e-09, 6.6045e-11, 1.5152e-10, 7.9890e-11, 2.6021e-08, 2.7523e-12,
        3.1150e-09, 9.3169e-12])//
train_examples$146000$10000.0//
train_loss$148000$2.3484699726104736e-05//
train_individual_losses$148000$tensor([5.8732e-07, 2.2869e-04, 1.4504e-09, 4.8039e-10, 1.2215e-08, 3.8634e-10,
        1.1244e-07, 1.5936e-10, 2.3840e-04, 2.8528e-07, 7.8587e-09, 6.1674e-11,
        8.4832e-07, 1.0671e-08, 1.2217e-11, 4.4926e-09, 1.3298e-11, 2.2744e-12,
        7.3600e-07, 1.9921e-11])//
train_examples$148000$10000.0//
train_loss$150000$2.2958199977874757e-05//
train_individual_losses$150000$tensor([1.8926e-10, 2.2599e-04, 7.4194e-10, 6.4132e-08, 7.9116e-07, 3.4271e-11,
        2.3575e-08, 1.2203e-10, 2.3165e-04, 1.8085e-09, 8.9814e-11, 6.3626e-11,
        2.5980e-08, 4.1562e-08, 3.9528e-07, 2.6876e-09, 2.3516e-11, 3.2037e-09,
        7.1797e-11, 1.7329e-07])//
train_examples$150000$10000.0//
train_loss$152000$2.2562365531921387e-05//
train_individual_losses$152000$tensor([8.1084e-09, 2.2243e-04, 1.2148e-10, 3.5817e-10, 3.2506e-08, 2.8135e-11,
        3.5673e-11, 8.5008e-10, 2.2859e-04, 1.7391e-07, 3.3801e-10, 2.4966e-11,
        5.8536e-11, 7.2294e-09, 4.6563e-12, 1.2076e-09, 1.9032e-11, 4.1315e-12,
        1.6561e-10, 2.4517e-09])//
train_examples$152000$10000.0//
train_loss$154000$2.3128049373626708e-05//
train_individual_losses$154000$tensor([3.7448e-11, 2.2312e-04, 7.4989e-10, 4.3611e-11, 6.2806e-10, 8.8279e-11,
        9.9765e-12, 5.6927e-07, 2.3725e-04, 1.1980e-07, 4.7270e-11, 1.4136e-06,
        2.3185e-09, 8.7364e-08, 2.7858e-11, 4.1282e-11, 9.0261e-12, 4.0552e-12,
        7.0633e-11, 1.6236e-11])//
train_examples$154000$10000.0//
train_loss$156000$2.255941152572632e-05//
train_individual_losses$156000$tensor([6.5787e-11, 2.2186e-04, 4.3511e-10, 2.7765e-11, 7.3676e-08, 3.4343e-08,
        1.6091e-09, 1.4430e-10, 2.2742e-04, 5.0834e-09, 1.7027e-10, 2.0741e-09,
        5.1629e-07, 4.5280e-10, 3.4153e-08, 1.2924e-09, 1.3740e-09, 1.2349e-06,
        2.0843e-10, 9.9601e-11])//
train_examples$156000$10000.0//
train_loss$158000$2.307591676712036e-05//
train_individual_losses$158000$tensor([3.2209e-08, 2.2559e-04, 2.5365e-10, 1.1570e-08, 6.7176e-08, 2.9124e-08,
        1.6231e-07, 2.0502e-08, 2.3421e-04, 1.5790e-07, 6.8052e-08, 2.1221e-11,
        1.9735e-08, 9.1350e-11, 9.8023e-08, 6.4502e-08, 4.6546e-09, 2.7493e-12,
        9.8711e-07, 9.8594e-10])//
train_examples$158000$10000.0//
train_loss$160000$2.267930746078491e-05//
train_individual_losses$160000$tensor([1.5287e-08, 2.2251e-04, 1.3350e-08, 2.4797e-09, 1.0147e-06, 6.2724e-11,
        6.0415e-09, 8.0005e-07, 2.2909e-04, 7.4940e-12, 4.7029e-10, 9.3260e-10,
        5.5426e-09, 2.6718e-08, 1.6409e-10, 7.6313e-08, 6.3877e-11, 3.0906e-10,
        2.3878e-10, 2.2609e-08])//
train_examples$160000$10000.0//
train_loss$162000$2.29060959815979e-05//
train_individual_losses$162000$tensor([2.4371e-08, 2.2413e-04, 2.5373e-10, 3.9816e-11, 1.8772e-06, 1.1888e-09,
        4.2532e-10, 1.7774e-06, 2.2968e-04, 5.1842e-12, 3.5981e-09, 3.5070e-11,
        7.7865e-08, 1.6815e-07, 3.1770e-07, 8.1138e-11, 5.7566e-08, 4.4907e-11,
        8.9906e-09, 7.5745e-11])//
train_examples$162000$10000.0//
train_loss$164000$2.410400629043579e-05//
train_individual_losses$164000$tensor([2.0273e-09, 2.2451e-04, 4.5066e-08, 1.4000e-06, 5.2385e-10, 7.0422e-11,
        7.8799e-08, 1.1412e-08, 2.4022e-04, 1.2208e-05, 6.4206e-11, 3.0022e-08,
        1.3541e-08, 7.5845e-08, 3.3948e-12, 3.1597e-06, 1.7121e-10, 2.8743e-12,
        1.1655e-10, 3.2178e-07])//
train_examples$164000$10000.0//
train_loss$166000$2.469576835632324e-05//
train_individual_losses$166000$tensor([8.2188e-10, 2.4517e-04, 8.0351e-11, 7.7883e-09, 6.5983e-08, 3.9769e-09,
        1.0977e-09, 1.3324e-06, 2.4251e-04, 1.4494e-10, 1.0097e-09, 7.2113e-07,
        1.4862e-09, 8.2225e-11, 2.2041e-06, 1.2425e-06, 2.6149e-11, 6.4949e-07,
        6.6938e-11, 1.3226e-09])//
train_examples$166000$10000.0//
train_loss$168000$2.290945529937744e-05//
train_individual_losses$168000$tensor([1.6357e-11, 2.2307e-04, 1.9666e-07, 2.3275e-09, 9.0801e-07, 1.6873e-09,
        3.6640e-11, 3.2727e-10, 2.3238e-04, 6.6965e-12, 1.0830e-06, 9.1337e-11,
        1.2007e-09, 1.2566e-10, 8.5002e-08, 8.2650e-09, 1.8380e-10, 1.5907e-08,
        3.6761e-07, 7.1486e-08])//
train_examples$168000$10000.0//
train_loss$170000$2.32888126373291e-05//
train_individual_losses$170000$tensor([5.9133e-11, 2.2979e-04, 2.2863e-08, 3.7309e-11, 3.6335e-09, 2.1189e-11,
        1.2158e-11, 1.6828e-08, 2.3469e-04, 3.0787e-09, 2.4392e-11, 8.6775e-08,
        2.7492e-08, 4.0752e-09, 2.1411e-09, 1.7454e-11, 5.4377e-08, 1.0691e-06,
        2.8001e-09, 1.2382e-11])//
train_examples$170000$10000.0//
train_loss$172000$2.3122744560241698e-05//
train_individual_losses$172000$tensor([5.8389e-07, 2.2589e-04, 6.8663e-08, 2.2064e-07, 5.2492e-10, 1.9212e-11,
        8.2644e-11, 6.2881e-07, 2.3462e-04, 2.9157e-09, 5.8622e-10, 2.3073e-11,
        1.6547e-10, 4.1168e-07, 2.4061e-10, 1.1761e-08, 6.4061e-11, 1.2628e-09,
        1.1539e-09, 3.2871e-09])//
train_examples$172000$10000.0//
train_loss$174000$2.299511432647705e-05//
train_individual_losses$174000$tensor([9.9377e-10, 2.2785e-04, 5.3912e-10, 7.2993e-10, 2.1149e-07, 7.1679e-08,
        6.6268e-10, 4.2030e-09, 2.3107e-04, 1.0926e-08, 8.9588e-10, 7.1730e-08,
        1.1105e-09, 2.5604e-10, 7.0566e-12, 3.1586e-11, 3.7163e-07, 7.4706e-12,
        1.0381e-09, 2.3849e-07])//
train_examples$174000$10000.0//
train_loss$176000$2.2746520042419435e-05//
train_individual_losses$176000$tensor([9.4950e-08, 2.2054e-04, 1.4355e-10, 1.8889e-07, 1.1993e-09, 4.3587e-08,
        3.0924e-11, 9.6988e-11, 2.2914e-04, 3.0077e-08, 1.9384e-11, 9.7892e-12,
        4.7511e-06, 8.9779e-11, 3.5511e-11, 4.4382e-11, 1.2166e-07, 1.6291e-09,
        1.4308e-10, 1.4152e-08])//
train_examples$176000$10000.0//
train_loss$178000$2.3750152587890624e-05//
train_individual_losses$178000$tensor([5.7742e-09, 2.2367e-04, 7.6389e-11, 7.3866e-11, 1.8653e-06, 2.5514e-11,
        1.3632e-06, 7.7686e-10, 2.3360e-04, 2.0367e-08, 2.6956e-09, 2.4437e-11,
        1.8345e-09, 2.3746e-07, 2.2805e-12, 1.4087e-05, 8.2881e-12, 1.0300e-10,
        1.5594e-07, 1.0063e-09])//
train_examples$178000$10000.0//
train_loss$180000$2.4314370155334472e-05//
train_individual_losses$180000$tensor([2.1470e-09, 2.3993e-04, 1.1755e-10, 3.8154e-09, 4.4704e-10, 9.7739e-08,
        1.0693e-08, 1.5225e-07, 2.4541e-04, 8.7062e-08, 2.4057e-10, 1.3997e-08,
        1.3124e-08, 6.5312e-08, 4.6893e-09, 2.0374e-09, 2.9288e-11, 4.9894e-07,
        1.7458e-09, 1.5603e-11])//
train_examples$180000$10000.0//
train_loss$182000$2.274553060531616e-05//
train_individual_losses$182000$tensor([1.7747e-06, 2.2222e-04, 1.7571e-07, 5.3152e-07, 1.6296e-09, 1.1858e-08,
        1.6583e-07, 3.0014e-09, 2.2995e-04, 3.9651e-11, 5.7067e-08, 5.3210e-10,
        5.5428e-09, 2.0003e-09, 8.4048e-09, 1.0216e-10, 1.5441e-09, 5.8348e-10,
        5.9084e-10, 2.2732e-11])//
train_examples$182000$10000.0//
train_loss$184000$2.274678707122803e-05//
train_individual_losses$184000$tensor([1.3521e-08, 2.2149e-04, 5.1688e-09, 9.3788e-09, 2.5834e-08, 5.8052e-08,
        1.7498e-07, 3.5091e-10, 2.3146e-04, 8.7836e-12, 3.3815e-11, 1.2546e-10,
        3.1066e-11, 1.8269e-10, 1.4927e-11, 6.8224e-07, 9.9570e-07, 8.5294e-10,
        2.3090e-08, 1.2217e-10])//
train_examples$184000$10000.0//
train_loss$186000$2.303433656692505e-05//
train_individual_losses$186000$tensor([3.4245e-11, 2.2381e-04, 7.5838e-08, 5.9454e-07, 2.2675e-10, 2.3151e-10,
        1.4099e-06, 6.9245e-08, 2.3065e-04, 1.3112e-07, 2.6212e-11, 1.5878e-10,
        3.2095e-07, 2.8418e-10, 3.2263e-06, 4.6072e-11, 5.5926e-08, 7.0864e-08,
        1.2219e-10, 2.6875e-07])//
train_examples$186000$10000.0//
train_loss$188000$2.3086922168731688e-05//
train_individual_losses$188000$tensor([6.6894e-09, 2.2396e-04, 9.5146e-08, 2.8151e-07, 1.3484e-08, 4.7645e-07,
        4.0282e-07, 2.6513e-08, 2.3413e-04, 1.7471e-11, 2.6612e-11, 1.0670e-11,
        2.0345e-06, 5.8358e-11, 3.9344e-08, 1.1943e-10, 2.4877e-10, 4.4016e-09,
        2.6387e-07, 6.5819e-10])//
train_examples$188000$10000.0//
train_loss$190000$2.271174669265747e-05//
train_individual_losses$190000$tensor([2.6265e-11, 2.2246e-04, 5.3469e-08, 2.1504e-10, 2.0209e-09, 2.1910e-11,
        4.6585e-07, 1.0717e-06, 2.2860e-04, 4.4090e-11, 7.6879e-10, 5.9692e-12,
        3.8835e-07, 6.9917e-11, 7.5634e-12, 1.0416e-07, 6.2874e-07, 3.5689e-07,
        1.2538e-08, 9.0986e-08])//
train_examples$190000$10000.0//
train_loss$192000$2.284029722213745e-05//
train_individual_losses$192000$tensor([3.5061e-08, 2.2191e-04, 8.4634e-09, 1.4733e-09, 1.0937e-07, 3.0282e-06,
        1.0832e-06, 1.2604e-10, 2.2946e-04, 8.0649e-09, 4.0908e-10, 3.8670e-07,
        5.6950e-07, 1.6953e-08, 1.6775e-08, 6.1292e-08, 2.3729e-08, 8.1502e-08,
        2.7330e-10, 3.8245e-10])//
train_examples$192000$10000.0//
train_loss$194000$2.415674924850464e-05//
train_individual_losses$194000$tensor([3.4664e-11, 2.3713e-04, 3.1169e-06, 1.0092e-06, 1.4099e-06, 3.4974e-11,
        8.0529e-11, 1.2432e-10, 2.3893e-04, 5.4216e-07, 2.9340e-08, 3.4443e-11,
        2.4487e-09, 3.4355e-10, 5.4390e-11, 5.7752e-07, 1.8793e-07, 2.4825e-11,
        2.0626e-10, 1.9526e-07])//
train_examples$194000$10000.0//
train_loss$196000$2.2962403297424317e-05//
train_individual_losses$196000$tensor([1.6752e-10, 2.2056e-04, 8.2806e-07, 1.6392e-10, 4.6903e-10, 3.1975e-07,
        2.4528e-09, 1.1999e-09, 2.3123e-04, 1.0311e-07, 6.4767e-11, 5.9451e-09,
        6.4700e-11, 2.7433e-09, 4.0600e-10, 2.2128e-06, 3.9461e-06, 1.9403e-09,
        3.3365e-08, 1.4340e-11])//
train_examples$196000$10000.0//
train_loss$198000$2.2858622074127196e-05//
train_individual_losses$198000$tensor([5.5920e-07, 2.2392e-04, 2.5674e-08, 4.0152e-07, 7.3999e-08, 4.1394e-09,
        2.0637e-11, 1.7165e-10, 2.3181e-04, 2.1054e-08, 4.0446e-10, 9.3277e-11,
        1.6272e-09, 4.8558e-11, 1.2660e-10, 3.9678e-11, 2.6783e-07, 7.6748e-08,
        4.0365e-10, 1.4800e-09])//
train_examples$198000$10000.0//
train_loss$200000$2.271773338317871e-05//
train_individual_losses$200000$tensor([4.0128e-10, 2.2282e-04, 1.3858e-10, 4.5249e-08, 3.7914e-08, 4.1731e-11,
        6.9842e-08, 1.1205e-10, 2.2885e-04, 1.8237e-08, 5.4843e-08, 8.1483e-10,
        7.9729e-10, 1.5300e-09, 1.2374e-11, 3.8183e-10, 7.0305e-08, 1.8746e-06,
        5.0331e-07, 1.7478e-11])//
train_examples$200000$10000.0