train_loss$0$0.537775125//
train_individual_losses$0$tensor([0.5097, 0.5559, 0.4900, 0.6331, 0.5929, 0.4939, 0.5807, 0.5962, 0.6473,
        0.4988, 0.5521, 0.5345, 0.4692, 0.5101, 0.5051, 0.5191, 0.6008, 0.5045,
        0.4375, 0.5241])//
train_examples$0$100000.0//
train_loss$10000$9.507194519042969e-06//
train_individual_losses$10000$tensor([1.1394e-05, 1.1140e-05, 2.6603e-05, 1.3868e-05, 1.1009e-06, 6.5288e-08,
        1.3780e-07, 7.0180e-06, 2.0756e-05, 1.2999e-05, 8.0696e-06, 1.3390e-05,
        9.1064e-08, 6.8081e-08, 1.0444e-05, 9.4363e-06, 1.9430e-05, 6.8085e-07,
        1.2513e-05, 1.0939e-05])//
train_examples$10000$100000.0