train_loss$0$12.81284//
train_individual_losses$0$tensor([12.8435, 12.8377, 12.7928, 12.8686, 12.8476, 12.7440, 12.7487, 12.8254,
        12.9375, 12.7634, 12.7885, 12.8689, 12.8004, 12.8226, 12.8075, 12.7600,
        12.7731, 12.7459, 12.7269, 12.8517, 12.9058, 12.7459, 12.7642, 12.8255,
        12.7512, 12.8272, 12.7859, 12.6603, 12.7418, 12.7945, 12.7801, 12.8972,
        12.8720, 12.7226, 12.8335, 12.8957, 12.7227, 12.8455, 12.8757, 12.8885,
        12.8813, 12.8831, 12.7968, 12.7920, 12.8049, 12.9140, 12.8161, 12.9132,
        12.7277, 12.8226])//
train_examples$0$60000.0//
train_loss$9400$4.724776666666667//
train_individual_losses$9400$tensor([4.8926, 4.7158, 4.6437, 4.2336, 4.1220, 5.0555, 4.8765, 4.7311, 4.7656,
        4.9927, 5.5107, 4.8140, 4.5171, 4.3152, 4.5248, 4.6901, 4.2400, 4.7539,
        5.3830, 5.0355, 4.7883, 4.5659, 4.2453, 4.6004, 4.8384, 5.1147, 4.9038,
        4.8303, 4.1788, 4.3014, 4.9398, 4.8369, 5.0197, 4.3289, 5.1329, 4.0674,
        5.0621, 4.4420, 4.7150, 4.2280, 5.0266, 4.7238, 4.5452, 5.0941, 4.8096,
        4.4905, 4.4702, 5.1726, 4.9611, 4.9917])//
train_examples$9400$60000.0//
train_loss$18800$1.5141465//
train_individual_losses$18800$tensor([1.4760, 1.5473, 1.4610, 1.2912, 1.2208, 1.3335, 1.7277, 1.3840, 1.6253,
        1.5238, 1.8358, 1.4868, 1.4734, 1.2656, 1.5831, 1.5870, 1.2629, 1.7071,
        1.7856, 1.6241, 1.6212, 1.4737, 1.3757, 1.6154, 1.6517, 1.5669, 1.7342,
        1.7182, 1.2197, 1.3012, 1.6412, 1.4609, 1.6520, 1.4951, 1.6070, 1.2265,
        1.7482, 1.3590, 1.3629, 1.2558, 1.5485, 1.5332, 1.1525, 1.7829, 1.7947,
        1.4352, 1.2730, 1.5401, 1.7988, 1.5600])//
train_examples$18800$60000.0//
train_loss$28200$0.30234733333333336//
train_individual_losses$28200$tensor([0.2402, 0.3196, 0.2317, 0.2645, 0.1965, 0.2200, 0.4841, 0.2742, 0.3861,
        0.3153, 0.4588, 0.3028, 0.3001, 0.2211, 0.3301, 0.2716, 0.1868, 0.3359,
        0.4148, 0.3556, 0.3631, 0.2599, 0.2492, 0.3272, 0.3606, 0.3055, 0.3019,
        0.3875, 0.2027, 0.2243, 0.2992, 0.2939, 0.4104, 0.4270, 0.2824, 0.1934,
        0.4234, 0.3378, 0.1827, 0.2032, 0.3028, 0.3277, 0.2058, 0.4035, 0.3984,
        0.2574, 0.1909, 0.2359, 0.3864, 0.2636])//
train_examples$28200$60000.0//
train_loss$37600$0.05831390625//
train_individual_losses$37600$tensor([0.0611, 0.0772, 0.0385, 0.0499, 0.0406, 0.0575, 0.1035, 0.0516, 0.0600,
        0.0691, 0.0644, 0.0582, 0.0459, 0.0462, 0.0682, 0.0521, 0.0381, 0.0533,
        0.0682, 0.0591, 0.0689, 0.0635, 0.0459, 0.0659, 0.0813, 0.0534, 0.0541,
        0.0707, 0.0434, 0.0499, 0.0562, 0.0606, 0.0551, 0.0784, 0.0458, 0.0481,
        0.0846, 0.0662, 0.0346, 0.0355, 0.0553, 0.0504, 0.0398, 0.0743, 0.0918,
        0.0531, 0.0433, 0.0509, 0.0760, 0.0557])//
train_examples$37600$60000.0//
train_loss$47000$0.019156803385416667//
train_individual_losses$47000$tensor([0.0250, 0.0264, 0.0132, 0.0155, 0.0134, 0.0232, 0.0253, 0.0146, 0.0187,
        0.0265, 0.0203, 0.0163, 0.0144, 0.0162, 0.0213, 0.0174, 0.0115, 0.0173,
        0.0222, 0.0193, 0.0243, 0.0271, 0.0140, 0.0200, 0.0300, 0.0158, 0.0175,
        0.0194, 0.0137, 0.0165, 0.0176, 0.0241, 0.0172, 0.0294, 0.0141, 0.0166,
        0.0292, 0.0190, 0.0108, 0.0110, 0.0168, 0.0142, 0.0144, 0.0234, 0.0285,
        0.0181, 0.0159, 0.0180, 0.0245, 0.0190])//
train_examples$47000$60000.0//
train_loss$56400$0.008517337239583334//
train_individual_losses$56400$tensor([0.0127, 0.0128, 0.0059, 0.0066, 0.0056, 0.0118, 0.0096, 0.0055, 0.0085,
        0.0123, 0.0088, 0.0063, 0.0062, 0.0081, 0.0102, 0.0074, 0.0046, 0.0078,
        0.0105, 0.0083, 0.0123, 0.0138, 0.0061, 0.0087, 0.0137, 0.0063, 0.0069,
        0.0072, 0.0057, 0.0073, 0.0085, 0.0131, 0.0068, 0.0131, 0.0058, 0.0075,
        0.0133, 0.0085, 0.0046, 0.0042, 0.0065, 0.0058, 0.0065, 0.0099, 0.0115,
        0.0078, 0.0076, 0.0079, 0.0109, 0.0084])//
train_examples$56400$60000.0//
train_loss$65800$0.004560695638020833//
train_individual_losses$65800$tensor([0.0075, 0.0072, 0.0032, 0.0034, 0.0028, 0.0071, 0.0045, 0.0027, 0.0046,
        0.0066, 0.0045, 0.0030, 0.0033, 0.0048, 0.0059, 0.0037, 0.0023, 0.0041,
        0.0057, 0.0044, 0.0074, 0.0081, 0.0032, 0.0045, 0.0074, 0.0031, 0.0033,
        0.0035, 0.0029, 0.0039, 0.0048, 0.0082, 0.0034, 0.0066, 0.0029, 0.0042,
        0.0073, 0.0047, 0.0024, 0.0019, 0.0032, 0.0030, 0.0034, 0.0052, 0.0056,
        0.0040, 0.0043, 0.0040, 0.0059, 0.0043])//
train_examples$65800$60000.0//
train_loss$75200$0.00278669921875//
train_individual_losses$75200$tensor([0.0049, 0.0045, 0.0019, 0.0020, 0.0016, 0.0048, 0.0024, 0.0016, 0.0029,
        0.0039, 0.0026, 0.0018, 0.0021, 0.0032, 0.0038, 0.0022, 0.0015, 0.0025,
        0.0034, 0.0027, 0.0050, 0.0052, 0.0020, 0.0027, 0.0044, 0.0018, 0.0018,
        0.0020, 0.0018, 0.0023, 0.0030, 0.0056, 0.0020, 0.0038, 0.0017, 0.0026,
        0.0045, 0.0030, 0.0015, 0.0011, 0.0018, 0.0018, 0.0021, 0.0032, 0.0031,
        0.0023, 0.0027, 0.0023, 0.0036, 0.0025])//
train_examples$75200$60000.0//
train_loss$84600$0.0018922277018229166//
train_individual_losses$84600$tensor([0.0035, 0.0030, 0.0013, 0.0013, 0.0011, 0.0035, 0.0016, 0.0011, 0.0019,
        0.0025, 0.0016, 0.0012, 0.0014, 0.0023, 0.0027, 0.0014, 0.0011, 0.0017,
        0.0022, 0.0018, 0.0036, 0.0036, 0.0013, 0.0018, 0.0029, 0.0012, 0.0012,
        0.0013, 0.0012, 0.0015, 0.0021, 0.0042, 0.0014, 0.0024, 0.0012, 0.0018,
        0.0031, 0.0020, 0.0011, 0.0008, 0.0012, 0.0012, 0.0014, 0.0022, 0.0020,
        0.0015, 0.0018, 0.0015, 0.0024, 0.0017])//
train_examples$84600$60000.0//
train_loss$94000$0.0013863528645833333//
train_individual_losses$94000$tensor([0.0026, 0.0022, 0.0010, 0.0010, 0.0008, 0.0027, 0.0011, 0.0009, 0.0014,
        0.0017, 0.0011, 0.0009, 0.0011, 0.0018, 0.0020, 0.0010, 0.0008, 0.0012,
        0.0016, 0.0012, 0.0028, 0.0027, 0.0009, 0.0013, 0.0020, 0.0009, 0.0009,
        0.0010, 0.0008, 0.0010, 0.0015, 0.0031, 0.0010, 0.0017, 0.0009, 0.0012,
        0.0022, 0.0015, 0.0009, 0.0006, 0.0009, 0.0009, 0.0010, 0.0016, 0.0014,
        0.0011, 0.0013, 0.0010, 0.0017, 0.0012])//
train_examples$94000$60000.0//
train_loss$103400$0.0010763971354166666//
train_individual_losses$103400$tensor([0.0020, 0.0016, 0.0008, 0.0008, 0.0006, 0.0022, 0.0008, 0.0007, 0.0010,
        0.0013, 0.0008, 0.0007, 0.0009, 0.0014, 0.0015, 0.0008, 0.0007, 0.0009,
        0.0012, 0.0009, 0.0023, 0.0021, 0.0007, 0.0010, 0.0015, 0.0007, 0.0007,
        0.0008, 0.0007, 0.0008, 0.0012, 0.0025, 0.0008, 0.0012, 0.0007, 0.0010,
        0.0017, 0.0012, 0.0007, 0.0005, 0.0007, 0.0007, 0.0008, 0.0013, 0.0011,
        0.0008, 0.0010, 0.0008, 0.0013, 0.0009])//
train_examples$103400$60000.0//
train_loss$112800$0.0008843921712239583//
train_individual_losses$112800$tensor([0.0016, 0.0013, 0.0007, 0.0006, 0.0005, 0.0019, 0.0007, 0.0006, 0.0008,
        0.0010, 0.0007, 0.0006, 0.0007, 0.0011, 0.0012, 0.0006, 0.0006, 0.0008,
        0.0009, 0.0007, 0.0019, 0.0017, 0.0006, 0.0008, 0.0011, 0.0006, 0.0006,
        0.0007, 0.0006, 0.0006, 0.0010, 0.0020, 0.0007, 0.0009, 0.0007, 0.0008,
        0.0013, 0.0010, 0.0007, 0.0005, 0.0006, 0.0006, 0.0007, 0.0010, 0.0009,
        0.0007, 0.0008, 0.0006, 0.0011, 0.0008])//
train_examples$112800$60000.0//
train_loss$122200$0.0007426068522135416//
train_individual_losses$122200$tensor([0.0013, 0.0010, 0.0006, 0.0005, 0.0005, 0.0016, 0.0005, 0.0006, 0.0007,
        0.0008, 0.0006, 0.0006, 0.0006, 0.0010, 0.0010, 0.0005, 0.0006, 0.0007,
        0.0007, 0.0006, 0.0016, 0.0014, 0.0005, 0.0007, 0.0009, 0.0006, 0.0005,
        0.0006, 0.0005, 0.0005, 0.0008, 0.0017, 0.0006, 0.0008, 0.0006, 0.0007,
        0.0011, 0.0008, 0.0006, 0.0004, 0.0006, 0.0006, 0.0006, 0.0009, 0.0007,
        0.0006, 0.0006, 0.0005, 0.0009, 0.0006])//
train_examples$122200$60000.0//
train_loss$131600$0.0006425696207682292//
train_individual_losses$131600$tensor([0.0011, 0.0009, 0.0005, 0.0005, 0.0004, 0.0014, 0.0005, 0.0005, 0.0006,
        0.0007, 0.0005, 0.0005, 0.0006, 0.0008, 0.0008, 0.0005, 0.0005, 0.0006,
        0.0006, 0.0005, 0.0013, 0.0011, 0.0004, 0.0006, 0.0007, 0.0005, 0.0004,
        0.0005, 0.0004, 0.0005, 0.0007, 0.0014, 0.0005, 0.0007, 0.0005, 0.0006,
        0.0009, 0.0007, 0.0006, 0.0004, 0.0005, 0.0005, 0.0005, 0.0008, 0.0006,
        0.0005, 0.0005, 0.0005, 0.0007, 0.0006])//
train_examples$131600$60000.0//
train_loss$141000$0.0005714166259765625//
train_individual_losses$141000$tensor([0.0009, 0.0007, 0.0005, 0.0004, 0.0004, 0.0013, 0.0004, 0.0005, 0.0005,
        0.0006, 0.0004, 0.0005, 0.0005, 0.0007, 0.0007, 0.0004, 0.0005, 0.0005,
        0.0006, 0.0005, 0.0011, 0.0010, 0.0004, 0.0005, 0.0006, 0.0005, 0.0004,
        0.0005, 0.0004, 0.0004, 0.0006, 0.0012, 0.0005, 0.0006, 0.0005, 0.0005,
        0.0008, 0.0006, 0.0005, 0.0004, 0.0005, 0.0005, 0.0005, 0.0007, 0.0005,
        0.0005, 0.0005, 0.0004, 0.0006, 0.0005])//
train_examples$141000$60000.0//
train_loss$150400$0.0005186197102864583//
train_individual_losses$150400$tensor([0.0008, 0.0006, 0.0005, 0.0004, 0.0004, 0.0011, 0.0004, 0.0004, 0.0005,
        0.0005, 0.0004, 0.0004, 0.0005, 0.0007, 0.0006, 0.0004, 0.0005, 0.0005,
        0.0005, 0.0004, 0.0010, 0.0008, 0.0004, 0.0004, 0.0005, 0.0005, 0.0004,
        0.0004, 0.0004, 0.0004, 0.0005, 0.0011, 0.0004, 0.0005, 0.0005, 0.0005,
        0.0007, 0.0005, 0.0005, 0.0004, 0.0004, 0.0004, 0.0004, 0.0006, 0.0005,
        0.0004, 0.0004, 0.0004, 0.0006, 0.0005])//
train_examples$150400$60000.0//
train_loss$159800$0.00047430619303385417//
train_individual_losses$159800$tensor([0.0007, 0.0006, 0.0004, 0.0004, 0.0004, 0.0010, 0.0004, 0.0004, 0.0004,
        0.0004, 0.0004, 0.0004, 0.0004, 0.0006, 0.0005, 0.0004, 0.0004, 0.0005,
        0.0005, 0.0004, 0.0009, 0.0007, 0.0004, 0.0004, 0.0004, 0.0004, 0.0004,
        0.0004, 0.0004, 0.0004, 0.0005, 0.0009, 0.0004, 0.0005, 0.0004, 0.0004,
        0.0006, 0.0005, 0.0005, 0.0004, 0.0004, 0.0004, 0.0004, 0.0006, 0.0005,
        0.0004, 0.0004, 0.0003, 0.0005, 0.0004])//
train_examples$159800$60000.0//
train_loss$169200$0.0004367247314453125//
train_individual_losses$169200$tensor([0.0006, 0.0005, 0.0004, 0.0004, 0.0003, 0.0009, 0.0003, 0.0004, 0.0004,
        0.0004, 0.0004, 0.0004, 0.0004, 0.0005, 0.0005, 0.0004, 0.0004, 0.0004,
        0.0004, 0.0004, 0.0008, 0.0007, 0.0003, 0.0004, 0.0004, 0.0004, 0.0003,
        0.0004, 0.0003, 0.0003, 0.0004, 0.0008, 0.0004, 0.0004, 0.0004, 0.0004,
        0.0006, 0.0005, 0.0004, 0.0003, 0.0004, 0.0004, 0.0004, 0.0005, 0.0004,
        0.0004, 0.0003, 0.0003, 0.0005, 0.0004])//
train_examples$169200$60000.0//
train_loss$178600$0.00041128706868489586//
train_individual_losses$178600$tensor([0.0005, 0.0005, 0.0004, 0.0003, 0.0003, 0.0009, 0.0003, 0.0004, 0.0004,
        0.0004, 0.0003, 0.0004, 0.0004, 0.0005, 0.0004, 0.0004, 0.0004, 0.0004,
        0.0004, 0.0004, 0.0007, 0.0006, 0.0003, 0.0004, 0.0004, 0.0004, 0.0003,
        0.0004, 0.0003, 0.0003, 0.0004, 0.0007, 0.0004, 0.0004, 0.0004, 0.0004,
        0.0005, 0.0004, 0.0004, 0.0004, 0.0004, 0.0004, 0.0004, 0.0005, 0.0004,
        0.0004, 0.0003, 0.0003, 0.0004, 0.0004])//
train_examples$178600$60000.0//
train_loss$188000$0.0003871666666666667//
train_individual_losses$188000$tensor([0.0005, 0.0004, 0.0004, 0.0003, 0.0003, 0.0008, 0.0003, 0.0004, 0.0004,
        0.0004, 0.0003, 0.0004, 0.0004, 0.0005, 0.0004, 0.0003, 0.0004, 0.0004,
        0.0004, 0.0004, 0.0006, 0.0005, 0.0003, 0.0003, 0.0003, 0.0004, 0.0003,
        0.0004, 0.0003, 0.0003, 0.0004, 0.0007, 0.0004, 0.0004, 0.0004, 0.0003,
        0.0005, 0.0004, 0.0004, 0.0003, 0.0004, 0.0004, 0.0003, 0.0005, 0.0004,
        0.0003, 0.0003, 0.0003, 0.0004, 0.0003])//
train_examples$188000$60000.0//
train_loss$197400$0.00036794197591145835//
train_individual_losses$197400$tensor([0.0004, 0.0004, 0.0004, 0.0003, 0.0003, 0.0008, 0.0003, 0.0004, 0.0003,
        0.0003, 0.0003, 0.0004, 0.0004, 0.0004, 0.0003, 0.0003, 0.0004, 0.0004,
        0.0004, 0.0003, 0.0006, 0.0005, 0.0003, 0.0003, 0.0003, 0.0004, 0.0003,
        0.0003, 0.0003, 0.0003, 0.0003, 0.0006, 0.0004, 0.0003, 0.0004, 0.0003,
        0.0004, 0.0004, 0.0004, 0.0003, 0.0004, 0.0004, 0.0003, 0.0005, 0.0003,
        0.0003, 0.0003, 0.0003, 0.0004, 0.0003])//
train_examples$197400$60000.0//
train_loss$206800$0.000349519775390625//
train_individual_losses$206800$tensor([0.0004, 0.0004, 0.0004, 0.0003, 0.0003, 0.0007, 0.0003, 0.0003, 0.0003,
        0.0003, 0.0003, 0.0003, 0.0004, 0.0004, 0.0003, 0.0003, 0.0004, 0.0004,
        0.0003, 0.0003, 0.0005, 0.0005, 0.0003, 0.0003, 0.0003, 0.0004, 0.0003,
        0.0003, 0.0003, 0.0003, 0.0003, 0.0006, 0.0004, 0.0003, 0.0004, 0.0003,
        0.0004, 0.0004, 0.0004, 0.0003, 0.0003, 0.0003, 0.0003, 0.0004, 0.0003,
        0.0003, 0.0003, 0.0003, 0.0004, 0.0003])//
train_examples$206800$60000.0//
train_loss$216200$0.0003344424641927083//
train_individual_losses$216200$tensor([0.0004, 0.0003, 0.0004, 0.0003, 0.0003, 0.0007, 0.0003, 0.0003, 0.0003,
        0.0003, 0.0003, 0.0003, 0.0003, 0.0004, 0.0003, 0.0003, 0.0003, 0.0003,
        0.0003, 0.0003, 0.0005, 0.0004, 0.0003, 0.0003, 0.0003, 0.0004, 0.0003,
        0.0003, 0.0003, 0.0003, 0.0003, 0.0005, 0.0003, 0.0003, 0.0003, 0.0003,
        0.0004, 0.0003, 0.0004, 0.0003, 0.0003, 0.0003, 0.0003, 0.0004, 0.0003,
        0.0003, 0.0003, 0.0003, 0.0003, 0.0003])//
train_examples$216200$60000.0//
train_loss$225600$0.0003222078857421875//
train_individual_losses$225600$tensor([0.0003, 0.0003, 0.0003, 0.0003, 0.0003, 0.0006, 0.0003, 0.0003, 0.0003,
        0.0003, 0.0003, 0.0003, 0.0003, 0.0004, 0.0003, 0.0003, 0.0003, 0.0003,
        0.0003, 0.0003, 0.0005, 0.0004, 0.0003, 0.0003, 0.0003, 0.0004, 0.0003,
        0.0003, 0.0003, 0.0003, 0.0003, 0.0005, 0.0003, 0.0003, 0.0003, 0.0003,
        0.0004, 0.0003, 0.0004, 0.0003, 0.0003, 0.0003, 0.0003, 0.0004, 0.0003,
        0.0003, 0.0002, 0.0002, 0.0003, 0.0003])//
train_examples$225600$60000.0//
train_loss$235000$0.0003134050089518229//
train_individual_losses$235000$tensor([0.0003, 0.0003, 0.0003, 0.0003, 0.0003, 0.0006, 0.0003, 0.0003, 0.0003,
        0.0003, 0.0003, 0.0003, 0.0003, 0.0003, 0.0003, 0.0003, 0.0003, 0.0003,
        0.0003, 0.0003, 0.0004, 0.0004, 0.0003, 0.0003, 0.0003, 0.0003, 0.0003,
        0.0003, 0.0003, 0.0002, 0.0003, 0.0005, 0.0003, 0.0003, 0.0003, 0.0003,
        0.0003, 0.0003, 0.0004, 0.0003, 0.0003, 0.0003, 0.0003, 0.0004, 0.0003,
        0.0003, 0.0002, 0.0002, 0.0003, 0.0003])//
train_examples$235000$60000.0//
train_loss$244400$0.0002979869384765625//
train_individual_losses$244400$tensor([0.0003, 0.0003, 0.0003, 0.0003, 0.0003, 0.0006, 0.0003, 0.0003, 0.0003,
        0.0003, 0.0003, 0.0003, 0.0003, 0.0003, 0.0002, 0.0003, 0.0003, 0.0003,
        0.0003, 0.0003, 0.0004, 0.0003, 0.0003, 0.0003, 0.0002, 0.0003, 0.0002,
        0.0003, 0.0003, 0.0002, 0.0002, 0.0004, 0.0003, 0.0003, 0.0003, 0.0003,
        0.0003, 0.0003, 0.0003, 0.0003, 0.0003, 0.0003, 0.0003, 0.0004, 0.0003,
        0.0003, 0.0002, 0.0002, 0.0003, 0.0003])//
train_examples$244400$60000.0//
train_loss$253800$0.0002907685343424479//
train_individual_losses$253800$tensor([0.0003, 0.0003, 0.0003, 0.0002, 0.0003, 0.0005, 0.0003, 0.0003, 0.0003,
        0.0003, 0.0003, 0.0003, 0.0003, 0.0003, 0.0002, 0.0003, 0.0003, 0.0003,
        0.0003, 0.0003, 0.0004, 0.0003, 0.0003, 0.0003, 0.0002, 0.0003, 0.0002,
        0.0003, 0.0003, 0.0002, 0.0002, 0.0004, 0.0003, 0.0003, 0.0003, 0.0003,
        0.0003, 0.0003, 0.0003, 0.0003, 0.0003, 0.0003, 0.0003, 0.0004, 0.0003,
        0.0003, 0.0002, 0.0002, 0.0003, 0.0003])//
train_examples$253800$60000.0//
train_loss$263200$0.00028157869466145834//
train_individual_losses$263200$tensor([0.0003, 0.0003, 0.0003, 0.0002, 0.0002, 0.0005, 0.0003, 0.0003, 0.0003,
        0.0003, 0.0003, 0.0003, 0.0003, 0.0003, 0.0002, 0.0003, 0.0003, 0.0003,
        0.0003, 0.0003, 0.0004, 0.0003, 0.0003, 0.0002, 0.0002, 0.0003, 0.0002,
        0.0003, 0.0003, 0.0002, 0.0002, 0.0004, 0.0003, 0.0003, 0.0003, 0.0003,
        0.0003, 0.0003, 0.0003, 0.0003, 0.0003, 0.0003, 0.0003, 0.0004, 0.0003,
        0.0003, 0.0002, 0.0002, 0.0003, 0.0003])//
train_examples$263200$60000.0//
train_loss$272600$0.00027509564208984375//
train_individual_losses$272600$tensor([0.0003, 0.0003, 0.0003, 0.0002, 0.0002, 0.0005, 0.0003, 0.0003, 0.0003,
        0.0003, 0.0003, 0.0003, 0.0003, 0.0003, 0.0002, 0.0003, 0.0003, 0.0003,
        0.0003, 0.0003, 0.0003, 0.0003, 0.0002, 0.0002, 0.0002, 0.0003, 0.0002,
        0.0003, 0.0003, 0.0002, 0.0002, 0.0004, 0.0003, 0.0002, 0.0003, 0.0002,
        0.0003, 0.0003, 0.0003, 0.0003, 0.0003, 0.0003, 0.0003, 0.0003, 0.0002,
        0.0003, 0.0002, 0.0002, 0.0003, 0.0002])//
train_examples$272600$60000.0//
train_loss$282000$0.00026523557535807293//
train_individual_losses$282000$tensor([0.0003, 0.0003, 0.0003, 0.0002, 0.0002, 0.0005, 0.0002, 0.0003, 0.0003,
        0.0002, 0.0002, 0.0003, 0.0003, 0.0003, 0.0002, 0.0003, 0.0003, 0.0003,
        0.0003, 0.0002, 0.0003, 0.0003, 0.0003, 0.0002, 0.0002, 0.0003, 0.0002,
        0.0003, 0.0002, 0.0002, 0.0002, 0.0003, 0.0003, 0.0002, 0.0003, 0.0002,
        0.0003, 0.0003, 0.0003, 0.0003, 0.0003, 0.0003, 0.0003, 0.0003, 0.0002,
        0.0003, 0.0002, 0.0002, 0.0003, 0.0002])//
train_examples$282000$60000.0//
train_loss$291400$0.00026147674560546877//
train_individual_losses$291400$tensor([0.0003, 0.0003, 0.0003, 0.0002, 0.0002, 0.0004, 0.0002, 0.0003, 0.0003,
        0.0002, 0.0002, 0.0003, 0.0003, 0.0003, 0.0002, 0.0003, 0.0003, 0.0003,
        0.0003, 0.0002, 0.0003, 0.0002, 0.0002, 0.0002, 0.0002, 0.0003, 0.0002,
        0.0003, 0.0002, 0.0002, 0.0002, 0.0003, 0.0003, 0.0002, 0.0003, 0.0002,
        0.0003, 0.0003, 0.0003, 0.0003, 0.0003, 0.0003, 0.0002, 0.0003, 0.0002,
        0.0002, 0.0002, 0.0002, 0.0003, 0.0002])//
train_examples$291400$60000.0//
train_loss$300800$0.0002528282267252604//
train_individual_losses$300800$tensor([0.0002, 0.0002, 0.0003, 0.0002, 0.0002, 0.0004, 0.0002, 0.0003, 0.0003,
        0.0002, 0.0002, 0.0003, 0.0003, 0.0003, 0.0002, 0.0003, 0.0003, 0.0003,
        0.0003, 0.0002, 0.0003, 0.0002, 0.0002, 0.0002, 0.0002, 0.0003, 0.0002,
        0.0003, 0.0002, 0.0002, 0.0002, 0.0003, 0.0003, 0.0002, 0.0003, 0.0002,
        0.0003, 0.0003, 0.0003, 0.0003, 0.0002, 0.0003, 0.0002, 0.0003, 0.0002,
        0.0002, 0.0002, 0.0002, 0.0002, 0.0002])//
train_examples$300800$60000.0//
train_loss$310200$0.0002446727498372396//
train_individual_losses$310200$tensor([0.0002, 0.0002, 0.0003, 0.0002, 0.0002, 0.0004, 0.0002, 0.0003, 0.0002,
        0.0002, 0.0002, 0.0003, 0.0003, 0.0003, 0.0002, 0.0002, 0.0003, 0.0003,
        0.0002, 0.0002, 0.0003, 0.0002, 0.0002, 0.0002, 0.0002, 0.0003, 0.0002,
        0.0003, 0.0002, 0.0002, 0.0002, 0.0003, 0.0003, 0.0002, 0.0003, 0.0002,
        0.0002, 0.0002, 0.0003, 0.0003, 0.0002, 0.0003, 0.0002, 0.0003, 0.0002,
        0.0002, 0.0002, 0.0002, 0.0002, 0.0002])//
train_examples$310200$60000.0//
train_loss$319600$0.000239379150390625//
train_individual_losses$319600$tensor([0.0002, 0.0002, 0.0003, 0.0002, 0.0002, 0.0004, 0.0002, 0.0003, 0.0002,
        0.0002, 0.0002, 0.0002, 0.0003, 0.0003, 0.0002, 0.0002, 0.0003, 0.0003,
        0.0002, 0.0002, 0.0003, 0.0002, 0.0002, 0.0002, 0.0002, 0.0003, 0.0002,
        0.0003, 0.0002, 0.0002, 0.0002, 0.0003, 0.0003, 0.0002, 0.0003, 0.0002,
        0.0002, 0.0002, 0.0003, 0.0003, 0.0002, 0.0003, 0.0002, 0.0003, 0.0002,
        0.0002, 0.0002, 0.0002, 0.0002, 0.0002])//
train_examples$319600$60000.0//
train_loss$329000$0.0002351418660481771//
train_individual_losses$329000$tensor([0.0002, 0.0002, 0.0003, 0.0002, 0.0002, 0.0004, 0.0002, 0.0003, 0.0002,
        0.0002, 0.0002, 0.0002, 0.0003, 0.0002, 0.0002, 0.0002, 0.0003, 0.0002,
        0.0002, 0.0002, 0.0003, 0.0002, 0.0002, 0.0002, 0.0002, 0.0003, 0.0002,
        0.0002, 0.0002, 0.0002, 0.0002, 0.0003, 0.0003, 0.0002, 0.0003, 0.0002,
        0.0002, 0.0002, 0.0003, 0.0003, 0.0002, 0.0003, 0.0002, 0.0003, 0.0002,
        0.0002, 0.0002, 0.0002, 0.0002, 0.0002])//
train_examples$329000$60000.0//
train_loss$338400$0.00022790814208984374//
train_individual_losses$338400$tensor([0.0002, 0.0002, 0.0003, 0.0002, 0.0002, 0.0004, 0.0002, 0.0003, 0.0002,
        0.0002, 0.0002, 0.0002, 0.0002, 0.0002, 0.0002, 0.0002, 0.0002, 0.0002,
        0.0002, 0.0002, 0.0003, 0.0002, 0.0002, 0.0002, 0.0002, 0.0003, 0.0002,
        0.0002, 0.0002, 0.0002, 0.0002, 0.0003, 0.0003, 0.0002, 0.0003, 0.0002,
        0.0002, 0.0002, 0.0003, 0.0003, 0.0002, 0.0003, 0.0002, 0.0003, 0.0002,
        0.0002, 0.0002, 0.0002, 0.0002, 0.0002])//
train_examples$338400$60000.0//
train_loss$347800$0.00022405723063151042//
train_individual_losses$347800$tensor([0.0002, 0.0002, 0.0003, 0.0002, 0.0002, 0.0004, 0.0002, 0.0003, 0.0002,
        0.0002, 0.0002, 0.0002, 0.0002, 0.0002, 0.0001, 0.0002, 0.0002, 0.0002,
        0.0002, 0.0002, 0.0003, 0.0002, 0.0002, 0.0002, 0.0002, 0.0003, 0.0002,
        0.0002, 0.0002, 0.0002, 0.0002, 0.0003, 0.0003, 0.0002, 0.0003, 0.0002,
        0.0002, 0.0002, 0.0003, 0.0002, 0.0002, 0.0003, 0.0002, 0.0003, 0.0002,
        0.0002, 0.0002, 0.0002, 0.0002, 0.0002])//
train_examples$347800$60000.0//
train_loss$357200$0.0002194830525716146//
train_individual_losses$357200$tensor([0.0002, 0.0002, 0.0003, 0.0002, 0.0002, 0.0004, 0.0002, 0.0002, 0.0002,
        0.0002, 0.0002, 0.0002, 0.0002, 0.0002, 0.0001, 0.0002, 0.0002, 0.0002,
        0.0002, 0.0002, 0.0003, 0.0002, 0.0002, 0.0002, 0.0002, 0.0003, 0.0002,
        0.0002, 0.0002, 0.0002, 0.0002, 0.0002, 0.0003, 0.0002, 0.0002, 0.0002,
        0.0002, 0.0002, 0.0003, 0.0002, 0.0002, 0.0003, 0.0002, 0.0003, 0.0002,
        0.0002, 0.0002, 0.0002, 0.0002, 0.0002])//
train_examples$357200$60000.0//
train_loss$366600$0.00021555259195963543//
train_individual_losses$366600$tensor([0.0002, 0.0002, 0.0003, 0.0002, 0.0002, 0.0003, 0.0002, 0.0002, 0.0002,
        0.0002, 0.0002, 0.0002, 0.0002, 0.0002, 0.0001, 0.0002, 0.0002, 0.0002,
        0.0002, 0.0002, 0.0002, 0.0002, 0.0002, 0.0002, 0.0002, 0.0003, 0.0002,
        0.0002, 0.0002, 0.0002, 0.0002, 0.0002, 0.0003, 0.0002, 0.0002, 0.0002,
        0.0002, 0.0002, 0.0003, 0.0002, 0.0002, 0.0003, 0.0002, 0.0003, 0.0002,
        0.0002, 0.0002, 0.0002, 0.0002, 0.0002])//
train_examples$366600$60000.0//
train_loss$376000$0.000212541259765625//
train_individual_losses$376000$tensor([0.0002, 0.0002, 0.0003, 0.0002, 0.0002, 0.0003, 0.0002, 0.0002, 0.0002,
        0.0002, 0.0002, 0.0002, 0.0002, 0.0002, 0.0001, 0.0002, 0.0002, 0.0002,
        0.0002, 0.0002, 0.0002, 0.0002, 0.0002, 0.0002, 0.0002, 0.0003, 0.0002,
        0.0002, 0.0002, 0.0002, 0.0002, 0.0002, 0.0002, 0.0002, 0.0002, 0.0002,
        0.0002, 0.0002, 0.0003, 0.0002, 0.0002, 0.0002, 0.0002, 0.0003, 0.0002,
        0.0002, 0.0002, 0.0002, 0.0002, 0.0002])//
train_examples$376000$60000.0//
train_loss$385400$0.00020882051595052083//
train_individual_losses$385400$tensor([0.0002, 0.0002, 0.0003, 0.0002, 0.0002, 0.0003, 0.0002, 0.0002, 0.0002,
        0.0002, 0.0002, 0.0002, 0.0002, 0.0002, 0.0001, 0.0002, 0.0002, 0.0002,
        0.0002, 0.0002, 0.0002, 0.0002, 0.0002, 0.0002, 0.0002, 0.0002, 0.0002,
        0.0002, 0.0002, 0.0002, 0.0002, 0.0002, 0.0002, 0.0002, 0.0002, 0.0002,
        0.0002, 0.0002, 0.0003, 0.0002, 0.0002, 0.0002, 0.0002, 0.0002, 0.0002,
        0.0002, 0.0002, 0.0002, 0.0002, 0.0002])//
train_examples$385400$60000.0//
train_loss$394800$0.00020401835123697916//
train_individual_losses$394800$tensor([0.0002, 0.0002, 0.0002, 0.0002, 0.0002, 0.0003, 0.0002, 0.0002, 0.0002,
        0.0002, 0.0002, 0.0002, 0.0002, 0.0002, 0.0001, 0.0002, 0.0002, 0.0002,
        0.0002, 0.0002, 0.0002, 0.0002, 0.0002, 0.0002, 0.0002, 0.0003, 0.0002,
        0.0002, 0.0002, 0.0002, 0.0002, 0.0002, 0.0002, 0.0002, 0.0002, 0.0002,
        0.0002, 0.0002, 0.0002, 0.0002, 0.0002, 0.0002, 0.0002, 0.0002, 0.0002,
        0.0002, 0.0002, 0.0002, 0.0002, 0.0002])//
train_examples$394800$60000.0//
train_loss$404200$0.0002006709187825521//
train_individual_losses$404200$tensor([0.0002, 0.0002, 0.0002, 0.0002, 0.0002, 0.0003, 0.0002, 0.0002, 0.0002,
        0.0002, 0.0002, 0.0002, 0.0002, 0.0002, 0.0001, 0.0002, 0.0002, 0.0002,
        0.0002, 0.0002, 0.0002, 0.0002, 0.0002, 0.0002, 0.0002, 0.0002, 0.0002,
        0.0002, 0.0002, 0.0002, 0.0002, 0.0002, 0.0002, 0.0002, 0.0002, 0.0002,
        0.0002, 0.0002, 0.0002, 0.0002, 0.0002, 0.0002, 0.0002, 0.0002, 0.0002,
        0.0002, 0.0002, 0.0002, 0.0002, 0.0002])//
train_examples$404200$60000.0//
train_loss$413600$0.0001962480265299479//
train_individual_losses$413600$tensor([0.0002, 0.0002, 0.0002, 0.0002, 0.0002, 0.0003, 0.0002, 0.0002, 0.0002,
        0.0002, 0.0002, 0.0002, 0.0002, 0.0002, 0.0001, 0.0002, 0.0002, 0.0002,
        0.0002, 0.0002, 0.0002, 0.0002, 0.0002, 0.0002, 0.0002, 0.0002, 0.0002,
        0.0002, 0.0002, 0.0002, 0.0002, 0.0002, 0.0002, 0.0002, 0.0002, 0.0002,
        0.0002, 0.0002, 0.0002, 0.0002, 0.0002, 0.0002, 0.0002, 0.0002, 0.0002,
        0.0002, 0.0002, 0.0002, 0.0002, 0.0002])//
train_examples$413600$60000.0//
train_loss$423000$0.0001935162556966146//
train_individual_losses$423000$tensor([0.0002, 0.0002, 0.0002, 0.0002, 0.0002, 0.0003, 0.0002, 0.0002, 0.0002,
        0.0002, 0.0002, 0.0002, 0.0002, 0.0002, 0.0001, 0.0002, 0.0002, 0.0002,
        0.0002, 0.0002, 0.0002, 0.0002, 0.0002, 0.0002, 0.0002, 0.0002, 0.0002,
        0.0002, 0.0002, 0.0002, 0.0002, 0.0002, 0.0002, 0.0002, 0.0002, 0.0002,
        0.0002, 0.0002, 0.0002, 0.0002, 0.0002, 0.0002, 0.0002, 0.0002, 0.0002,
        0.0002, 0.0002, 0.0001, 0.0002, 0.0002])//
train_examples$423000$60000.0//
train_loss$432400$0.00019002107747395834//
train_individual_losses$432400$tensor([0.0002, 0.0002, 0.0002, 0.0002, 0.0002, 0.0003, 0.0002, 0.0002, 0.0002,
        0.0002, 0.0002, 0.0002, 0.0002, 0.0002, 0.0001, 0.0002, 0.0002, 0.0002,
        0.0002, 0.0002, 0.0002, 0.0002, 0.0002, 0.0002, 0.0002, 0.0002, 0.0002,
        0.0002, 0.0002, 0.0002, 0.0002, 0.0002, 0.0002, 0.0002, 0.0002, 0.0002,
        0.0002, 0.0002, 0.0002, 0.0002, 0.0002, 0.0002, 0.0002, 0.0002, 0.0002,
        0.0002, 0.0002, 0.0002, 0.0002, 0.0002])//
train_examples$432400$60000.0//
train_loss$441800$0.00018771942138671874//
train_individual_losses$441800$tensor([0.0002, 0.0002, 0.0002, 0.0002, 0.0002, 0.0003, 0.0002, 0.0002, 0.0002,
        0.0002, 0.0002, 0.0002, 0.0002, 0.0002, 0.0001, 0.0002, 0.0002, 0.0002,
        0.0002, 0.0002, 0.0002, 0.0002, 0.0002, 0.0002, 0.0002, 0.0002, 0.0002,
        0.0002, 0.0002, 0.0002, 0.0002, 0.0002, 0.0002, 0.0002, 0.0002, 0.0002,
        0.0002, 0.0002, 0.0002, 0.0002, 0.0002, 0.0002, 0.0002, 0.0002, 0.0002,
        0.0002, 0.0002, 0.0001, 0.0002, 0.0002])//
train_examples$441800$60000.0//
train_loss$451200$0.00018476597086588542//
train_individual_losses$451200$tensor([0.0002, 0.0002, 0.0002, 0.0002, 0.0002, 0.0003, 0.0002, 0.0002, 0.0002,
        0.0002, 0.0002, 0.0002, 0.0002, 0.0002, 0.0001, 0.0002, 0.0002, 0.0002,
        0.0002, 0.0002, 0.0002, 0.0002, 0.0002, 0.0002, 0.0002, 0.0002, 0.0002,
        0.0002, 0.0002, 0.0002, 0.0002, 0.0002, 0.0002, 0.0002, 0.0002, 0.0002,
        0.0002, 0.0002, 0.0002, 0.0002, 0.0002, 0.0002, 0.0002, 0.0002, 0.0002,
        0.0002, 0.0002, 0.0001, 0.0002, 0.0002])//
train_examples$451200$60000.0//
train_loss$460600$0.00018124503580729167//
train_individual_losses$460600$tensor([0.0002, 0.0002, 0.0002, 0.0002, 0.0002, 0.0003, 0.0002, 0.0002, 0.0002,
        0.0002, 0.0002, 0.0002, 0.0002, 0.0002, 0.0001, 0.0002, 0.0002, 0.0002,
        0.0002, 0.0002, 0.0002, 0.0001, 0.0002, 0.0002, 0.0002, 0.0002, 0.0002,
        0.0002, 0.0002, 0.0001, 0.0002, 0.0002, 0.0002, 0.0002, 0.0002, 0.0002,
        0.0002, 0.0002, 0.0002, 0.0002, 0.0002, 0.0002, 0.0002, 0.0002, 0.0002,
        0.0002, 0.0001, 0.0001, 0.0002, 0.0002])//
train_examples$460600$60000.0//
train_loss$470000$0.00017943180338541667//
train_individual_losses$470000$tensor([0.0002, 0.0002, 0.0002, 0.0002, 0.0002, 0.0002, 0.0002, 0.0002, 0.0002,
        0.0002, 0.0002, 0.0002, 0.0002, 0.0002, 0.0001, 0.0002, 0.0002, 0.0002,
        0.0002, 0.0002, 0.0002, 0.0001, 0.0002, 0.0002, 0.0001, 0.0002, 0.0002,
        0.0002, 0.0002, 0.0002, 0.0002, 0.0002, 0.0002, 0.0002, 0.0002, 0.0002,
        0.0002, 0.0002, 0.0002, 0.0002, 0.0002, 0.0002, 0.0002, 0.0002, 0.0002,
        0.0002, 0.0001, 0.0001, 0.0002, 0.0002])//
train_examples$470000$60000.0