train_loss$0$140.09742666666668//
train_individual_losses$0$tensor([139.8407, 140.0791, 140.3120, 139.8460, 140.3048, 140.6695, 140.3810,
        140.0357, 140.1325, 139.7853, 139.6208, 139.5100, 140.3572, 140.4208,
        140.5517, 140.2360, 139.9642, 139.6513, 140.0462, 140.2046])//
train_examples$0$60000.0//
train_loss$2350000$0.0003054265848795573//
train_individual_losses$2350000$tensor([4.3319e-04, 4.1285e-04, 6.8219e-05, 2.9572e-04, 4.7987e-04, 1.9016e-05,
        8.0832e-05, 8.5899e-06, 6.5660e-04, 1.8246e-04, 3.9017e-04, 1.2937e-04,
        3.4549e-04, 1.4968e-03, 7.6415e-05, 5.9891e-04, 7.8637e-05, 1.7206e-04,
        1.5627e-04, 2.7030e-05])//
train_examples$2350000$60000.0