train_loss$0$3.259125625//
train_individual_losses$0$tensor([3.3670, 3.2901, 2.8735, 3.6249, 3.1842, 2.9017, 2.9896, 3.1662, 3.0890,
        3.0589, 3.5134, 3.5373, 3.1066, 3.6772, 3.2344, 3.1109, 3.3462, 3.4811,
        3.7237, 2.9068])//
train_examples$0$10000.0//
train_loss$2000$0.0019389778137207032//
train_individual_losses$2000$tensor([0.0019, 0.0021, 0.0013, 0.0020, 0.0012, 0.0009, 0.0012, 0.0017, 0.0015,
        0.0034, 0.0046, 0.0024, 0.0013, 0.0014, 0.0016, 0.0012, 0.0050, 0.0009,
        0.0019, 0.0013])//
train_examples$2000$10000.0//
train_loss$4000$0.0004145730209350586//
train_individual_losses$4000$tensor([0.0003, 0.0002, 0.0007, 0.0004, 0.0003, 0.0004, 0.0002, 0.0004, 0.0003,
        0.0003, 0.0006, 0.0005, 0.0003, 0.0003, 0.0004, 0.0004, 0.0012, 0.0005,
        0.0005, 0.0002])//
train_examples$4000$10000.0//
train_loss$6000$0.00018579044342041017//
train_individual_losses$6000$tensor([2.6929e-04, 1.5111e-04, 2.6488e-04, 1.6677e-04, 1.7962e-04, 2.7874e-04,
        1.4034e-06, 2.0890e-04, 2.8184e-04, 4.7768e-05, 2.9177e-04, 1.6919e-04,
        2.6559e-04, 5.9932e-05, 2.6453e-04, 1.6888e-04, 4.1615e-04, 2.8274e-05,
        2.0031e-04, 8.6566e-07])//
train_examples$6000$10000.0//
train_loss$8000$0.00013637619972229004//
train_individual_losses$8000$tensor([2.6835e-04, 1.0642e-04, 1.7184e-06, 1.2965e-04, 1.3563e-04, 2.6863e-04,
        3.0449e-08, 3.3351e-06, 2.7518e-04, 1.1889e-07, 2.8688e-04, 1.3020e-04,
        2.7018e-04, 2.8631e-06, 2.5473e-04, 1.2707e-04, 2.9744e-04, 4.7978e-06,
        1.6426e-04, 4.3597e-08])//
train_examples$8000$10000.0//
train_loss$10000$9.970532417297363e-05//
train_individual_losses$10000$tensor([2.4623e-04, 1.6221e-09, 4.1513e-10, 6.0267e-08, 1.1188e-08, 2.8558e-04,
        3.1291e-09, 1.8977e-07, 2.7364e-04, 1.5719e-09, 2.7483e-04, 8.2256e-07,
        2.6421e-04, 1.0238e-08, 2.4884e-04, 2.8342e-09, 2.8866e-04, 9.3116e-07,
        1.1002e-04, 4.8115e-08])//
train_examples$10000$10000.0//
train_loss$12000$8.65847110748291e-05//
train_individual_losses$12000$tensor([2.1609e-04, 4.9515e-07, 1.9940e-10, 6.4114e-10, 1.1684e-10, 2.6811e-04,
        9.2441e-10, 3.0314e-06, 2.4211e-04, 8.2694e-11, 2.6695e-04, 4.2383e-10,
        2.3474e-04, 6.6639e-08, 2.2852e-04, 1.0448e-07, 2.6987e-04, 1.5930e-06,
        4.7181e-09, 1.8166e-10])//
train_examples$12000$10000.0//
train_loss$14000$8.466679573059083e-05//
train_individual_losses$14000$tensor([2.0125e-04, 7.3200e-08, 1.2292e-07, 1.6013e-10, 3.7525e-10, 2.6697e-04,
        1.3171e-07, 2.1825e-07, 2.3587e-04, 1.1773e-11, 2.5924e-04, 1.4559e-10,
        2.3789e-04, 1.3915e-08, 2.2643e-04, 7.0009e-11, 2.6283e-04, 7.2111e-08,
        3.4471e-10, 2.2149e-06])//
train_examples$14000$10000.0//
train_loss$16000$8.151133537292481e-05//
train_individual_losses$16000$tensor([1.2347e-04, 1.9182e-09, 3.1049e-12, 9.6140e-07, 1.7367e-06, 2.7237e-04,
        1.4448e-10, 1.0406e-12, 2.3921e-04, 6.9793e-07, 2.6351e-04, 2.8332e-11,
        2.3265e-04, 2.8696e-11, 2.3131e-04, 3.2606e-08, 2.6429e-04, 2.8467e-11,
        9.1102e-11, 4.0239e-11])//
train_examples$16000$10000.0//
train_loss$18000$7.334708213806152e-05//
train_individual_losses$18000$tensor([3.8672e-06, 2.9429e-11, 2.0911e-08, 4.5296e-07, 1.2017e-10, 2.6820e-04,
        2.9289e-07, 3.4133e-06, 2.3391e-04, 1.2499e-10, 2.4956e-04, 2.0770e-08,
        2.2958e-04, 5.1921e-11, 2.3441e-04, 8.4762e-09, 2.4300e-04, 2.6891e-10,
        2.3960e-08, 1.8547e-07])//
train_examples$18000$10000.0//
train_loss$20000$6.971802234649659e-05//
train_individual_losses$20000$tensor([4.6337e-09, 3.2455e-10, 3.1705e-12, 1.9349e-10, 2.9355e-11, 2.6996e-04,
        9.5070e-09, 3.0641e-12, 2.3727e-04, 1.5300e-07, 2.5035e-04, 1.3656e-11,
        2.3940e-04, 9.2255e-07, 2.2959e-04, 4.6552e-11, 1.6667e-04, 5.4250e-09,
        1.4130e-08, 5.0538e-11])//
train_examples$20000$10000.0//
train_loss$22000$5.726424217224121e-05//
train_individual_losses$22000$tensor([1.2360e-06, 6.0133e-08, 1.6934e-11, 1.3125e-09, 5.4646e-11, 2.7648e-04,
        4.2599e-07, 3.2464e-11, 2.4175e-04, 2.5266e-09, 2.4418e-04, 1.9610e-06,
        3.1096e-08, 5.3793e-11, 2.3192e-04, 2.4285e-10, 1.4710e-04, 4.8214e-09,
        1.3218e-07, 2.7423e-09])//
train_examples$22000$10000.0//
train_loss$24000$4.756724834442139e-05//
train_individual_losses$24000$tensor([3.9425e-07, 2.3681e-08, 5.0483e-08, 1.4743e-07, 7.4548e-09, 2.6667e-04,
        2.3336e-09, 1.8275e-06, 2.3272e-04, 6.7022e-07, 2.2188e-04, 7.9815e-09,
        2.9532e-10, 2.3663e-08, 2.2624e-04, 1.1113e-09, 1.8284e-07, 1.0115e-10,
        5.0430e-07, 5.4867e-10])//
train_examples$24000$10000.0//
train_loss$26000$4.885385036468506e-05//
train_individual_losses$26000$tensor([8.6453e-11, 3.4347e-10, 1.7917e-09, 1.2469e-10, 6.5954e-09, 2.8204e-04,
        2.3376e-09, 1.0277e-06, 2.4140e-04, 7.8134e-08, 2.2213e-04, 3.3612e-10,
        2.9572e-11, 2.7828e-09, 2.2868e-04, 2.3871e-08, 7.9324e-10, 6.2035e-10,
        1.6807e-06, 2.7448e-09])//
train_examples$26000$10000.0//
train_loss$28000$4.686569690704346e-05//
train_individual_losses$28000$tensor([9.5190e-09, 2.8238e-08, 1.6001e-08, 3.0995e-10, 3.7896e-09, 2.7359e-04,
        7.8556e-07, 1.7713e-06, 2.3641e-04, 1.5383e-09, 1.9295e-04, 3.4912e-07,
        1.5657e-07, 1.7618e-08, 2.2988e-04, 1.1220e-08, 1.3759e-08, 1.1351e-07,
        1.2002e-06, 3.0674e-09])//
train_examples$28000$10000.0//
train_loss$30000$4.5609521865844724e-05//
train_individual_losses$30000$tensor([2.4954e-11, 2.5556e-12, 5.2407e-12, 1.8657e-10, 1.9660e-08, 2.6528e-04,
        1.1633e-11, 2.9881e-11, 2.3106e-04, 6.1792e-12, 1.8323e-04, 3.0557e-06,
        1.6439e-10, 3.3896e-06, 2.2567e-04, 5.0525e-11, 2.6984e-10, 1.5669e-09,
        2.8062e-11, 4.8705e-07])//
train_examples$30000$10000.0//
train_loss$32000$4.545536041259766e-05//
train_individual_losses$32000$tensor([2.2030e-10, 4.0849e-11, 1.9659e-08, 8.9920e-09, 4.7914e-07, 2.6862e-04,
        1.1107e-09, 1.0268e-09, 2.3786e-04, 3.0827e-11, 1.7562e-04, 9.2403e-10,
        8.8362e-10, 1.0391e-08, 2.2631e-04, 1.3768e-07, 8.0608e-11, 9.9035e-09,
        8.0104e-09, 2.1898e-08])//
train_examples$32000$10000.0//
train_loss$34000$4.612232208251953e-05//
train_individual_losses$34000$tensor([8.1230e-11, 1.2138e-09, 1.4584e-09, 1.5591e-08, 5.5362e-08, 2.7570e-04,
        1.9974e-11, 1.0880e-11, 2.4512e-04, 1.8697e-12, 1.6880e-04, 1.0783e-09,
        4.7675e-12, 1.0018e-10, 2.3243e-04, 3.5132e-11, 3.0744e-07, 7.2690e-11,
        6.7172e-11, 9.1566e-09])//
train_examples$34000$10000.0//
train_loss$36000$4.280279159545898e-05//
train_individual_losses$36000$tensor([3.7799e-08, 2.0259e-07, 6.2858e-12, 5.7116e-11, 3.1208e-11, 2.5733e-04,
        1.2092e-06, 7.8684e-11, 2.3371e-04, 6.7338e-12, 1.3432e-04, 4.2905e-07,
        4.5135e-11, 4.1878e-10, 2.2877e-04, 3.7266e-11, 3.8591e-08, 3.3624e-11,
        4.4986e-11, 2.3134e-09])//
train_examples$36000$10000.0//
train_loss$38000$3.504238843917847e-05//
train_individual_losses$38000$tensor([6.4138e-08, 6.2654e-07, 3.7774e-09, 7.9656e-07, 1.8375e-08, 2.3775e-04,
        4.5706e-10, 2.9388e-07, 2.3061e-04, 5.3916e-09, 2.3426e-09, 3.1852e-09,
        2.6141e-06, 2.1173e-07, 2.2676e-04, 1.1195e-09, 6.1466e-07, 1.6384e-08,
        9.7558e-10, 4.4648e-07])//
train_examples$38000$10000.0//
train_loss$40000$2.358001708984375e-05//
train_individual_losses$40000$tensor([2.7950e-11, 6.5606e-07, 3.1999e-11, 1.5053e-08, 7.1823e-11, 2.3766e-04,
        3.2634e-11, 1.4535e-09, 4.1292e-07, 2.0242e-07, 2.2345e-09, 1.2372e-11,
        6.7539e-08, 5.1675e-07, 2.3115e-04, 8.1144e-07, 3.2159e-10, 8.8991e-08,
        1.3913e-08, 1.9483e-10])//
train_examples$40000$10000.0//
train_loss$42000$2.4268579483032226e-05//
train_individual_losses$42000$tensor([1.5504e-08, 1.2009e-07, 6.7288e-07, 1.6054e-07, 2.8782e-10, 2.4636e-04,
        5.9843e-09, 1.4505e-07, 4.4599e-10, 9.6271e-12, 6.7140e-10, 3.7495e-08,
        1.1680e-11, 2.3932e-09, 2.3780e-04, 2.5097e-10, 3.5415e-08, 6.9092e-09,
        9.9079e-11, 8.2464e-10])//
train_examples$42000$10000.0//
train_loss$44000$2.3271396160125732e-05//
train_individual_losses$44000$tensor([1.8540e-10, 4.5905e-11, 2.3142e-09, 1.2129e-06, 2.5393e-09, 2.3604e-04,
        4.2601e-08, 1.7770e-11, 2.9691e-10, 1.3204e-06, 4.6984e-11, 1.7959e-06,
        8.2753e-11, 4.7209e-08, 2.2496e-04, 1.2355e-09, 3.7266e-10, 6.7978e-11,
        3.6749e-09, 6.2229e-10])//
train_examples$44000$10000.0//
train_loss$46000$2.3459296226501465e-05//
train_individual_losses$46000$tensor([3.1024e-08, 5.0275e-11, 3.0083e-07, 2.2268e-10, 3.5686e-09, 2.4144e-04,
        4.6460e-10, 1.5114e-11, 1.8705e-07, 6.7892e-12, 7.3703e-08, 2.5199e-10,
        1.1578e-10, 1.6477e-10, 2.2675e-04, 9.2072e-11, 1.0121e-08, 3.7489e-07,
        3.9608e-09, 8.0281e-09])//
train_examples$46000$10000.0//
train_loss$48000$2.3212363719940187e-05//
train_individual_losses$48000$tensor([2.1613e-11, 3.9419e-06, 1.2887e-06, 6.1766e-09, 1.5595e-08, 2.3379e-04,
        1.1748e-08, 3.4229e-08, 1.8710e-10, 2.7172e-11, 5.0673e-08, 2.1610e-11,
        3.8215e-11, 3.9489e-11, 2.2508e-04, 3.4241e-08, 1.8556e-11, 1.1841e-09,
        3.1218e-10, 1.1753e-09])//
train_examples$48000$10000.0//
train_loss$50000$1.2022992372512818e-05//
train_individual_losses$50000$tensor([5.5237e-07, 1.7796e-10, 3.5553e-06, 9.4463e-11, 8.6440e-08, 2.3173e-04,
        5.4184e-11, 8.7926e-11, 2.9539e-12, 2.2659e-06, 4.2022e-11, 1.6353e-08,
        1.0778e-11, 5.5949e-11, 2.2249e-06, 1.2055e-10, 1.2324e-08, 7.4995e-11,
        1.8422e-08, 1.2012e-09])//
train_examples$50000$10000.0//
train_loss$52000$1.1615076065063477e-05//
train_individual_losses$52000$tensor([1.3248e-08, 1.2552e-07, 6.3365e-11, 7.0240e-09, 6.9696e-11, 2.3142e-04,
        1.2655e-07, 1.8650e-12, 1.2744e-09, 1.3340e-11, 7.1268e-11, 6.9660e-10,
        6.1592e-08, 8.4768e-08, 2.3483e-10, 4.2071e-10, 9.5165e-10, 4.0070e-07,
        4.3233e-08, 1.0477e-08])//
train_examples$52000$10000.0//
train_loss$54000$1.1649516820907593e-05//
train_individual_losses$54000$tensor([5.3656e-08, 6.3853e-12, 1.6181e-10, 5.3343e-07, 8.0295e-09, 2.3161e-04,
        6.7100e-09, 1.5423e-10, 5.9405e-12, 6.3788e-09, 1.0099e-09, 1.9216e-11,
        7.5078e-07, 1.6293e-10, 1.0106e-09, 2.7789e-10, 9.3134e-11, 1.5517e-09,
        6.7319e-09, 6.3901e-09])//
train_examples$54000$10000.0//
train_loss$56000$1.1812763214111328e-05//
train_individual_losses$56000$tensor([4.0549e-07, 7.6315e-10, 7.0830e-07, 5.1579e-11, 4.7328e-09, 2.3352e-04,
        1.4532e-11, 4.0574e-12, 4.9305e-10, 7.6425e-09, 1.1203e-07, 6.4930e-07,
        1.1716e-10, 1.9936e-10, 1.0249e-08, 5.7388e-11, 5.1957e-07, 4.0588e-10,
        2.6330e-08, 2.9225e-07])//
train_examples$56000$10000.0//
train_loss$58000$1.2552046775817872e-05//
train_individual_losses$58000$tensor([3.0163e-07, 5.4756e-08, 4.7273e-07, 1.4845e-10, 1.0409e-06, 2.3423e-04,
        1.2058e-10, 2.2738e-11, 1.1388e-11, 8.1313e-12, 2.8520e-07, 7.4840e-07,
        5.0224e-12, 6.6885e-11, 9.9545e-11, 1.0806e-05, 1.0722e-07, 1.7148e-07,
        2.9641e-08, 2.7938e-06])//
train_examples$58000$10000.0//
train_loss$60000$4.820933192968369e-07//
train_individual_losses$60000$tensor([1.2519e-07, 1.2421e-09, 1.6839e-07, 1.4743e-06, 1.1470e-10, 7.2121e-10,
        4.5346e-07, 1.1763e-06, 3.8047e-12, 1.8356e-12, 2.4589e-07, 3.8616e-06,
        1.8862e-07, 1.3648e-07, 5.3337e-08, 4.1555e-11, 5.2603e-07, 1.3014e-08,
        1.2166e-06, 5.0005e-10])//
train_examples$60000$10000.0//
train_loss$62000$3.1479880213737486e-07//
train_individual_losses$62000$tensor([1.6183e-08, 3.7792e-08, 4.9921e-12, 6.9077e-07, 2.2566e-07, 1.3669e-10,
        1.4020e-06, 3.4910e-07, 2.2356e-09, 5.1083e-07, 1.1772e-09, 3.0455e-06,
        1.0285e-09, 5.5704e-11, 8.9285e-11, 3.8045e-11, 7.3721e-10, 2.6671e-09,
        1.2642e-09, 8.7062e-09])//
train_examples$62000$10000.0//
train_loss$64000$7.33951386064291e-08//
train_individual_losses$64000$tensor([2.4195e-11, 9.8714e-12, 1.5371e-13, 7.9264e-08, 1.3932e-10, 5.8626e-09,
        1.6716e-10, 2.8401e-10, 1.7699e-09, 6.2704e-09, 2.0952e-08, 4.8673e-09,
        4.5885e-09, 1.0371e-08, 3.0566e-11, 9.9785e-09, 1.2758e-06, 1.5726e-10,
        4.7005e-08, 3.8147e-10])//
train_examples$64000$10000.0//
train_loss$66000$2.0487606525421143e-07//
train_individual_losses$66000$tensor([3.9561e-11, 9.4990e-07, 1.9856e-12, 1.9546e-06, 3.2381e-08, 9.5248e-12,
        1.4112e-10, 1.7608e-07, 3.6283e-12, 5.8172e-12, 1.2283e-07, 7.3710e-08,
        4.2215e-07, 8.7805e-10, 3.6715e-08, 3.2802e-10, 4.9177e-10, 7.5554e-11,
        3.2700e-07, 1.2673e-10])//
train_examples$66000$10000.0//
train_loss$68000$6.334018707275391e-07//
train_individual_losses$68000$tensor([3.6250e-10, 8.8308e-06, 3.8008e-12, 2.7499e-10, 4.1108e-09, 1.1912e-10,
        1.9743e-07, 3.9637e-09, 2.8911e-11, 2.3680e-12, 2.0199e-06, 2.7843e-10,
        3.4538e-10, 1.2916e-10, 7.5550e-09, 5.4387e-07, 1.4464e-10, 1.7133e-07,
        8.8726e-07, 8.5811e-11])//
train_examples$68000$10000.0//
train_loss$70000$3.919917345046997e-07//
train_individual_losses$70000$tensor([4.6150e-11, 5.9932e-09, 4.7493e-08, 2.1229e-07, 6.1932e-08, 1.4248e-11,
        2.4621e-07, 3.0802e-08, 3.4713e-06, 2.8267e-06, 3.3906e-09, 2.0870e-09,
        8.9524e-07, 1.0029e-10, 3.7661e-09, 1.2590e-08, 1.7623e-10, 1.9528e-08,
        5.1512e-11, 6.4459e-11])//
train_examples$70000$10000.0//
train_loss$72000$1.2971730902791024e-07//
train_individual_losses$72000$tensor([1.8451e-11, 3.7513e-10, 3.2161e-08, 1.2211e-09, 5.4731e-10, 2.0983e-11,
        1.3797e-11, 1.4023e-07, 1.8927e-11, 3.0775e-07, 5.2483e-08, 1.4659e-06,
        1.1598e-11, 5.5308e-10, 1.7933e-07, 2.9649e-08, 8.8501e-08, 2.9534e-07,
        6.6728e-11, 1.7618e-10])//
train_examples$72000$10000.0//
train_loss$74000$4.0489912033081053e-07//
train_individual_losses$74000$tensor([2.8623e-10, 1.3137e-11, 8.4139e-07, 2.5348e-06, 3.2662e-08, 3.4735e-07,
        3.6037e-10, 1.0449e-09, 2.5935e-06, 7.4845e-12, 1.3682e-09, 1.8962e-10,
        1.7104e-08, 6.4539e-09, 3.3071e-10, 9.4808e-11, 4.2466e-09, 2.8892e-07,
        1.5006e-11, 1.4279e-06])//
train_examples$74000$10000.0//
train_loss$76000$2.733268961310387e-07//
train_individual_losses$76000$tensor([3.1848e-11, 1.0314e-11, 9.0525e-10, 7.3891e-08, 4.7379e-11, 3.1777e-11,
        4.3538e-10, 7.2048e-09, 7.0913e-07, 2.3244e-12, 3.5167e-11, 3.4833e-07,
        6.7464e-10, 1.3808e-08, 3.6510e-06, 5.2939e-07, 8.9433e-10, 9.9337e-08,
        3.1342e-08, 4.1772e-11])//
train_examples$76000$10000.0//
train_loss$78000$4.013119265437126e-08//
train_individual_losses$78000$tensor([1.9068e-10, 1.9017e-09, 3.8565e-11, 2.9263e-08, 8.2927e-09, 6.1671e-11,
        9.7150e-10, 2.6267e-11, 6.4541e-09, 3.6040e-09, 2.0561e-10, 1.9875e-11,
        4.6544e-12, 1.9558e-08, 2.8793e-11, 7.5854e-11, 1.7928e-09, 7.2900e-07,
        1.1160e-09, 1.8796e-11])//
train_examples$78000$10000.0//
train_loss$80000$5.487259104847908e-07//
train_individual_losses$80000$tensor([3.5644e-07, 6.1316e-07, 1.5599e-08, 1.0918e-09, 2.8667e-11, 1.5249e-06,
        6.7955e-09, 6.3130e-11, 3.1236e-09, 1.0889e-07, 4.5604e-10, 6.4691e-06,
        5.2136e-09, 2.8920e-10, 2.9739e-08, 1.4856e-10, 4.0377e-10, 1.6943e-11,
        1.8058e-06, 3.3175e-08])//
train_examples$80000$10000.0//
train_loss$82000$2.695315331220627e-07//
train_individual_losses$82000$tensor([2.3077e-07, 1.2310e-11, 1.8513e-08, 1.3740e-10, 6.5840e-11, 1.5409e-11,
        2.4645e-10, 4.1415e-07, 1.6656e-06, 4.1564e-13, 1.0165e-08, 1.1981e-10,
        9.8027e-11, 9.0255e-08, 2.4509e-06, 4.7286e-07, 6.2934e-10, 3.0367e-08,
        2.5904e-11, 5.7202e-09])//
train_examples$82000$10000.0//
train_loss$84000$1.5984732657670975e-07//
train_individual_losses$84000$tensor([2.1584e-09, 3.5051e-09, 1.2117e-12, 6.6171e-11, 1.4008e-06, 6.6233e-09,
        5.3498e-07, 2.3050e-10, 5.0712e-07, 3.9328e-08, 9.7395e-10, 3.0212e-08,
        3.5390e-09, 6.9839e-08, 1.6094e-07, 1.2360e-07, 8.4477e-08, 5.0623e-09,
        1.4800e-10, 2.2330e-07])//
train_examples$84000$10000.0//
train_loss$86000$1.9253987818956376e-07//
train_individual_losses$86000$tensor([1.0752e-10, 3.0121e-10, 2.9497e-11, 2.0675e-08, 6.3507e-07, 2.0361e-11,
        1.5013e-11, 3.0242e-12, 7.1231e-07, 2.1630e-08, 1.4864e-10, 1.4247e-07,
        4.3501e-07, 5.2551e-09, 6.4088e-07, 7.9582e-08, 1.1572e-06, 6.4290e-11,
        3.5941e-11, 2.9416e-11])//
train_examples$86000$10000.0//
train_loss$88000$9.00515615940094e-07//
train_individual_losses$88000$tensor([5.1997e-11, 2.0026e-08, 2.1461e-07, 1.6502e-10, 1.2759e-10, 1.2028e-05,
        3.5280e-11, 2.5575e-08, 1.7077e-08, 8.6480e-12, 1.2967e-10, 9.4333e-09,
        1.4440e-11, 5.6687e-06, 2.3193e-11, 7.6205e-09, 3.9656e-09, 1.3293e-10,
        2.9503e-09, 1.2045e-08])//
train_examples$88000$10000.0//
train_loss$90000$4.426504299044609e-07//
train_individual_losses$90000$tensor([3.6676e-10, 4.1376e-07, 5.2257e-12, 6.3868e-09, 7.1340e-11, 4.5444e-08,
        5.2596e-11, 1.2926e-11, 1.3549e-12, 1.5536e-09, 6.5544e-06, 1.6557e-11,
        6.4453e-08, 9.0456e-12, 1.4281e-09, 3.7896e-10, 9.7726e-12, 1.2620e-10,
        1.7636e-06, 9.1603e-10])//
train_examples$90000$10000.0//
train_loss$92000$2.730506658554077e-07//
train_individual_losses$92000$tensor([2.3762e-11, 1.9913e-06, 1.7850e-07, 3.7826e-09, 2.3833e-08, 1.8672e-07,
        3.5014e-07, 5.9992e-11, 7.0074e-08, 5.1302e-07, 5.3300e-07, 1.2142e-07,
        1.5987e-08, 1.4530e-10, 8.3294e-10, 8.0415e-08, 6.3852e-09, 2.5818e-11,
        1.2738e-06, 1.1155e-07])//
train_examples$92000$10000.0//
train_loss$94000$1.5360326506197453e-07//
train_individual_losses$94000$tensor([2.0158e-11, 5.2890e-07, 3.4766e-10, 2.6602e-09, 9.7470e-10, 3.3695e-11,
        4.0288e-12, 1.5459e-09, 4.4439e-08, 2.2078e-07, 5.8356e-09, 3.9425e-07,
        1.7808e-08, 9.8824e-10, 1.8513e-06, 1.4869e-09, 1.7920e-11, 1.7084e-11,
        6.0889e-10, 3.7712e-11])//
train_examples$94000$10000.0//
train_loss$96000$8.169934153556824e-07//
train_individual_losses$96000$tensor([1.5588e-10, 2.2688e-08, 6.0589e-11, 1.8662e-07, 6.3901e-07, 3.3142e-11,
        1.7413e-11, 3.1002e-09, 3.7458e-12, 3.8643e-12, 6.8661e-11, 3.9126e-10,
        2.1231e-08, 1.8618e-06, 2.3652e-10, 6.3167e-09, 2.7637e-08, 1.5093e-09,
        7.1379e-07, 1.2855e-05])//
train_examples$96000$10000.0//
train_loss$98000$3.1601421535015106e-07//
train_individual_losses$98000$tensor([7.2991e-11, 3.9972e-11, 5.7915e-07, 1.5923e-06, 1.2677e-06, 7.7216e-11,
        2.2965e-11, 1.1012e-07, 3.3051e-08, 1.2228e-07, 1.0984e-10, 3.9264e-09,
        9.4212e-12, 5.2819e-07, 1.7220e-09, 6.5995e-11, 4.3910e-07, 1.2056e-06,
        4.3662e-07, 7.5560e-11])//
train_examples$98000$10000.0//
train_loss$100000$2.2168252617120742e-07//
train_individual_losses$100000$tensor([1.7417e-11, 4.2188e-12, 2.2651e-06, 4.0638e-10, 6.6676e-08, 2.0114e-06,
        3.7078e-08, 1.5164e-11, 5.6698e-10, 9.2196e-12, 2.5320e-11, 2.9589e-08,
        3.8232e-09, 6.7439e-10, 6.7539e-11, 5.4656e-11, 2.1358e-10, 4.4528e-11,
        1.7876e-08, 2.8075e-11])//
train_examples$100000$10000.0//
train_loss$102000$5.286979023367166e-08//
train_individual_losses$102000$tensor([9.8361e-11, 1.1561e-07, 3.0903e-12, 9.3491e-11, 6.2363e-10, 7.3011e-07,
        9.8535e-09, 9.6928e-10, 6.0848e-12, 3.1937e-09, 2.0482e-10, 4.7102e-11,
        3.9140e-08, 1.0257e-10, 1.8037e-11, 2.8109e-10, 2.5620e-11, 2.1259e-09,
        1.4852e-07, 6.3809e-09])//
train_examples$102000$10000.0//
train_loss$104000$1.8714498728513718e-07//
train_individual_losses$104000$tensor([7.6763e-11, 2.0219e-12, 1.7189e-11, 1.0292e-10, 3.3877e-06, 7.0536e-11,
        1.8584e-07, 1.2811e-11, 2.1165e-11, 2.9202e-08, 2.4465e-08, 5.6044e-10,
        1.1912e-10, 9.9015e-09, 4.9356e-11, 8.9384e-08, 1.5206e-08, 6.3471e-11,
        2.4665e-11, 1.3056e-10])//
train_examples$104000$10000.0//
train_loss$106000$1.619180664420128e-07//
train_individual_losses$106000$tensor([5.8471e-10, 7.9374e-12, 1.2391e-07, 4.8535e-10, 5.3095e-11, 2.3492e-11,
        1.6477e-11, 2.9536e-11, 1.8216e-06, 3.0698e-10, 2.7244e-10, 6.2072e-11,
        2.2540e-09, 8.4629e-11, 6.6719e-07, 6.7378e-09, 4.1790e-07, 1.1672e-10,
        9.1643e-10, 1.9585e-07])//
train_examples$106000$10000.0//
train_loss$108000$3.727315738797188e-07//
train_individual_losses$108000$tensor([2.7835e-10, 6.7608e-07, 6.5111e-09, 2.7313e-07, 1.3208e-09, 5.1872e-09,
        1.6690e-10, 3.1575e-07, 2.8677e-09, 6.3503e-10, 5.3700e-09, 3.8923e-08,
        2.1600e-11, 2.1326e-11, 4.8682e-11, 4.0732e-06, 1.9927e-06, 2.0895e-09,
        2.8830e-08, 3.1484e-08])//
train_examples$108000$10000.0//
train_loss$110000$5.285976827144623e-07//
train_individual_losses$110000$tensor([1.0235e-09, 7.9866e-08, 2.8254e-07, 2.8796e-08, 1.6621e-09, 1.1597e-09,
        8.9004e-12, 8.4685e-06, 3.1165e-12, 6.8536e-11, 6.1541e-10, 1.1612e-11,
        1.1087e-08, 1.4461e-11, 1.4964e-07, 6.8317e-11, 3.5413e-09, 1.5202e-06,
        2.3008e-08, 1.2170e-10])//
train_examples$110000$10000.0//
train_loss$112000$1.7318962141871452e-07//
train_individual_losses$112000$tensor([3.7861e-10, 1.0007e-11, 5.7344e-07, 3.2682e-07, 5.4647e-10, 3.2074e-08,
        3.1536e-10, 3.4094e-08, 5.8738e-11, 5.4008e-10, 2.1607e-07, 4.3186e-07,
        4.6630e-07, 7.8614e-07, 1.6674e-11, 4.5639e-07, 1.9500e-11, 5.9679e-10,
        4.3810e-11, 1.3808e-07])//
train_examples$112000$10000.0//
train_loss$114000$1.4942657202482224e-07//
train_individual_losses$114000$tensor([3.7398e-11, 1.4770e-08, 4.1325e-07, 4.9645e-11, 7.4547e-11, 8.1127e-07,
        1.9880e-07, 4.5263e-10, 2.6114e-07, 4.6880e-10, 1.6805e-07, 3.7257e-11,
        2.6799e-10, 4.8148e-07, 4.6316e-09, 1.6095e-09, 2.0003e-10, 1.4310e-08,
        6.0602e-07, 1.1615e-08])//
train_examples$114000$10000.0//
train_loss$116000$3.287205006927252e-08//
train_individual_losses$116000$tensor([2.4490e-07, 1.2845e-09, 1.1471e-10, 1.8115e-08, 3.0407e-08, 1.1654e-07,
        1.5895e-07, 5.4658e-11, 2.8923e-11, 4.4458e-12, 5.4974e-10, 1.8534e-09,
        6.7301e-09, 5.9723e-08, 4.1849e-09, 2.5112e-09, 8.4245e-11, 5.6945e-09,
        9.0795e-11, 5.6189e-09])//
train_examples$116000$10000.0//
train_loss$118000$2.1860400214791297e-07//
train_individual_losses$118000$tensor([3.1352e-07, 9.4163e-12, 8.8660e-12, 1.0711e-10, 1.5020e-10, 1.8809e-11,
        7.4617e-12, 4.6324e-12, 3.1730e-12, 4.0267e-06, 2.9254e-08, 1.2310e-11,
        4.5050e-12, 4.3166e-11, 5.5250e-10, 3.2441e-10, 2.7617e-10, 9.5978e-10,
        2.9743e-11, 1.3219e-10])//
train_examples$118000$10000.0//
train_loss$120000$9.198587387800216e-07//
train_individual_losses$120000$tensor([7.6382e-09, 2.8008e-07, 1.1665e-12, 7.7013e-08, 4.6314e-10, 1.5954e-10,
        5.9385e-07, 3.2955e-10, 1.0469e-11, 3.0919e-08, 2.0947e-06, 1.0748e-05,
        4.2407e-12, 1.0726e-10, 2.9652e-06, 3.4335e-08, 5.5434e-10, 6.6690e-09,
        9.4406e-07, 6.1351e-07])//
train_examples$120000$10000.0//
train_loss$122000$8.422279357910157e-07//
train_individual_losses$122000$tensor([5.9031e-11, 9.6572e-06, 1.0507e-09, 1.6778e-08, 4.2262e-11, 2.9040e-08,
        3.2448e-10, 2.5330e-09, 1.7618e-12, 2.5287e-11, 1.2611e-07, 3.1498e-11,
        5.6179e-06, 3.0463e-11, 5.9815e-08, 1.2384e-08, 6.1251e-07, 1.8907e-08,
        6.8969e-07, 8.0830e-11])//
train_examples$122000$10000.0//
train_loss$124000$9.313088841736317e-08//
train_individual_losses$124000$tensor([2.7936e-10, 2.7893e-12, 2.8875e-11, 1.2117e-06, 1.0376e-10, 2.6854e-11,
        2.7712e-11, 9.7412e-11, 1.9966e-12, 2.4876e-11, 5.5295e-07, 1.0748e-08,
        1.2197e-08, 7.1279e-10, 4.7469e-08, 1.3343e-08, 1.2553e-08, 1.4345e-11,
        1.7172e-10, 1.7617e-10])//
train_examples$124000$10000.0//
train_loss$126000$4.5676589012145997e-07//
train_individual_losses$126000$tensor([1.9425e-11, 6.2198e-08, 3.8432e-12, 1.1363e-07, 3.0807e-11, 1.8190e-06,
        1.6634e-09, 7.6676e-12, 8.8262e-10, 5.9997e-09, 6.6898e-07, 4.6586e-09,
        5.6674e-06, 7.2372e-09, 3.1259e-08, 2.3835e-07, 4.9713e-07, 8.2366e-12,
        1.6216e-08, 6.8622e-10])//
train_examples$126000$10000.0//
train_loss$128000$2.7191927656531333e-08//
train_individual_losses$128000$tensor([1.6676e-09, 4.2693e-10, 2.1189e-07, 6.9911e-08, 4.6329e-11, 1.2022e-10,
        5.8951e-11, 6.3939e-09, 5.6309e-12, 1.1057e-09, 1.3147e-10, 2.3991e-11,
        5.5464e-12, 1.0362e-08, 3.9039e-10, 1.9535e-08, 3.0934e-08, 1.9061e-07,
        1.1211e-10, 1.0945e-10])//
train_examples$128000$10000.0//
train_loss$130000$7.862149737775326e-08//
train_individual_losses$130000$tensor([1.5657e-11, 1.1851e-11, 2.7837e-07, 1.6528e-07, 1.8377e-10, 2.4740e-11,
        2.8350e-07, 5.3750e-10, 6.4500e-12, 5.8103e-09, 1.4891e-10, 5.3096e-11,
        2.6946e-08, 6.5824e-11, 3.1913e-08, 3.5688e-08, 1.6584e-11, 4.2963e-11,
        4.0902e-11, 7.4378e-07])//
train_examples$130000$10000.0//
train_loss$132000$2.9057003557682037e-08//
train_individual_losses$132000$tensor([1.8831e-10, 7.7557e-12, 5.7874e-11, 4.6379e-08, 3.6770e-08, 7.5446e-11,
        1.3229e-10, 4.9882e-08, 2.8027e-12, 4.4195e-08, 3.0870e-10, 1.1534e-08,
        6.9059e-12, 2.3228e-07, 2.3844e-11, 9.8004e-11, 2.2430e-11, 1.8729e-11,
        1.5910e-07, 4.9543e-11])//
train_examples$132000$10000.0//
train_loss$134000$1.97207722812891e-07//
train_individual_losses$134000$tensor([3.1472e-07, 1.5705e-11, 2.5530e-12, 7.6081e-08, 3.6829e-07, 4.5928e-09,
        8.2061e-07, 1.2755e-07, 4.0853e-07, 4.9568e-11, 2.5924e-09, 1.3096e-11,
        6.0837e-10, 1.1796e-08, 3.9697e-09, 3.9320e-11, 9.2494e-12, 1.1593e-10,
        1.9134e-07, 1.6132e-06])//
train_examples$134000$10000.0//
train_loss$136000$2.2767737973481415e-08//
train_individual_losses$136000$tensor([2.5145e-10, 2.6818e-08, 4.8505e-08, 3.9493e-10, 2.0154e-10, 9.3901e-10,
        3.4059e-10, 1.3297e-07, 1.6599e-12, 1.9472e-10, 1.6198e-09, 2.7746e-11,
        1.9758e-11, 9.4160e-12, 2.4240e-09, 7.3945e-09, 3.9635e-09, 6.5996e-08,
        1.5395e-07, 9.3361e-09])//
train_examples$136000$10000.0//
train_loss$138000$1.9296856597065925e-07//
train_individual_losses$138000$tensor([9.0116e-11, 7.4660e-11, 1.7439e-12, 6.1562e-08, 3.2415e-08, 1.7190e-08,
        9.4335e-08, 6.4412e-09, 8.3782e-09, 3.5637e-08, 1.0401e-06, 2.3483e-06,
        1.8354e-07, 1.0256e-09, 3.3060e-10, 3.0449e-11, 6.1013e-09, 6.3879e-09,
        1.7397e-08, 7.2808e-11])//
train_examples$138000$10000.0//
train_loss$140000$3.824232891201973e-07//
train_individual_losses$140000$tensor([3.4679e-10, 1.4821e-09, 1.2984e-08, 1.5363e-09, 1.9534e-09, 1.7893e-06,
        2.6217e-07, 2.3001e-06, 2.5773e-12, 4.2548e-08, 1.3688e-06, 3.0024e-07,
        1.3316e-07, 1.6774e-11, 8.5182e-08, 2.6206e-08, 2.4814e-09, 1.0859e-07,
        8.7613e-08, 1.1238e-06])//
train_examples$140000$10000.0//
train_loss$142000$8.130826987326145e-08//
train_individual_losses$142000$tensor([2.5946e-10, 5.3857e-12, 1.5073e-08, 1.6335e-10, 1.2226e-07, 3.3495e-07,
        1.6538e-11, 1.0394e-06, 3.1346e-11, 4.2299e-09, 1.1089e-10, 8.5274e-09,
        2.2070e-10, 2.9525e-11, 4.2627e-11, 4.7545e-10, 2.1161e-11, 5.9904e-08,
        1.3259e-08, 2.7157e-08])//
train_examples$142000$10000.0//
train_loss$144000$1.708672009408474e-07//
train_individual_losses$144000$tensor([1.3447e-10, 3.4634e-11, 7.3573e-07, 8.9778e-11, 3.4459e-07, 5.0289e-08,
        1.0197e-11, 3.4201e-10, 9.9662e-07, 8.1183e-11, 1.5339e-07, 2.4691e-07,
        9.8332e-12, 7.6437e-07, 3.7655e-10, 9.8196e-08, 2.2293e-11, 2.3572e-08,
        2.3027e-09, 2.6842e-10])//
train_examples$144000$10000.0//
train_loss$146000$8.787523955106736e-08//
train_individual_losses$146000$tensor([1.5058e-08, 6.0920e-09, 1.1262e-11, 7.5072e-10, 1.2551e-10, 3.2282e-11,
        9.4902e-12, 8.1904e-08, 4.3740e-10, 1.3318e-08, 3.9038e-09, 3.5202e-08,
        1.1624e-08, 6.7925e-07, 3.5718e-07, 4.9013e-07, 4.6542e-08, 1.7103e-11,
        1.5596e-08, 3.2681e-10])//
train_examples$146000$10000.0//
train_loss$148000$6.487144622951746e-08//
train_individual_losses$148000$tensor([7.4622e-11, 1.6815e-08, 1.9388e-08, 1.8548e-07, 1.1207e-07, 1.7764e-11,
        2.0489e-08, 3.2448e-08, 7.2967e-08, 1.4319e-07, 5.8998e-10, 1.3142e-11,
        5.6108e-07, 3.7205e-08, 2.8822e-09, 4.0813e-11, 1.5414e-11, 1.6643e-08,
        7.5965e-08, 4.4295e-11])//
train_examples$148000$10000.0//
train_loss$150000$2.042653039097786e-07//
train_individual_losses$150000$tensor([1.7500e-07, 3.1740e-11, 2.7747e-07, 1.9620e-06, 5.3307e-11, 1.7757e-11,
        3.4213e-11, 1.5412e-06, 5.9335e-10, 1.6440e-09, 6.1995e-11, 1.1750e-11,
        4.5703e-12, 1.8307e-11, 9.0404e-11, 9.3158e-08, 9.3840e-12, 9.2826e-10,
        3.2689e-08, 2.8481e-10])//
train_examples$150000$10000.0//
train_loss$152000$5.793954711407423e-08//
train_individual_losses$152000$tensor([4.6476e-09, 7.2022e-12, 6.4665e-10, 1.6332e-07, 1.9739e-09, 3.5610e-07,
        2.4982e-10, 5.8514e-10, 2.3376e-07, 9.7542e-09, 3.0976e-10, 1.6732e-07,
        1.0213e-11, 2.2425e-11, 1.7621e-10, 1.5106e-09, 4.2450e-08, 1.6686e-07,
        8.3958e-09, 6.9543e-10])//
train_examples$152000$10000.0//
train_loss$154000$1.2366283684968948e-07//
train_individual_losses$154000$tensor([2.8129e-08, 5.0673e-12, 2.7878e-11, 6.1844e-11, 3.4369e-08, 1.8827e-11,
        1.9276e-11, 1.2497e-12, 8.9367e-10, 3.9752e-09, 1.2102e-09, 5.9815e-10,
        6.3499e-10, 2.1265e-07, 2.4962e-07, 1.8046e-06, 3.5783e-11, 3.6611e-11,
        4.1601e-08, 9.4752e-08])//
train_examples$154000$10000.0//
train_loss$156000$1.9020313397049904e-07//
train_individual_losses$156000$tensor([3.8335e-11, 3.3233e-11, 1.3933e-10, 3.1737e-08, 1.7382e-06, 6.7583e-10,
        3.4953e-07, 8.6211e-08, 1.3214e-09, 9.2278e-12, 2.5013e-07, 4.7400e-07,
        7.7559e-08, 6.6316e-07, 5.8949e-09, 2.5084e-09, 6.9712e-08, 4.3151e-08,
        9.9625e-09, 9.5222e-11])//
train_examples$156000$10000.0//
train_loss$158000$4.5488391071558e-07//
train_individual_losses$158000$tensor([2.6708e-11, 5.4440e-08, 4.6846e-09, 5.4562e-07, 2.7977e-10, 2.1632e-06,
        9.9169e-12, 3.1044e-08, 1.4504e-11, 4.4693e-07, 3.0453e-08, 2.5432e-06,
        1.2772e-08, 7.6317e-10, 1.0150e-10, 1.5076e-06, 3.6891e-07, 4.1754e-07,
        8.9504e-07, 7.5020e-08])//
train_examples$158000$10000.0//
train_loss$160000$6.221619993448258e-07//
train_individual_losses$160000$tensor([2.1602e-10, 1.0591e-07, 2.0852e-12, 8.9870e-07, 8.5474e-09, 4.9444e-11,
        4.7456e-06, 1.3396e-11, 3.8515e-10, 9.7896e-12, 2.6784e-07, 2.7542e-06,
        4.6822e-12, 7.3765e-08, 3.9706e-09, 3.4865e-07, 3.0152e-06, 1.7620e-07,
        3.6107e-08, 7.9228e-09])//
train_examples$160000$10000.0//
train_loss$162000$1.0710706934332848e-07//
train_individual_losses$162000$tensor([4.3465e-07, 1.1573e-10, 1.0040e-06, 1.5442e-09, 1.7429e-07, 2.3410e-11,
        9.7000e-08, 2.0924e-07, 1.9673e-10, 6.8462e-09, 6.3557e-11, 4.4917e-10,
        3.7694e-12, 1.1771e-09, 3.9306e-11, 2.3110e-11, 1.5348e-11, 2.1198e-07,
        3.7035e-10, 8.3910e-11])//
train_examples$162000$10000.0//
train_loss$164000$8.211532980203628e-07//
train_individual_losses$164000$tensor([1.5042e-07, 7.4164e-11, 3.9443e-09, 9.0752e-06, 2.7531e-10, 4.4728e-06,
        6.9610e-09, 5.5943e-09, 1.2331e-10, 1.3754e-10, 1.0744e-10, 2.3263e-11,
        7.8403e-07, 3.2106e-07, 2.0489e-09, 3.1712e-08, 8.8287e-07, 2.5402e-07,
        4.1902e-07, 1.2601e-08])//
train_examples$164000$10000.0//
train_loss$166000$8.434926159679889e-08//
train_individual_losses$166000$tensor([1.8942e-11, 2.1693e-09, 2.1268e-07, 1.8573e-08, 1.4298e-10, 4.3665e-09,
        2.1439e-07, 7.8244e-07, 1.0468e-08, 6.1515e-09, 9.0843e-11, 4.1082e-10,
        3.2891e-11, 2.1940e-09, 5.5149e-08, 6.7633e-11, 3.7200e-07, 3.1011e-10,
        5.1844e-09, 1.4366e-10])//
train_examples$166000$10000.0//
train_loss$168000$1.5873296558856963e-06//
train_individual_losses$168000$tensor([8.9297e-09, 9.4597e-12, 1.1365e-07, 6.1107e-09, 3.5336e-06, 2.9405e-08,
        2.4851e-05, 2.6391e-09, 1.1929e-12, 1.7060e-06, 4.3793e-07, 1.7380e-08,
        1.4347e-10, 3.3794e-09, 1.7852e-08, 9.3451e-11, 1.1199e-10, 1.0183e-06,
        3.1194e-11, 5.0002e-11])//
train_examples$168000$10000.0//
train_loss$170000$2.8226785361766817e-07//
train_individual_losses$170000$tensor([4.8374e-08, 1.6559e-11, 3.4802e-12, 2.6998e-08, 9.4305e-11, 3.6699e-06,
        5.0494e-10, 3.3243e-08, 5.4058e-12, 6.4503e-08, 7.6612e-08, 4.1262e-11,
        1.9197e-07, 3.3716e-08, 4.6351e-11, 5.2220e-10, 4.0577e-07, 8.3927e-09,
        1.2042e-10, 1.0845e-06])//
train_examples$170000$10000.0//
train_loss$172000$6.095782667398453e-07//
train_individual_losses$172000$tensor([1.2111e-06, 1.0190e-05, 3.1160e-07, 1.1069e-09, 1.7053e-09, 3.9629e-11,
        2.0733e-11, 4.8494e-09, 1.5996e-12, 3.4064e-07, 1.6148e-11, 2.9175e-08,
        6.5046e-11, 6.4471e-11, 2.3289e-10, 1.0057e-07, 3.5974e-11, 2.8900e-11,
        6.9160e-11, 3.3509e-10])//
train_examples$172000$10000.0//
train_loss$174000$7.614561170339584e-07//
train_individual_losses$174000$tensor([9.2369e-08, 9.2568e-08, 2.1918e-06, 5.3215e-07, 1.8666e-07, 9.1128e-11,
        4.6917e-11, 5.3732e-07, 1.0104e-05, 2.4254e-08, 2.6826e-10, 1.9754e-10,
        5.3052e-07, 8.0974e-12, 3.8612e-09, 6.4214e-11, 1.7147e-11, 1.3530e-07,
        7.8857e-07, 9.1543e-09])//
train_examples$174000$10000.0//
train_loss$176000$1.5950698405504226e-07//
train_individual_losses$176000$tensor([4.8253e-07, 1.1505e-11, 1.6074e-06, 3.9902e-11, 3.0658e-07, 2.6285e-07,
        8.7476e-11, 5.5439e-10, 7.4113e-12, 1.1953e-07, 6.9342e-11, 1.4438e-08,
        6.1544e-11, 3.7516e-07, 9.4405e-11, 2.4105e-11, 1.5316e-11, 3.4057e-11,
        1.7406e-11, 2.0652e-08])//
train_examples$176000$10000.0//
train_loss$178000$1.8068870529532434e-07//
train_individual_losses$178000$tensor([2.2475e-07, 1.7640e-09, 5.7028e-07, 4.3940e-07, 4.9961e-10, 1.6998e-07,
        3.1260e-08, 1.8917e-08, 5.8548e-07, 3.0156e-10, 1.8886e-08, 1.2093e-09,
        9.2064e-08, 3.3469e-07, 3.9859e-10, 6.2374e-07, 1.2236e-11, 3.0268e-09,
        3.6763e-07, 1.2948e-07])//
train_examples$178000$10000.0//
train_loss$180000$1.838714233599603e-08//
train_individual_losses$180000$tensor([1.7630e-11, 1.3243e-11, 1.7466e-11, 6.9366e-09, 8.9769e-11, 1.2059e-10,
        2.0926e-11, 3.3938e-08, 2.8292e-08, 8.2809e-12, 1.2237e-10, 1.5642e-10,
        1.3781e-11, 1.3389e-07, 1.3733e-10, 5.0255e-09, 3.1792e-10, 7.3861e-08,
        8.4611e-08, 1.5653e-10])//
train_examples$180000$10000.0//
train_loss$182000$5.029358435422182e-08//
train_individual_losses$182000$tensor([1.3722e-11, 3.1586e-07, 2.6279e-07, 2.0931e-10, 3.1545e-11, 3.6443e-10,
        1.5685e-08, 2.1803e-10, 9.1125e-09, 3.1161e-08, 4.8643e-08, 1.3718e-11,
        7.1121e-10, 2.7023e-11, 4.0683e-11, 3.1753e-07, 3.3735e-09, 1.7860e-11,
        2.9804e-11, 3.7087e-11])//
train_examples$182000$10000.0//
train_loss$184000$4.337479546666145e-07//
train_individual_losses$184000$tensor([3.0129e-07, 4.0874e-12, 7.6022e-12, 1.6309e-09, 7.9901e-10, 9.6699e-07,
        1.6276e-07, 4.0013e-06, 1.9699e-10, 9.8272e-11, 8.4173e-07, 3.5733e-10,
        7.5755e-12, 3.3933e-07, 3.9423e-11, 7.8621e-07, 3.4974e-10, 1.1487e-10,
        1.7681e-08, 1.2541e-06])//
train_examples$184000$10000.0//
train_loss$186000$1.5874141454696656e-06//
train_individual_losses$186000$tensor([2.0638e-10, 1.2234e-11, 6.3183e-11, 1.1634e-10, 3.5077e-10, 3.6224e-10,
        7.7998e-12, 3.6478e-12, 2.9201e-06, 1.0396e-11, 6.1209e-08, 9.3014e-09,
        8.6862e-06, 2.2001e-08, 1.4748e-07, 4.7271e-11, 8.0496e-08, 2.5009e-09,
        2.6341e-07, 1.9554e-05])//
train_examples$186000$10000.0//
train_loss$188000$2.293385099619627e-08//
train_individual_losses$188000$tensor([1.5102e-11, 3.5910e-10, 1.8811e-08, 1.3589e-10, 2.4201e-07, 9.7860e-10,
        1.2502e-09, 4.7935e-11, 4.7257e-11, 5.7411e-12, 6.0750e-11, 1.5637e-08,
        4.7353e-11, 1.5715e-10, 1.9002e-08, 1.2940e-08, 8.4134e-11, 1.4702e-07,
        5.2773e-11, 2.0352e-11])//
train_examples$188000$10000.0//
train_loss$190000$1.3473848812282086e-07//
train_individual_losses$190000$tensor([7.2815e-11, 1.0756e-07, 4.6422e-12, 1.1601e-10, 5.3996e-11, 1.3995e-07,
        4.2147e-07, 1.3186e-12, 1.4858e-07, 9.6858e-08, 1.0080e-10, 9.3269e-07,
        1.4410e-11, 2.4646e-10, 2.7673e-07, 3.3201e-11, 2.7633e-07, 2.0996e-07,
        8.3937e-08, 6.9252e-11])//
train_examples$190000$10000.0//
train_loss$192000$1.1855516582727432e-07//
train_individual_losses$192000$tensor([6.9475e-10, 4.6689e-08, 1.0679e-06, 2.5260e-09, 5.1461e-11, 4.4796e-08,
        7.5687e-08, 1.2005e-11, 8.6321e-10, 4.5914e-12, 3.5500e-08, 8.7478e-07,
        3.7099e-08, 1.7387e-07, 1.5826e-10, 3.8417e-10, 1.5202e-10, 7.5528e-10,
        2.9890e-11, 9.1829e-09])//
train_examples$192000$10000.0//
train_loss$194000$1.2143053114414215e-07//
train_individual_losses$194000$tensor([2.7663e-09, 3.5359e-09, 4.1095e-12, 2.7748e-09, 2.8738e-09, 3.4870e-08,
        1.5599e-08, 2.6687e-10, 8.9394e-07, 3.8375e-07, 2.6808e-11, 2.8824e-11,
        2.6827e-07, 2.6220e-11, 6.6718e-07, 6.8605e-11, 2.0622e-08, 9.2937e-08,
        3.8964e-08, 9.6150e-11])//
train_examples$194000$10000.0//
train_loss$196000$3.130777180194855e-07//
train_individual_losses$196000$tensor([3.4140e-11, 1.3206e-09, 1.5134e-10, 2.6010e-06, 1.5156e-06, 2.3687e-11,
        3.3058e-08, 6.2862e-07, 1.7669e-08, 5.0492e-10, 4.5840e-08, 1.6830e-08,
        1.1959e-11, 5.5043e-09, 5.7911e-07, 4.1746e-07, 3.8162e-07, 1.0514e-09,
        7.3741e-10, 1.5392e-08])//
train_examples$196000$10000.0//
train_loss$198000$5.943682510405779e-08//
train_individual_losses$198000$tensor([7.1679e-08, 7.7495e-10, 4.2145e-12, 8.5468e-11, 3.2586e-07, 5.7554e-07,
        1.1457e-07, 8.8619e-12, 1.0872e-09, 1.2865e-10, 6.8319e-08, 4.5883e-09,
        4.8099e-09, 2.6825e-09, 2.8774e-11, 1.7918e-08, 6.4587e-11, 3.6264e-10,
        1.7083e-10, 4.3506e-11])//
train_examples$198000$10000.0//
train_loss$200000$7.77750788256526e-08//
train_individual_losses$200000$tensor([5.0745e-09, 4.5308e-12, 1.2470e-07, 3.0560e-09, 8.2467e-09, 5.1032e-11,
        6.8510e-12, 2.0794e-11, 1.5666e-07, 2.1239e-12, 5.0728e-07, 2.0108e-11,
        1.5103e-10, 1.4898e-10, 1.8535e-07, 2.2630e-09, 2.1122e-11, 5.5980e-07,
        2.2721e-09, 3.7948e-10])//
train_examples$200000$10000.0