train_loss$0$0.703499140625//
train_individual_losses$0$tensor([0.9109, 0.6718, 0.7577, 0.5427, 0.9652, 0.5680, 0.6266, 0.6637, 0.6602,
        0.6683])//
train_examples$0$10000.0//
train_loss$2000$0.0006419068908691406//
train_individual_losses$2000$tensor([0.0008, 0.0005, 0.0005, 0.0007, 0.0005, 0.0003, 0.0007, 0.0003, 0.0007,
        0.0013])//
train_examples$2000$10000.0//
train_loss$4000$0.00022664445877075196//
train_individual_losses$4000$tensor([0.0002, 0.0001, 0.0001, 0.0001, 0.0002, 0.0001, 0.0002, 0.0001, 0.0001,
        0.0009])//
train_examples$4000$10000.0//
train_loss$6000$8.983221054077148e-05//
train_individual_losses$6000$tensor([8.8765e-05, 7.9524e-05, 3.3185e-05, 8.5225e-05, 8.3833e-05, 8.1550e-05,
        5.7684e-05, 5.7557e-05, 6.7973e-05, 2.6303e-04])//
train_examples$6000$10000.0//
train_loss$8000$5.1652541160583494e-05//
train_individual_losses$8000$tensor([5.3376e-05, 6.1440e-05, 2.1137e-05, 6.1159e-05, 3.5425e-05, 6.4544e-05,
        3.8152e-05, 4.3315e-05, 5.2618e-05, 8.5361e-05])//
train_examples$8000$10000.0//
train_loss$10000$3.9884848594665524e-05//
train_individual_losses$10000$tensor([4.3295e-05, 5.8759e-05, 1.2033e-05, 4.1874e-05, 2.9383e-05, 4.8509e-05,
        3.0228e-05, 3.2373e-05, 4.4522e-05, 5.7872e-05])//
train_examples$10000$10000.0//
train_loss$12000$3.2010164260864256e-05//
train_individual_losses$12000$tensor([3.8053e-05, 4.4038e-05, 7.4520e-06, 3.1795e-05, 2.1499e-05, 3.9326e-05,
        2.4611e-05, 2.9177e-05, 3.9820e-05, 4.4330e-05])//
train_examples$12000$10000.0//
train_loss$14000$2.7460298538208007e-05//
train_individual_losses$14000$tensor([3.5229e-05, 3.8086e-05, 7.8702e-06, 2.6274e-05, 1.7468e-05, 2.6882e-05,
        1.9974e-05, 2.6602e-05, 3.5482e-05, 4.0735e-05])//
train_examples$14000$10000.0//
train_loss$16000$2.4141221046447752e-05//
train_individual_losses$16000$tensor([3.2962e-05, 4.1330e-05, 3.8803e-06, 2.2078e-05, 1.0452e-05, 2.1750e-05,
        1.8131e-05, 2.4693e-05, 2.7903e-05, 3.8233e-05])//
train_examples$16000$10000.0//
train_loss$18000$2.0839426517486573e-05//
train_individual_losses$18000$tensor([2.6597e-05, 3.4581e-05, 1.7712e-06, 1.9447e-05, 7.6919e-06, 1.9377e-05,
        1.3679e-05, 2.6539e-05, 2.7126e-05, 3.1587e-05])//
train_examples$18000$10000.0//
train_loss$20000$1.8306324481964112e-05//
train_individual_losses$20000$tensor([2.4261e-05, 2.6734e-05, 1.3170e-06, 1.7973e-05, 7.9385e-06, 1.9976e-05,
        1.1083e-05, 2.3331e-05, 2.4940e-05, 2.5510e-05])//
train_examples$20000$10000.0//
train_loss$22000$1.737393856048584e-05//
train_individual_losses$22000$tensor([2.2019e-05, 2.4177e-05, 1.4780e-06, 1.7716e-05, 8.7981e-06, 1.9770e-05,
        1.0305e-05, 2.1108e-05, 2.6720e-05, 2.1649e-05])//
train_examples$22000$10000.0//
train_loss$24000$1.643813967704773e-05//
train_individual_losses$24000$tensor([2.0683e-05, 2.0684e-05, 7.3252e-07, 1.7657e-05, 6.6956e-06, 1.9272e-05,
        7.5733e-06, 2.3478e-05, 2.5310e-05, 2.2295e-05])//
train_examples$24000$10000.0//
train_loss$26000$1.6704792976379396e-05//
train_individual_losses$26000$tensor([2.0173e-05, 2.2207e-05, 6.9490e-07, 1.6420e-05, 6.8987e-06, 2.3574e-05,
        5.9337e-06, 2.0677e-05, 2.8315e-05, 2.2156e-05])//
train_examples$26000$10000.0//
train_loss$28000$1.4606864452362061e-05//
train_individual_losses$28000$tensor([1.8597e-05, 1.8559e-05, 1.1622e-06, 1.3968e-05, 7.3641e-06, 1.4796e-05,
        5.3784e-06, 1.8153e-05, 2.5411e-05, 2.2680e-05])//
train_examples$28000$10000.0//
train_loss$30000$1.4250468015670776e-05//
train_individual_losses$30000$tensor([1.9172e-05, 1.6173e-05, 4.7249e-06, 1.1726e-05, 7.6474e-06, 2.1138e-05,
        4.4158e-06, 1.7956e-05, 2.2371e-05, 1.7182e-05])//
train_examples$30000$10000.0//
train_loss$32000$1.392410397529602e-05//
train_individual_losses$32000$tensor([1.8231e-05, 1.4794e-05, 1.2927e-06, 1.2108e-05, 8.2175e-06, 1.5507e-05,
        8.2639e-06, 1.6708e-05, 2.5876e-05, 1.8242e-05])//
train_examples$32000$10000.0//
train_loss$34000$1.2623426914215087e-05//
train_individual_losses$34000$tensor([2.2087e-05, 1.5983e-05, 4.2553e-07, 1.1434e-05, 7.0357e-06, 1.5354e-05,
        2.6109e-06, 1.5263e-05, 2.1353e-05, 1.4689e-05])//
train_examples$34000$10000.0//
train_loss$36000$1.373141884803772e-05//
train_individual_losses$36000$tensor([2.2970e-05, 1.3847e-05, 5.2224e-07, 9.9741e-06, 5.8056e-06, 2.4063e-05,
        4.0691e-06, 1.5368e-05, 2.1999e-05, 1.8696e-05])//
train_examples$36000$10000.0//
train_loss$38000$1.2685551643371582e-05//
train_individual_losses$38000$tensor([1.8313e-05, 1.6040e-05, 1.5949e-06, 1.1007e-05, 7.2191e-06, 1.4328e-05,
        3.5562e-06, 1.5578e-05, 2.2938e-05, 1.6280e-05])//
train_examples$38000$10000.0//
train_loss$40000$1.1672147512435914e-05//
train_individual_losses$40000$tensor([2.1341e-05, 1.3277e-05, 3.5311e-06, 6.7135e-06, 7.5504e-06, 1.2441e-05,
        3.8023e-06, 1.6012e-05, 2.0655e-05, 1.1397e-05])//
train_examples$40000$10000.0//
train_loss$42000$1.0711076259613038e-05//
train_individual_losses$42000$tensor([1.8987e-05, 1.2840e-05, 1.5093e-06, 6.7028e-06, 6.0402e-06, 8.3626e-06,
        3.2176e-06, 1.2914e-05, 2.5404e-05, 1.1133e-05])//
train_examples$42000$10000.0//
train_loss$44000$1.0930284261703491e-05//
train_individual_losses$44000$tensor([1.6608e-05, 2.0738e-05, 6.0380e-06, 5.5174e-06, 5.4390e-06, 7.4599e-06,
        1.6786e-06, 1.2503e-05, 2.2343e-05, 1.0978e-05])//
train_examples$44000$10000.0//
train_loss$46000$9.464848637580872e-06//
train_individual_losses$46000$tensor([1.7726e-05, 1.2042e-05, 3.0767e-07, 5.5348e-06, 5.3054e-06, 6.1908e-06,
        2.2841e-06, 1.1198e-05, 2.3506e-05, 1.0553e-05])//
train_examples$46000$10000.0//
train_loss$48000$9.550771117210389e-06//
train_individual_losses$48000$tensor([1.6504e-05, 1.1507e-05, 2.2221e-07, 4.6748e-06, 6.0143e-06, 7.2626e-06,
        1.2902e-06, 1.2630e-05, 2.0865e-05, 1.4538e-05])//
train_examples$48000$10000.0//
train_loss$50000$9.57015335559845e-06//
train_individual_losses$50000$tensor([1.9521e-05, 1.2546e-05, 1.2904e-06, 2.9854e-06, 4.8474e-06, 8.5363e-06,
        1.5100e-06, 1.5128e-05, 2.0770e-05, 8.5672e-06])//
train_examples$50000$10000.0//
train_loss$52000$8.461564779281616e-06//
train_individual_losses$52000$tensor([2.2904e-05, 1.0855e-05, 3.1946e-07, 2.8621e-06, 4.0499e-06, 4.9243e-06,
        1.1877e-06, 9.7223e-06, 1.9644e-05, 8.1465e-06])//
train_examples$52000$10000.0//
train_loss$54000$7.756305932998657e-06//
train_individual_losses$54000$tensor([1.6490e-05, 1.0917e-05, 4.5223e-07, 3.6384e-06, 3.6770e-06, 4.7939e-06,
        1.7681e-06, 9.5374e-06, 1.9420e-05, 6.8696e-06])//
train_examples$54000$10000.0//
train_loss$56000$8.251911997795105e-06//
train_individual_losses$56000$tensor([1.6889e-05, 1.0668e-05, 2.8293e-07, 7.7310e-06, 4.9936e-06, 3.5969e-06,
        9.3198e-07, 9.7692e-06, 2.0728e-05, 6.9287e-06])//
train_examples$56000$10000.0//
train_loss$58000$7.659558057785034e-06//
train_individual_losses$58000$tensor([1.5757e-05, 1.1732e-05, 1.6052e-07, 2.5862e-06, 3.1228e-06, 6.1294e-06,
        1.2051e-06, 9.3582e-06, 2.0288e-05, 6.2564e-06])//
train_examples$58000$10000.0//
train_loss$60000$8.24607253074646e-06//
train_individual_losses$60000$tensor([1.6306e-05, 1.2558e-05, 1.4170e-06, 2.8486e-06, 3.5573e-06, 2.9525e-06,
        1.1774e-06, 1.1171e-05, 2.4381e-05, 6.0921e-06])//
train_examples$60000$10000.0//
train_loss$62000$8.499165177345276e-06//
train_individual_losses$62000$tensor([1.6678e-05, 1.0453e-05, 8.7806e-07, 3.7158e-06, 6.0658e-06, 8.7797e-06,
        3.7612e-06, 9.3455e-06, 2.0623e-05, 4.6920e-06])//
train_examples$62000$10000.0//
train_loss$64000$7.589802145957947e-06//
train_individual_losses$64000$tensor([1.4564e-05, 1.2929e-05, 3.2996e-07, 3.4124e-06, 1.7924e-06, 6.5748e-06,
        7.0363e-07, 9.0444e-06, 2.1028e-05, 5.5191e-06])//
train_examples$64000$10000.0//
train_loss$66000$7.363501191139221e-06//
train_individual_losses$66000$tensor([1.2557e-05, 1.3023e-05, 2.2344e-07, 3.1486e-06, 3.1702e-06, 2.9502e-06,
        5.7786e-06, 8.6700e-06, 1.9930e-05, 4.1837e-06])//
train_examples$66000$10000.0//
train_loss$68000$7.695159316062928e-06//
train_individual_losses$68000$tensor([1.0893e-05, 1.0052e-05, 1.5129e-07, 1.7809e-06, 2.2404e-06, 5.8642e-06,
        2.5072e-06, 1.0523e-05, 2.8871e-05, 4.0672e-06])//
train_examples$68000$10000.0//
train_loss$70000$7.201193571090698e-06//
train_individual_losses$70000$tensor([1.4074e-05, 1.1135e-05, 7.5888e-07, 3.9643e-06, 2.0146e-06, 2.4555e-06,
        5.8019e-07, 9.8109e-06, 2.0004e-05, 7.2153e-06])//
train_examples$70000$10000.0//
train_loss$72000$6.249141693115234e-06//
train_individual_losses$72000$tensor([1.2327e-05, 1.1804e-05, 1.7870e-07, 2.4701e-06, 1.8107e-06, 1.8488e-06,
        1.0776e-06, 7.8187e-06, 1.9183e-05, 3.9731e-06])//
train_examples$72000$10000.0//
train_loss$74000$6.023563146591187e-06//
train_individual_losses$74000$tensor([1.0687e-05, 9.7512e-06, 4.2061e-07, 1.8944e-06, 1.6484e-06, 2.7307e-06,
        1.7298e-06, 8.4797e-06, 1.9637e-05, 3.2573e-06])//
train_examples$74000$10000.0//
train_loss$76000$6.5617334842681885e-06//
train_individual_losses$76000$tensor([1.0710e-05, 9.7551e-06, 1.2281e-07, 4.5494e-06, 2.4094e-06, 2.3137e-06,
        2.5590e-06, 8.0113e-06, 2.0183e-05, 5.0035e-06])//
train_examples$76000$10000.0//
train_loss$78000$6.574968695640564e-06//
train_individual_losses$78000$tensor([1.2149e-05, 1.0229e-05, 5.3337e-07, 1.6866e-06, 2.2346e-06, 1.5744e-06,
        6.9274e-07, 7.8497e-06, 2.2001e-05, 6.7996e-06])//
train_examples$78000$10000.0//
train_loss$80000$7.63726532459259e-06//
train_individual_losses$80000$tensor([9.2221e-06, 1.0383e-05, 1.8046e-05, 1.2105e-06, 2.0068e-06, 1.7033e-06,
        1.7944e-06, 8.4160e-06, 2.0315e-05, 3.2750e-06])//
train_examples$80000$10000.0//
train_loss$82000$6.045200228691101e-06//
train_individual_losses$82000$tensor([1.1893e-05, 9.3291e-06, 3.7289e-07, 1.1526e-06, 1.8283e-06, 2.9079e-06,
        1.1449e-06, 7.3660e-06, 1.9178e-05, 5.2801e-06])//
train_examples$82000$10000.0//
train_loss$84000$7.3494207859039305e-06//
train_individual_losses$84000$tensor([1.0069e-05, 1.7166e-05, 7.7314e-07, 4.0351e-06, 2.1353e-06, 2.5147e-06,
        8.3937e-07, 8.7210e-06, 2.0150e-05, 7.0911e-06])//
train_examples$84000$10000.0//
train_loss$86000$5.791372060775757e-06//
train_individual_losses$86000$tensor([9.3700e-06, 1.0130e-05, 1.5790e-06, 1.1788e-06, 1.1938e-06, 1.8704e-06,
        3.0220e-06, 7.1732e-06, 1.9920e-05, 2.4764e-06])//
train_examples$86000$10000.0//
train_loss$88000$6.062372922897339e-06//
train_individual_losses$88000$tensor([9.3657e-06, 1.2156e-05, 1.0494e-06, 3.1665e-06, 1.8934e-06, 1.7148e-06,
        7.3543e-07, 8.0860e-06, 1.9976e-05, 2.4807e-06])//
train_examples$88000$10000.0//
train_loss$90000$5.263158082962036e-06//
train_individual_losses$90000$tensor([8.8807e-06, 1.0013e-05, 1.0610e-07, 1.3339e-06, 1.1284e-06, 2.4203e-06,
        1.2610e-06, 6.7805e-06, 1.9185e-05, 1.5224e-06])//
train_examples$90000$10000.0//
train_loss$92000$5.446873307228088e-06//
train_individual_losses$92000$tensor([7.7177e-06, 1.2257e-05, 3.8858e-07, 1.0828e-06, 1.5880e-06, 3.3919e-06,
        8.3577e-07, 7.1892e-06, 1.8516e-05, 1.5015e-06])//
train_examples$92000$10000.0//
train_loss$94000$5.913029909133911e-06//
train_individual_losses$94000$tensor([7.3857e-06, 9.1435e-06, 5.9111e-07, 1.8654e-06, 1.0281e-06, 5.7883e-06,
        4.4368e-06, 6.0607e-06, 2.1638e-05, 1.1931e-06])//
train_examples$94000$10000.0//
train_loss$96000$4.915817975997925e-06//
train_individual_losses$96000$tensor([6.5360e-06, 9.1280e-06, 2.8464e-07, 1.1615e-06, 1.1194e-06, 1.1967e-06,
        9.9187e-07, 6.4670e-06, 2.0717e-05, 1.5564e-06])//
train_examples$96000$10000.0//
train_loss$98000$5.159084796905518e-06//
train_individual_losses$98000$tensor([5.9146e-06, 9.9602e-06, 2.3307e-07, 9.7791e-07, 1.4078e-06, 1.9592e-06,
        1.4779e-06, 8.7647e-06, 1.9573e-05, 1.3228e-06])//
train_examples$98000$10000.0//
train_loss$100000$4.96399462223053e-06//
train_individual_losses$100000$tensor([6.0967e-06, 8.9624e-06, 2.8859e-07, 1.1519e-06, 1.2866e-06, 1.7548e-06,
        7.2877e-07, 5.9641e-06, 2.0368e-05, 3.0378e-06])//
train_examples$100000$10000.0//
train_loss$102000$7.886117696762084e-06//
train_individual_losses$102000$tensor([5.2647e-06, 2.0528e-05, 2.1464e-06, 1.1488e-06, 2.3663e-06, 1.8114e-06,
        1.0202e-06, 5.8758e-06, 1.9201e-05, 1.9498e-05])//
train_examples$102000$10000.0//
train_loss$104000$5.129174590110779e-06//
train_individual_losses$104000$tensor([5.0355e-06, 9.1029e-06, 2.6792e-07, 1.1953e-06, 1.3219e-06, 1.1320e-06,
        2.4357e-06, 6.2712e-06, 1.9916e-05, 4.6133e-06])//
train_examples$104000$10000.0//
train_loss$106000$5.453198552131653e-06//
train_individual_losses$106000$tensor([4.2211e-06, 1.1430e-05, 8.1668e-07, 1.8638e-06, 2.9044e-06, 1.8927e-06,
        3.4861e-06, 6.2577e-06, 2.0324e-05, 1.3345e-06])//
train_examples$106000$10000.0//
train_loss$108000$4.767506122589111e-06//
train_individual_losses$108000$tensor([4.6730e-06, 1.0124e-05, 1.2769e-07, 1.5322e-06, 1.1719e-06, 1.4540e-06,
        6.7092e-07, 7.0118e-06, 1.9978e-05, 9.3147e-07])//
train_examples$108000$10000.0//
train_loss$110000$4.579423666000367e-06//
train_individual_losses$110000$tensor([4.3843e-06, 1.0695e-05, 8.3258e-07, 8.0120e-07, 1.0645e-06, 1.5021e-06,
        7.5080e-07, 6.0414e-06, 1.8285e-05, 1.4375e-06])//
train_examples$110000$10000.0//
train_loss$112000$4.6636393666267396e-06//
train_individual_losses$112000$tensor([5.3651e-06, 9.5510e-06, 2.5304e-07, 2.0745e-06, 1.7656e-06, 1.3439e-06,
        8.2775e-07, 5.1438e-06, 1.8684e-05, 1.6276e-06])//
train_examples$112000$10000.0//
train_loss$114000$5.854715704917908e-06//
train_individual_losses$114000$tensor([3.8891e-06, 9.0033e-06, 1.0697e-07, 5.5595e-06, 1.4521e-06, 2.5852e-06,
        1.0058e-06, 5.1497e-06, 1.9146e-05, 1.0650e-05])//
train_examples$114000$10000.0//
train_loss$116000$4.849165380001068e-06//
train_individual_losses$116000$tensor([3.2865e-06, 1.4892e-05, 1.5711e-07, 1.1907e-06, 8.3012e-07, 2.0656e-06,
        7.8086e-07, 5.4295e-06, 1.9119e-05, 7.4045e-07])//
train_examples$116000$10000.0//
train_loss$118000$5.874184966087341e-06//
train_individual_losses$118000$tensor([3.8823e-06, 1.0429e-05, 1.0258e-07, 8.4562e-07, 6.7969e-07, 6.1950e-06,
        7.6073e-07, 1.1197e-05, 2.1988e-05, 2.6620e-06])//
train_examples$118000$10000.0//
train_loss$120000$4.9653387069702145e-06//
train_individual_losses$120000$tensor([2.5599e-06, 1.2055e-05, 6.8591e-08, 3.3406e-06, 6.5772e-07, 2.8894e-06,
        8.9805e-07, 7.7249e-06, 1.8563e-05, 8.9645e-07])//
train_examples$120000$10000.0//
train_loss$122000$5.377089381217957e-06//
train_individual_losses$122000$tensor([2.9153e-06, 1.0261e-05, 2.4939e-06, 9.2610e-07, 9.7348e-07, 3.2939e-06,
        1.4241e-06, 6.4417e-06, 2.0969e-05, 4.0720e-06])//
train_examples$122000$10000.0//
train_loss$124000$4.407682716846466e-06//
train_individual_losses$124000$tensor([3.1292e-06, 1.1013e-05, 1.1576e-06, 7.2115e-07, 5.0002e-07, 9.3523e-07,
        6.8704e-07, 5.8075e-06, 1.9591e-05, 5.3540e-07])//
train_examples$124000$10000.0//
train_loss$126000$4.630149304866791e-06//
train_individual_losses$126000$tensor([3.6782e-06, 9.7886e-06, 1.2999e-07, 2.9521e-06, 6.3857e-07, 2.2564e-06,
        4.7515e-07, 4.8038e-06, 2.0776e-05, 8.0306e-07])//
train_examples$126000$10000.0//
train_loss$128000$4.830611050128937e-06//
train_individual_losses$128000$tensor([2.9863e-06, 1.0606e-05, 1.6205e-06, 1.7973e-06, 7.6238e-07, 1.3264e-06,
        5.5994e-07, 5.3682e-06, 2.0307e-05, 2.9722e-06])//
train_examples$128000$10000.0//
train_loss$130000$5.216622352600097e-06//
train_individual_losses$130000$tensor([5.8595e-06, 9.5887e-06, 8.5308e-06, 1.0525e-06, 3.6168e-07, 9.8398e-07,
        1.0635e-06, 5.7573e-06, 1.8276e-05, 6.9234e-07])//
train_examples$130000$10000.0//
train_loss$132000$4.205544888973236e-06//
train_individual_losses$132000$tensor([2.5647e-06, 8.8316e-06, 1.0072e-07, 6.6894e-07, 4.5636e-07, 2.5694e-06,
        1.1541e-06, 5.1842e-06, 1.9406e-05, 1.1191e-06])//
train_examples$132000$10000.0//
train_loss$134000$5.088834166526794e-06//
train_individual_losses$134000$tensor([2.8122e-06, 1.7935e-05, 2.6441e-07, 7.3466e-07, 4.6648e-07, 1.0779e-06,
        4.6261e-07, 5.9419e-06, 2.0044e-05, 1.1489e-06])//
train_examples$134000$10000.0//
train_loss$136000$4.3058395385742184e-06//
train_individual_losses$136000$tensor([2.8258e-06, 1.0791e-05, 2.9237e-07, 1.1150e-06, 3.5242e-07, 1.1885e-06,
        1.7290e-06, 5.7240e-06, 1.8495e-05, 5.4507e-07])//
train_examples$136000$10000.0//
train_loss$138000$4.3585604429244996e-06//
train_individual_losses$138000$tensor([3.4685e-06, 9.7233e-06, 8.2464e-08, 6.7810e-07, 4.8163e-07, 3.0596e-06,
        1.4830e-06, 4.9410e-06, 1.8637e-05, 1.0314e-06])//
train_examples$138000$10000.0//
train_loss$140000$4.875636696815491e-06//
train_individual_losses$140000$tensor([2.9945e-06, 1.0952e-05, 4.7005e-06, 6.0191e-07, 3.2857e-07, 1.7828e-06,
        6.4855e-07, 5.1613e-06, 2.0471e-05, 1.1149e-06])//
train_examples$140000$10000.0//
train_loss$142000$3.955545723438263e-06//
train_individual_losses$142000$tensor([2.4741e-06, 9.1944e-06, 6.5557e-08, 6.3643e-07, 3.7198e-07, 1.6567e-06,
        6.0679e-07, 4.7550e-06, 1.8581e-05, 1.2135e-06])//
train_examples$142000$10000.0//
train_loss$144000$5.3384536504745485e-06//
train_individual_losses$144000$tensor([5.1927e-06, 1.1048e-05, 3.1746e-07, 7.8023e-07, 8.5526e-07, 2.6472e-06,
        2.8209e-06, 6.5912e-06, 2.1842e-05, 1.2891e-06])//
train_examples$144000$10000.0//
train_loss$146000$4.149441123008728e-06//
train_individual_losses$146000$tensor([2.4525e-06, 1.0352e-05, 1.2366e-06, 8.1284e-07, 3.1392e-07, 9.7931e-07,
        7.7228e-07, 4.8375e-06, 1.9184e-05, 5.5270e-07])//
train_examples$146000$10000.0//
train_loss$148000$5.160226225852966e-06//
train_individual_losses$148000$tensor([2.3310e-06, 9.9191e-06, 1.3358e-06, 9.2254e-07, 1.0560e-06, 1.8731e-06,
        5.6298e-07, 5.1034e-06, 2.3387e-05, 5.1117e-06])//
train_examples$148000$10000.0//
train_loss$150000$4.815397560596466e-06//
train_individual_losses$150000$tensor([5.7621e-06, 9.6938e-06, 6.7300e-07, 1.4589e-06, 7.1663e-07, 9.1723e-07,
        3.0282e-06, 5.9198e-06, 1.8990e-05, 9.9476e-07])//
train_examples$150000$10000.0//
train_loss$152000$4.072711169719696e-06//
train_individual_losses$152000$tensor([2.5710e-06, 9.0953e-06, 1.3019e-07, 6.0854e-07, 1.9290e-07, 1.2858e-06,
        4.2986e-07, 6.5819e-06, 1.7967e-05, 1.8650e-06])//
train_examples$152000$10000.0//
train_loss$154000$5.129793286323547e-06//
train_individual_losses$154000$tensor([5.1426e-06, 1.3245e-05, 2.2315e-07, 7.5862e-07, 2.4970e-07, 1.0206e-06,
        3.7304e-07, 5.2846e-06, 1.8151e-05, 6.8501e-06])//
train_examples$154000$10000.0//
train_loss$156000$5.007248520851135e-06//
train_individual_losses$156000$tensor([3.5236e-06, 8.3660e-06, 6.5405e-07, 1.1699e-06, 7.0769e-07, 1.3796e-06,
        3.9777e-07, 1.0149e-05, 2.3263e-05, 4.6146e-07])//
train_examples$156000$10000.0//
train_loss$158000$4.6717682480812075e-06//
train_individual_losses$158000$tensor([5.2694e-06, 1.0821e-05, 1.0269e-06, 1.1324e-06, 2.3661e-07, 3.7939e-06,
        9.4638e-07, 4.8068e-06, 1.7836e-05, 8.4892e-07])//
train_examples$158000$10000.0//
train_loss$160000$3.929971754550934e-06//
train_individual_losses$160000$tensor([2.9576e-06, 8.6992e-06, 5.4915e-08, 6.9740e-07, 9.7479e-07, 7.5004e-07,
        4.1975e-07, 5.5119e-06, 1.8479e-05, 7.5506e-07])//
train_examples$160000$10000.0//
train_loss$162000$4.152184128761292e-06//
train_individual_losses$162000$tensor([2.4903e-06, 1.0426e-05, 1.0569e-07, 1.1232e-06, 2.4262e-07, 7.5210e-07,
        6.1703e-07, 5.4112e-06, 1.8900e-05, 1.4536e-06])//
train_examples$162000$10000.0//
train_loss$164000$4.395789206027985e-06//
train_individual_losses$164000$tensor([2.4412e-06, 1.0589e-05, 4.8156e-07, 6.1662e-07, 2.6119e-07, 8.6560e-07,
        8.8707e-07, 8.4344e-06, 1.8067e-05, 1.3141e-06])//
train_examples$164000$10000.0//
train_loss$166000$4.627972841262817e-06//
train_individual_losses$166000$tensor([2.2656e-06, 9.7331e-06, 1.0208e-07, 1.0729e-06, 1.7993e-07, 4.5412e-06,
        5.5308e-07, 5.6402e-06, 1.9450e-05, 2.7419e-06])//
train_examples$166000$10000.0//
train_loss$168000$4.090176224708557e-06//
train_individual_losses$168000$tensor([2.7341e-06, 9.5331e-06, 1.8623e-07, 6.5250e-07, 1.7745e-07, 1.5640e-06,
        5.7176e-07, 5.2512e-06, 1.7832e-05, 2.3996e-06])//
train_examples$168000$10000.0//
train_loss$170000$4.357317686080933e-06//
train_individual_losses$170000$tensor([2.4011e-06, 8.2439e-06, 1.6901e-07, 1.3640e-06, 8.6053e-07, 2.0740e-06,
        2.2922e-06, 5.5539e-06, 1.9600e-05, 1.0150e-06])//
train_examples$170000$10000.0//
train_loss$172000$5.335838794708252e-06//
train_individual_losses$172000$tensor([2.0910e-06, 8.3686e-06, 2.8792e-07, 1.0835e-06, 2.2315e-07, 1.3714e-06,
        1.0013e-05, 4.5055e-06, 1.7735e-05, 7.6789e-06])//
train_examples$172000$10000.0//
train_loss$174000$5.024481415748596e-06//
train_individual_losses$174000$tensor([3.9375e-06, 8.5809e-06, 5.8309e-08, 4.6879e-07, 2.1104e-07, 4.3743e-06,
        5.4804e-07, 5.5533e-06, 1.8101e-05, 8.4116e-06])//
train_examples$174000$10000.0//
train_loss$176000$4.794713258743286e-06//
train_individual_losses$176000$tensor([2.1281e-06, 9.5548e-06, 3.2197e-07, 8.5812e-07, 2.0427e-07, 6.2375e-07,
        3.0147e-06, 1.0437e-05, 2.0156e-05, 6.4897e-07])//
train_examples$176000$10000.0//
train_loss$178000$4.146378338336944e-06//
train_individual_losses$178000$tensor([2.4079e-06, 7.4353e-06, 1.1743e-07, 6.3296e-07, 2.4676e-07, 6.2862e-07,
        6.2376e-07, 5.2877e-06, 2.3162e-05, 9.2141e-07])//
train_examples$178000$10000.0//
train_loss$180000$4.785237312316895e-06//
train_individual_losses$180000$tensor([2.4653e-06, 8.9187e-06, 9.8237e-07, 6.3734e-07, 5.1795e-07, 2.3847e-06,
        2.6970e-07, 6.8489e-06, 2.4380e-05, 4.4734e-07])//
train_examples$180000$10000.0//
train_loss$182000$4.40954327583313e-06//
train_individual_losses$182000$tensor([5.3575e-06, 7.7478e-06, 8.4413e-08, 6.0647e-07, 3.8802e-07, 7.3678e-07,
        1.0544e-06, 7.1881e-06, 2.0539e-05, 3.9267e-07])//
train_examples$182000$10000.0//
train_loss$184000$3.842651546001435e-06//
train_individual_losses$184000$tensor([2.1882e-06, 9.0409e-06, 4.4522e-08, 1.0967e-06, 1.8630e-06, 6.6564e-07,
        4.0784e-07, 4.6635e-06, 1.7340e-05, 1.1167e-06])//
train_examples$184000$10000.0//
train_loss$186000$3.695090115070343e-06//
train_individual_losses$186000$tensor([2.0128e-06, 7.3281e-06, 1.2038e-07, 4.2783e-07, 1.5801e-06, 8.1604e-07,
        4.3706e-07, 4.6784e-06, 1.9231e-05, 3.1957e-07])//
train_examples$186000$10000.0//
train_loss$188000$4.571227729320526e-06//
train_individual_losses$188000$tensor([2.1762e-06, 1.0786e-05, 2.0102e-06, 7.8231e-07, 1.4816e-07, 7.9426e-07,
        1.2423e-06, 8.6743e-06, 1.8635e-05, 4.6397e-07])//
train_examples$188000$10000.0//
train_loss$190000$4.244152307510376e-06//
train_individual_losses$190000$tensor([1.9651e-06, 9.3515e-06, 1.4444e-07, 1.5734e-06, 1.6453e-07, 8.6030e-07,
        1.0414e-06, 4.5349e-06, 2.1100e-05, 1.7061e-06])//
train_examples$190000$10000.0//
train_loss$192000$4.8343738913536075e-06//
train_individual_losses$192000$tensor([2.8005e-06, 1.2113e-05, 1.1310e-06, 2.5594e-06, 2.7515e-07, 2.2856e-06,
        1.2622e-06, 5.4073e-06, 1.9055e-05, 1.4542e-06])//
train_examples$192000$10000.0//
train_loss$194000$3.6605215072631834e-06//
train_individual_losses$194000$tensor([2.4506e-06, 7.8395e-06, 7.4681e-08, 8.5114e-07, 2.2554e-07, 1.3753e-06,
        5.7462e-07, 5.1738e-06, 1.6845e-05, 1.1949e-06])//
train_examples$194000$10000.0//
train_loss$196000$4.319718778133392e-06//
train_individual_losses$196000$tensor([1.9744e-06, 6.9588e-06, 1.0018e-07, 4.9003e-07, 2.8342e-07, 9.6265e-06,
        9.4859e-07, 4.4798e-06, 1.7898e-05, 4.3726e-07])//
train_examples$196000$10000.0//
train_loss$198000$4.080310761928558e-06//
train_individual_losses$198000$tensor([1.9775e-06, 9.6671e-06, 1.3011e-07, 1.0645e-06, 2.6713e-06, 6.5289e-07,
        2.5404e-07, 7.4407e-06, 1.6640e-05, 3.0542e-07])//
train_examples$198000$10000.0//
train_loss$200000$3.877693116664886e-06//
train_individual_losses$200000$tensor([1.9124e-06, 8.0321e-06, 1.9707e-07, 7.9097e-07, 1.7446e-07, 2.4775e-06,
        1.0544e-06, 5.7898e-06, 1.7758e-05, 5.9039e-07])//
train_examples$200000$10000.0