train_loss$0$0.3408158447265625//
train_individual_losses$0$tensor([0.6403, 0.1203, 0.4037, 0.0585, 0.9281, 0.2757, 0.6419, 0.8610, 0.7610,
        0.4137, 0.0184, 0.0550, 0.0197, 0.6594, 0.0708, 0.1848, 0.3323, 0.2846,
        0.0556, 0.0317])//
train_examples$0$8000.0//
train_loss$1600$0.00010359655618667602//
train_individual_losses$1600$tensor([9.6977e-05, 9.7803e-05, 1.4422e-04, 5.7740e-05, 1.0539e-04, 1.4118e-04,
        1.5791e-04, 9.7229e-05, 1.0143e-04, 1.6835e-04, 6.0183e-05, 7.2928e-05,
        5.2974e-05, 1.7706e-04, 9.5631e-05, 9.4345e-05, 9.7907e-05, 1.5587e-04,
        6.8329e-05, 2.8497e-05])//
train_examples$1600$8000.0//
train_loss$3200$4.1312679648399355e-05//
train_individual_losses$3200$tensor([5.9105e-05, 5.7728e-06, 5.5836e-05, 8.7565e-06, 8.6851e-05, 2.5536e-05,
        7.0152e-05, 7.6654e-05, 6.6384e-05, 6.5600e-05, 8.5132e-06, 4.2238e-06,
        3.5107e-06, 1.2353e-04, 9.1199e-06, 1.3984e-05, 6.5392e-05, 6.2455e-05,
        7.1095e-06, 7.7634e-06])//
train_examples$3200$8000.0//
train_loss$4800$7.861869782209396e-06//
train_individual_losses$4800$tensor([1.2065e-05, 2.5268e-06, 7.0601e-06, 1.6559e-06, 2.6235e-05, 8.2589e-06,
        1.1934e-05, 2.1633e-05, 1.3806e-05, 5.3484e-06, 3.1171e-06, 1.4636e-06,
        1.1043e-06, 1.9781e-05, 2.7719e-06, 1.8350e-06, 9.4398e-06, 3.2594e-06,
        1.5453e-06, 2.3964e-06])//
train_examples$4800$8000.0//
train_loss$6400$1.737542450428009e-06//
train_individual_losses$6400$tensor([3.2670e-06, 1.1673e-06, 1.8778e-06, 5.9141e-07, 4.3386e-06, 2.0367e-06,
        2.4643e-06, 3.8773e-06, 3.2611e-06, 1.5482e-06, 1.0258e-06, 7.6265e-07,
        3.9795e-07, 1.5898e-06, 1.2210e-06, 1.0539e-06, 1.7430e-06, 1.0498e-06,
        6.1339e-07, 8.6385e-07])//
train_examples$6400$8000.0//
train_loss$8000$9.332673624157906e-07//
train_individual_losses$8000$tensor([1.3868e-06, 4.9655e-07, 5.5210e-07, 8.1750e-07, 1.9326e-06, 6.5678e-07,
        1.0303e-06, 1.1762e-06, 1.4926e-06, 5.3830e-07, 1.2614e-06, 5.5715e-07,
        4.6954e-07, 4.1722e-07, 1.1579e-06, 8.1397e-07, 9.1014e-07, 6.1428e-07,
        1.4890e-06, 8.9511e-07])//
train_examples$8000$8000.0//
train_loss$9600$4.551745019853115e-07//
train_individual_losses$9600$tensor([8.2171e-07, 5.9143e-07, 3.0208e-07, 1.3083e-07, 8.2955e-07, 9.4566e-07,
        3.9454e-07, 6.5786e-07, 7.3029e-07, 1.8273e-07, 1.9526e-07, 2.6901e-07,
        4.8063e-07, 2.1427e-07, 2.0142e-07, 3.5703e-07, 4.6973e-07, 4.3325e-07,
        1.2936e-07, 7.6684e-07])//
train_examples$9600$8000.0//
train_loss$11200$4.361763130873442e-07//
train_individual_losses$11200$tensor([3.8002e-07, 4.1564e-07, 6.7263e-07, 8.1371e-08, 4.5160e-07, 7.7685e-07,
        5.0362e-07, 3.6802e-07, 3.6603e-07, 1.7213e-07, 3.3215e-07, 5.0448e-07,
        6.8579e-07, 3.6201e-07, 2.2592e-07, 4.5893e-07, 3.1798e-07, 6.1446e-07,
        3.5360e-07, 6.8029e-07])//
train_examples$11200$8000.0//
train_loss$12800$7.864358834922313e-07//
train_individual_losses$12800$tensor([9.2628e-07, 4.9938e-07, 5.0929e-07, 3.7087e-07, 3.7873e-07, 9.1446e-07,
        2.3487e-06, 7.3591e-07, 8.5971e-07, 8.1990e-07, 6.1382e-07, 8.4729e-07,
        5.0446e-07, 7.0661e-07, 1.0252e-06, 1.0947e-06, 1.0424e-06, 5.8564e-07,
        4.1362e-07, 5.3186e-07])//
train_examples$12800$8000.0//
train_loss$14400$1.0019954293966293e-06//
train_individual_losses$14400$tensor([1.3316e-06, 1.1437e-06, 1.6728e-06, 2.1082e-06, 1.8939e-06, 1.5591e-06,
        5.4688e-07, 1.4618e-06, 1.3802e-06, 8.3927e-07, 8.7664e-07, 8.6803e-07,
        8.7905e-07, 1.5660e-07, 5.1183e-07, 6.7721e-07, 2.2471e-07, 7.9376e-07,
        2.9902e-07, 8.1559e-07])//
train_examples$14400$8000.0//
train_loss$16000$2.545169787481427e-07//
train_individual_losses$16000$tensor([2.7520e-07, 2.6869e-07, 3.0173e-07, 5.4310e-08, 7.2970e-07, 1.0911e-07,
        3.9842e-07, 5.9523e-07, 2.9127e-07, 2.9078e-08, 9.7030e-08, 1.3307e-07,
        9.3696e-08, 2.6028e-07, 1.0752e-07, 2.8842e-07, 2.6666e-07, 5.6451e-07,
        9.8617e-08, 1.2780e-07])//
train_examples$16000$8000.0//
train_loss$17600$3.7388300988823175e-07//
train_individual_losses$17600$tensor([5.3499e-07, 4.8633e-07, 5.2087e-07, 1.2966e-07, 3.5967e-07, 3.8300e-07,
        4.7884e-07, 9.7965e-07, 1.2364e-07, 3.8968e-08, 7.1214e-07, 2.9822e-07,
        1.9797e-07, 2.8424e-08, 7.4717e-07, 1.3207e-07, 1.7774e-07, 6.4286e-07,
        4.0891e-07, 9.6521e-08])//
train_examples$17600$8000.0//
train_loss$19200$3.245710860937834e-07//
train_individual_losses$19200$tensor([9.3899e-08, 1.1362e-07, 1.5706e-06, 6.0482e-07, 1.0981e-07, 7.7477e-08,
        4.8557e-08, 6.8740e-08, 1.3319e-07, 5.9996e-08, 5.6534e-08, 1.5884e-07,
        7.9586e-08, 2.2530e-07, 6.8860e-08, 3.9783e-07, 2.6363e-07, 5.6784e-08,
        2.5948e-07, 2.0439e-06])//
train_examples$19200$8000.0//
train_loss$20800$1.5555843710899352e-07//
train_individual_losses$20800$tensor([1.3771e-07, 3.2354e-07, 1.9090e-07, 6.8829e-08, 7.7311e-08, 1.9724e-07,
        5.6794e-08, 2.5794e-07, 8.3618e-08, 2.8516e-08, 2.1154e-07, 8.5950e-08,
        2.2896e-07, 1.4173e-07, 4.2666e-07, 8.5192e-08, 1.1196e-07, 3.8652e-08,
        3.2939e-08, 3.2519e-07])//
train_examples$20800$8000.0//
train_loss$22400$9.968297090381384e-08//
train_individual_losses$22400$tensor([2.5054e-07, 1.3026e-07, 2.7204e-07, 3.7192e-08, 1.1072e-07, 5.7476e-08,
        6.0870e-08, 9.9538e-08, 7.0892e-08, 1.0636e-07, 4.8866e-08, 5.1131e-08,
        7.8947e-08, 1.7576e-08, 1.5516e-07, 1.0238e-07, 1.1288e-07, 3.4216e-08,
        3.8103e-08, 1.5851e-07])//
train_examples$22400$8000.0//
train_loss$24000$2.920312341302633e-07//
train_individual_losses$24000$tensor([8.2471e-08, 1.8950e-07, 1.4254e-07, 8.0632e-07, 2.0417e-07, 6.1792e-07,
        6.3178e-08, 1.2002e-07, 1.1249e-07, 3.0499e-07, 5.0979e-07, 3.2976e-07,
        6.3461e-08, 5.2703e-07, 5.9466e-07, 6.6604e-08, 9.2207e-08, 8.5723e-08,
        1.5923e-07, 7.6856e-07])//
train_examples$24000$8000.0//
train_loss$25600$3.4562747459858654e-07//
train_individual_losses$25600$tensor([6.4104e-08, 2.0455e-07, 3.3116e-06, 2.7687e-08, 5.2998e-07, 2.9748e-08,
        6.8533e-07, 3.8930e-08, 3.5971e-07, 2.1780e-08, 7.1657e-07, 4.0266e-08,
        8.0133e-08, 3.0159e-08, 1.9361e-07, 7.4981e-08, 1.4034e-07, 1.8136e-07,
        5.4332e-08, 1.2741e-07])//
train_examples$25600$8000.0//
train_loss$27200$1.487444038502872e-07//
train_individual_losses$27200$tensor([1.1044e-07, 1.7754e-07, 5.9478e-08, 2.8452e-08, 3.2224e-07, 2.7071e-08,
        4.1677e-08, 2.0110e-07, 4.2363e-07, 3.8591e-08, 4.3013e-07, 4.1419e-08,
        6.8687e-08, 6.7289e-08, 3.1982e-08, 1.6853e-07, 2.3587e-07, 3.3340e-08,
        1.8027e-07, 2.8716e-07])//
train_examples$27200$8000.0//
train_loss$28800$1.8167704110965134e-07//
train_individual_losses$28800$tensor([1.8605e-07, 1.0049e-07, 5.3220e-08, 2.6486e-07, 2.9070e-07, 4.2360e-08,
        2.3310e-07, 5.2726e-08, 1.8034e-07, 3.6029e-08, 1.1809e-07, 6.3377e-08,
        6.9354e-08, 4.0736e-07, 2.1231e-07, 4.1543e-07, 2.6920e-07, 1.6993e-07,
        4.2923e-07, 3.9390e-08])//
train_examples$28800$8000.0//
train_loss$30400$2.911587478592992e-07//
train_individual_losses$30400$tensor([3.9833e-08, 3.6780e-07, 3.9264e-08, 2.5046e-07, 6.0898e-08, 5.0481e-07,
        3.2920e-06, 3.2136e-08, 4.8668e-08, 1.3124e-08, 4.4541e-08, 4.3182e-08,
        3.8458e-08, 4.0154e-08, 2.4689e-07, 8.2423e-08, 7.7532e-08, 5.3339e-07,
        2.8859e-08, 3.8701e-08])//
train_examples$30400$8000.0//
train_loss$32000$1.654957188293338e-07//
train_individual_losses$32000$tensor([1.0393e-07, 3.3543e-07, 4.7117e-08, 4.0863e-08, 1.4184e-07, 9.9553e-07,
        2.4179e-08, 6.0383e-08, 1.3458e-07, 1.7500e-07, 1.2055e-07, 1.3265e-07,
        6.6836e-08, 8.7240e-08, 2.6537e-07, 1.6334e-07, 2.1797e-07, 3.0738e-08,
        7.1771e-08, 9.4578e-08])//
train_examples$32000$8000.0//
train_loss$33600$1.9284759182482957e-07//
train_individual_losses$33600$tensor([4.2337e-08, 3.6019e-07, 3.2989e-08, 1.9332e-08, 3.2983e-07, 4.3820e-07,
        2.3352e-07, 8.6528e-08, 4.3819e-07, 1.0873e-07, 1.7119e-07, 3.6928e-07,
        3.7431e-08, 1.3355e-07, 1.5029e-07, 4.3686e-07, 6.5762e-08, 1.4447e-07,
        1.5495e-07, 1.0332e-07])//
train_examples$33600$8000.0//
train_loss$35200$7.791406940668821e-07//
train_individual_losses$35200$tensor([2.9181e-08, 1.9962e-07, 3.4441e-07, 4.8154e-06, 5.1051e-07, 1.1100e-06,
        2.1030e-06, 1.1799e-07, 6.8566e-08, 2.3881e-08, 6.9754e-07, 2.6634e-08,
        1.6517e-07, 1.3234e-08, 2.3663e-06, 3.4315e-07, 2.7011e-07, 2.0194e-06,
        1.8257e-07, 1.7607e-07])//
train_examples$35200$8000.0//
train_loss$36800$2.3653232492506504e-07//
train_individual_losses$36800$tensor([3.2220e-07, 1.8697e-06, 2.5813e-07, 3.6566e-07, 5.1806e-07, 8.5005e-09,
        1.6798e-08, 1.1438e-07, 2.5079e-07, 6.2814e-08, 4.0222e-08, 1.5528e-07,
        2.3948e-07, 2.7990e-08, 2.5417e-08, 4.0086e-08, 9.5713e-08, 1.8429e-07,
        3.6176e-08, 9.8987e-08])//
train_examples$36800$8000.0//
train_loss$38400$2.678732387721539e-07//
train_individual_losses$38400$tensor([9.1871e-07, 2.0760e-07, 5.8001e-07, 6.5496e-07, 8.3785e-07, 5.1188e-08,
        1.2346e-07, 6.7325e-08, 8.6556e-08, 8.0429e-08, 1.6665e-07, 3.6258e-08,
        1.0042e-07, 1.0880e-08, 3.6738e-07, 4.7414e-07, 3.3005e-07, 1.4613e-07,
        2.5247e-08, 9.2236e-08])//
train_examples$38400$8000.0//
train_loss$40000$1.701881643384695e-07//
train_individual_losses$40000$tensor([2.8349e-08, 5.0997e-08, 1.6696e-07, 2.1129e-07, 1.0712e-07, 6.0119e-08,
        3.6987e-07, 1.0847e-07, 1.4798e-07, 1.8637e-07, 2.5574e-07, 4.9840e-08,
        8.0956e-08, 4.9353e-07, 5.1104e-07, 1.6310e-07, 1.1128e-07, 6.1520e-08,
        1.9874e-07, 4.0509e-08])//
train_examples$40000$8000.0//
train_loss$41600$1.1080922558903695e-07//
train_individual_losses$41600$tensor([2.1920e-07, 1.6488e-07, 2.3014e-07, 1.2242e-08, 2.1627e-07, 1.0914e-07,
        1.2456e-08, 3.8839e-07, 2.1835e-07, 1.0474e-07, 1.6427e-08, 7.3463e-08,
        2.4016e-08, 5.9583e-08, 2.8342e-08, 7.8128e-08, 1.5810e-07, 2.1964e-08,
        5.6817e-08, 2.3531e-08])//
train_examples$41600$8000.0//
train_loss$43200$2.0311600528657438e-07//
train_individual_losses$43200$tensor([6.0542e-07, 4.2047e-08, 6.6652e-08, 1.9548e-08, 1.5679e-07, 2.0960e-07,
        4.8210e-08, 2.6985e-08, 8.1364e-07, 6.9375e-08, 1.8263e-07, 2.2496e-08,
        2.5159e-07, 1.1868e-07, 2.5776e-08, 1.0442e-06, 2.1636e-07, 7.4309e-08,
        1.6626e-08, 5.1417e-08])//
train_examples$43200$8000.0//
train_loss$44800$2.7265618555247786e-07//
train_individual_losses$44800$tensor([1.2009e-07, 7.6944e-08, 2.6054e-07, 1.0889e-08, 4.1320e-08, 6.6720e-09,
        1.5392e-06, 1.3172e-07, 3.7129e-07, 3.5352e-08, 1.8918e-08, 3.6126e-07,
        1.6858e-06, 1.0147e-07, 5.2920e-08, 3.1747e-08, 1.6389e-07, 1.7001e-07,
        1.5049e-07, 1.2261e-07])//
train_examples$44800$8000.0//
train_loss$46400$1.7861914820969105e-07//
train_individual_losses$46400$tensor([1.3158e-07, 2.5431e-07, 2.0691e-07, 9.5996e-07, 2.4645e-08, 1.1198e-06,
        5.1351e-08, 7.9616e-08, 7.2042e-08, 1.7462e-08, 3.6651e-08, 1.7891e-08,
        2.2020e-08, 8.8181e-08, 3.2157e-08, 4.0096e-08, 3.9686e-08, 3.8589e-08,
        1.5664e-08, 3.2379e-07])//
train_examples$46400$8000.0//
train_loss$48000$2.6701977476477625e-07//
train_individual_losses$48000$tensor([9.7111e-08, 2.4274e-07, 3.2481e-07, 6.3139e-09, 3.2090e-07, 5.7561e-08,
        1.9735e-08, 2.3280e-07, 4.3936e-08, 5.6833e-07, 3.2556e-07, 7.3197e-07,
        1.5587e-08, 1.2706e-08, 2.4404e-08, 1.6857e-06, 3.1826e-07, 1.1938e-07,
        4.2483e-08, 1.5013e-07])//
train_examples$48000$8000.0//
train_loss$49600$1.8699035281315445e-07//
train_individual_losses$49600$tensor([2.6392e-08, 2.2974e-07, 2.1989e-07, 8.5348e-07, 1.0195e-07, 2.2329e-07,
        7.0783e-09, 3.8391e-07, 1.6361e-07, 9.5376e-09, 1.3892e-08, 1.6527e-08,
        6.0159e-08, 9.9793e-09, 1.8104e-08, 7.8843e-07, 4.4298e-07, 8.6624e-08,
        1.3439e-08, 7.0808e-08])//
train_examples$49600$8000.0//
train_loss$51200$1.4506730949506163e-07//
train_individual_losses$51200$tensor([8.2520e-08, 7.7581e-08, 1.6728e-08, 1.8707e-06, 1.1842e-07, 4.3053e-08,
        7.3307e-08, 1.2371e-07, 4.8616e-08, 1.0064e-08, 1.1473e-08, 3.0110e-08,
        3.2892e-08, 3.5194e-08, 2.0357e-08, 6.0327e-08, 7.2434e-08, 1.3734e-08,
        5.5224e-08, 1.0494e-07])//
train_examples$51200$8000.0//
train_loss$52800$3.710947697982192e-07//
train_individual_losses$52800$tensor([1.7259e-07, 2.5760e-08, 5.7023e-07, 1.0456e-06, 2.0807e-07, 2.9104e-07,
        1.7087e-06, 2.2728e-07, 4.3669e-08, 9.4540e-08, 9.8606e-07, 1.6621e-07,
        5.9428e-08, 5.6282e-07, 1.6999e-07, 4.7946e-07, 3.5106e-07, 1.1464e-07,
        7.4601e-08, 7.0170e-08])//
train_examples$52800$8000.0//
train_loss$54400$1.3383275363594295e-07//
train_individual_losses$54400$tensor([1.1778e-07, 2.5909e-08, 3.5431e-08, 4.9885e-08, 1.9243e-08, 2.8870e-08,
        1.5893e-08, 4.0638e-07, 4.0078e-07, 7.6094e-08, 2.2307e-08, 1.0561e-07,
        7.4322e-08, 4.5663e-08, 1.8827e-07, 5.4761e-08, 3.0251e-07, 8.4549e-08,
        5.0476e-07, 1.1762e-07])//
train_examples$54400$8000.0//
train_loss$56000$3.3506748732179405e-07//
train_individual_losses$56000$tensor([2.5377e-07, 7.6352e-07, 4.9985e-07, 7.2528e-07, 2.9433e-08, 1.3294e-06,
        1.1473e-07, 4.4094e-07, 4.4992e-07, 1.3238e-07, 9.0070e-08, 8.7983e-07,
        3.6558e-08, 1.2525e-08, 5.0447e-07, 7.1360e-08, 2.9297e-08, 1.2070e-07,
        1.8931e-07, 2.7993e-08])//
train_examples$56000$8000.0//
train_loss$57600$3.6027533933520315e-07//
train_individual_losses$57600$tensor([1.4470e-06, 4.9499e-07, 1.3057e-07, 5.4535e-07, 1.4776e-07, 3.4093e-08,
        3.6723e-07, 1.3257e-07, 9.8327e-07, 2.0221e-08, 1.0666e-08, 3.6954e-07,
        4.1531e-07, 3.4382e-08, 5.2978e-07, 1.3244e-07, 2.2665e-07, 3.6584e-07,
        8.4035e-08, 7.3385e-07])//
train_examples$57600$8000.0//
train_loss$59200$1.4289522077888252e-07//
train_individual_losses$59200$tensor([1.7526e-08, 2.2351e-08, 2.6273e-08, 8.7591e-08, 2.5777e-08, 3.1179e-08,
        1.6742e-07, 4.2661e-08, 3.4889e-08, 1.3468e-08, 2.4273e-07, 2.3129e-07,
        1.5464e-07, 4.7752e-07, 3.1520e-07, 3.4030e-07, 6.0784e-08, 6.8928e-08,
        1.5596e-07, 3.4141e-07])//
train_examples$59200$8000.0//
train_loss$60800$6.806889432482422e-08//
train_individual_losses$60800$tensor([2.0148e-08, 1.7977e-07, 3.4112e-07, 1.0244e-08, 2.4442e-08, 9.7169e-08,
        9.6791e-08, 2.5777e-08, 2.8391e-08, 1.2760e-07, 1.1703e-07, 7.0091e-08,
        1.2017e-08, 1.2843e-08, 2.9019e-08, 3.5326e-08, 3.3124e-08, 2.0851e-08,
        1.6480e-08, 6.3142e-08])//
train_examples$60800$8000.0//
train_loss$62400$5.965580348856747e-08//
train_individual_losses$62400$tensor([2.0392e-08, 1.8961e-07, 5.9291e-08, 7.0878e-08, 1.8610e-08, 1.2521e-08,
        5.3527e-09, 8.2913e-08, 5.5747e-08, 8.4209e-09, 5.4547e-08, 6.6153e-08,
        1.5967e-08, 2.6112e-08, 2.2883e-07, 1.4228e-07, 2.4449e-08, 4.0212e-08,
        1.3488e-08, 5.7341e-08])//
train_examples$62400$8000.0//
train_loss$64000$4.787764977663756e-07//
train_individual_losses$64000$tensor([2.3612e-06, 4.8084e-07, 8.9919e-09, 8.2649e-09, 2.3645e-07, 1.6574e-06,
        1.9286e-08, 1.5020e-07, 1.1108e-06, 1.0619e-06, 2.1889e-08, 3.7076e-07,
        1.5122e-08, 7.6176e-09, 1.3713e-07, 2.8066e-08, 5.0495e-08, 1.4473e-07,
        5.8761e-07, 1.1167e-06])//
train_examples$64000$8000.0//
train_loss$65600$8.96779471077025e-08//
train_individual_losses$65600$tensor([3.6196e-07, 2.3854e-08, 1.3072e-07, 1.0343e-07, 1.4359e-07, 1.8389e-08,
        4.7122e-09, 5.9474e-08, 1.7322e-08, 1.3211e-08, 4.5332e-08, 2.0029e-07,
        4.0811e-08, 3.2647e-08, 1.0546e-07, 9.1408e-08, 1.5638e-07, 3.4233e-08,
        1.9639e-08, 1.9070e-07])//
train_examples$65600$8000.0//
train_loss$67200$1.0251986095681787e-07//
train_individual_losses$67200$tensor([1.6588e-07, 3.4083e-08, 1.2088e-08, 1.0307e-08, 3.3364e-07, 9.8208e-08,
        4.2442e-09, 9.8043e-08, 3.6844e-08, 2.2783e-08, 1.2588e-07, 1.1004e-07,
        4.9498e-07, 8.0777e-09, 1.2248e-07, 1.7996e-08, 1.0185e-07, 9.3297e-08,
        5.5603e-08, 1.0407e-07])//
train_examples$67200$8000.0//
train_loss$68800$2.778584370389581e-07//
train_individual_losses$68800$tensor([1.0653e-07, 8.6096e-07, 8.0571e-07, 1.5383e-08, 1.7615e-07, 6.4902e-08,
        8.9690e-07, 1.1354e-06, 1.5056e-07, 8.5831e-09, 3.7069e-07, 1.7766e-07,
        1.9679e-08, 8.1852e-09, 1.3099e-07, 1.9512e-08, 1.3850e-07, 4.5126e-07,
        8.0588e-09, 1.1572e-08])//
train_examples$68800$8000.0//
train_loss$70400$3.3085402101278305e-07//
train_individual_losses$70400$tensor([1.7059e-08, 6.0235e-08, 1.3952e-07, 2.0712e-08, 5.1366e-07, 5.0998e-07,
        7.9979e-08, 4.6568e-07, 2.1376e-08, 1.1556e-07, 3.5521e-08, 1.7719e-08,
        7.6331e-07, 2.3804e-08, 1.8956e-06, 7.5843e-08, 1.2523e-07, 1.1875e-06,
        8.5219e-08, 4.6358e-07])//
train_examples$70400$8000.0//
train_loss$72000$2.737083239480853e-07//
train_individual_losses$72000$tensor([1.6929e-08, 2.5610e-08, 1.0744e-06, 8.6423e-09, 2.1294e-07, 1.3028e-07,
        9.6177e-08, 3.1530e-08, 1.4028e-06, 9.5568e-08, 2.0585e-07, 2.0662e-08,
        2.0077e-07, 4.1485e-07, 1.5532e-08, 1.3136e-06, 1.2322e-07, 6.6107e-09,
        7.2558e-09, 7.0937e-08])//
train_examples$72000$8000.0//
train_loss$73600$2.3799219634383916e-07//
train_individual_losses$73600$tensor([1.7463e-08, 1.0584e-06, 8.7597e-07, 6.5810e-09, 1.8357e-07, 4.1417e-07,
        1.3931e-07, 2.8243e-08, 1.7439e-08, 9.4060e-08, 5.7512e-09, 3.0374e-07,
        3.1006e-08, 6.5076e-08, 4.0385e-07, 2.6374e-07, 8.5292e-08, 7.0254e-07,
        4.8227e-08, 1.5446e-08])//
train_examples$73600$8000.0//
train_loss$75200$1.49533711373806e-07//
train_individual_losses$75200$tensor([1.8923e-07, 1.1541e-07, 3.2612e-08, 1.8880e-07, 5.1737e-07, 1.8859e-08,
        5.3389e-08, 6.5929e-08, 3.3373e-07, 6.6116e-08, 1.3509e-08, 1.4843e-07,
        7.6872e-09, 1.2084e-07, 1.5466e-07, 1.1365e-07, 6.4329e-07, 1.3943e-08,
        6.7999e-09, 1.8642e-07])//
train_examples$75200$8000.0//
train_loss$76800$4.857382271438837e-07//
train_individual_losses$76800$tensor([1.5201e-08, 2.9686e-08, 4.1565e-08, 2.8399e-06, 4.9777e-07, 8.6619e-07,
        2.6612e-06, 1.6209e-06, 3.0619e-08, 6.7031e-08, 2.0389e-07, 4.0760e-08,
        1.9551e-08, 1.2638e-08, 3.8215e-08, 1.0199e-07, 1.6239e-07, 3.4149e-07,
        1.1246e-07, 1.1351e-08])//
train_examples$76800$8000.0//
train_loss$78400$2.6978214737027884e-07//
train_individual_losses$78400$tensor([1.3370e-06, 1.7235e-06, 3.8175e-08, 9.8362e-08, 5.7070e-08, 4.1176e-07,
        8.9325e-09, 1.7144e-07, 7.3791e-08, 7.6976e-09, 1.5012e-08, 1.0934e-07,
        7.2446e-08, 7.2502e-09, 7.8287e-07, 2.3062e-07, 1.2331e-07, 1.9970e-08,
        5.4531e-09, 1.0165e-07])//
train_examples$78400$8000.0//
train_loss$80000$4.819842521101237e-07//
train_individual_losses$80000$tensor([8.2107e-08, 9.5007e-07, 7.9314e-09, 6.2854e-08, 7.6019e-07, 5.7158e-07,
        3.9395e-08, 9.7643e-08, 3.8437e-07, 1.3880e-06, 8.5001e-08, 2.4791e-08,
        3.2134e-08, 4.6483e-07, 1.7397e-06, 1.7041e-08, 1.0221e-07, 1.1586e-06,
        2.4321e-07, 1.4280e-06])//
train_examples$80000$8000.0//
train_loss$81600$1.6432240372523666e-07//
train_individual_losses$81600$tensor([1.4689e-06, 1.1486e-08, 4.5877e-08, 4.4623e-09, 2.2561e-08, 1.3138e-07,
        1.0641e-07, 5.8705e-08, 3.5224e-08, 3.0803e-08, 1.6441e-08, 3.1388e-07,
        9.2810e-09, 5.1112e-08, 1.1384e-08, 8.6328e-08, 2.9465e-08, 6.9988e-07,
        5.1490e-09, 1.4771e-07])//
train_examples$81600$8000.0//
train_loss$83200$1.6368946526199578e-07//
train_individual_losses$83200$tensor([5.8958e-08, 1.6947e-08, 1.1109e-07, 1.8999e-08, 2.8931e-08, 4.0238e-08,
        3.4406e-09, 2.0471e-08, 4.4294e-08, 5.2092e-08, 1.3646e-06, 1.5071e-07,
        9.7551e-09, 1.6695e-07, 1.8334e-07, 6.0346e-08, 2.9706e-07, 3.0453e-07,
        5.5408e-09, 3.3553e-07])//
train_examples$83200$8000.0//
train_loss$84800$1.9496321910992264e-07//
train_individual_losses$84800$tensor([1.8149e-07, 1.1047e-08, 1.1532e-06, 8.0684e-09, 8.4417e-07, 1.7519e-08,
        5.6584e-08, 3.0547e-08, 1.4973e-08, 5.0028e-08, 2.9670e-07, 1.4356e-08,
        1.9516e-07, 7.9612e-08, 1.4536e-08, 2.8654e-07, 1.9806e-08, 8.2120e-09,
        1.0713e-07, 5.0957e-07])//
train_examples$84800$8000.0//
train_loss$86400$2.579540945589542e-07//
train_individual_losses$86400$tensor([1.7786e-06, 5.5435e-07, 4.4294e-09, 2.6847e-07, 2.0249e-08, 4.9067e-07,
        2.4771e-08, 3.1138e-07, 5.1070e-07, 1.2435e-07, 9.6645e-09, 3.4941e-08,
        8.4746e-09, 6.0162e-07, 1.5624e-08, 8.1673e-09, 1.8417e-08, 1.6995e-08,
        2.8948e-07, 6.7727e-08])//
train_examples$86400$8000.0//
train_loss$88000$1.6933925217017532e-07//
train_individual_losses$88000$tensor([3.0987e-08, 3.8247e-08, 1.3620e-08, 1.4598e-07, 2.2910e-08, 3.3677e-09,
        1.2398e-08, 6.0557e-08, 6.6134e-07, 8.1321e-08, 4.5185e-09, 3.5154e-08,
        9.6079e-09, 8.6484e-09, 7.5657e-07, 2.6134e-07, 2.1207e-07, 6.1754e-07,
        2.1178e-07, 1.9883e-07])//
train_examples$88000$8000.0//
train_loss$89600$4.037204198539257e-07//
train_individual_losses$89600$tensor([5.3842e-07, 1.2863e-06, 5.8594e-07, 5.2151e-08, 5.6744e-07, 1.3657e-07,
        4.6384e-07, 3.3209e-08, 1.2266e-06, 8.9641e-07, 3.0659e-08, 1.8192e-08,
        6.2349e-08, 1.0062e-06, 2.2657e-07, 2.7309e-08, 6.4406e-07, 2.2124e-07,
        5.4524e-09, 4.5462e-08])//
train_examples$89600$8000.0//
train_loss$91200$1.8971327226608993e-07//
train_individual_losses$91200$tensor([3.4868e-08, 2.1250e-07, 4.5222e-08, 4.5776e-09, 1.9810e-08, 4.5905e-09,
        3.2004e-09, 1.5180e-08, 1.5410e-08, 7.3429e-08, 3.9182e-09, 1.7504e-06,
        7.8271e-09, 1.7643e-07, 4.2731e-07, 2.3256e-07, 2.1395e-07, 1.2229e-07,
        3.3956e-08, 3.9687e-07])//
train_examples$91200$8000.0//
train_loss$92800$2.758563263341784e-07//
train_individual_losses$92800$tensor([3.8264e-08, 5.4602e-08, 1.5576e-07, 2.9388e-09, 8.3275e-07, 1.4599e-07,
        7.9517e-08, 1.2161e-06, 3.6915e-07, 6.9533e-09, 3.9211e-08, 1.0608e-06,
        9.0380e-08, 3.4871e-08, 3.4761e-08, 1.6514e-08, 4.6870e-08, 7.7290e-08,
        1.0261e-06, 1.8838e-07])//
train_examples$92800$8000.0//
train_loss$94400$2.318082144483924e-07//
train_individual_losses$94400$tensor([3.6794e-07, 1.6487e-08, 1.3204e-07, 1.6236e-08, 5.9524e-08, 4.3193e-09,
        1.5598e-08, 5.4258e-08, 1.3709e-08, 1.6239e-07, 2.1512e-08, 3.8365e-07,
        3.3994e-08, 1.3513e-06, 7.9295e-07, 3.7921e-07, 1.1532e-07, 1.0664e-08,
        6.0804e-09, 6.9895e-07])//
train_examples$94400$8000.0//
train_loss$96000$3.621209179982543e-07//
train_individual_losses$96000$tensor([4.7387e-07, 5.2545e-08, 1.7792e-06, 3.2062e-07, 1.1307e-06, 1.5402e-08,
        1.2201e-08, 1.1687e-07, 1.9993e-07, 5.2606e-08, 7.9940e-09, 1.5515e-08,
        1.5932e-07, 7.7736e-08, 6.5202e-07, 4.0555e-07, 8.4310e-07, 4.7228e-07,
        1.1345e-08, 4.4368e-07])//
train_examples$96000$8000.0//
train_loss$97600$3.345012199133635e-07//
train_individual_losses$97600$tensor([3.8350e-07, 9.5139e-07, 2.3253e-08, 5.5536e-08, 1.5646e-07, 7.4920e-07,
        6.9332e-09, 5.4518e-07, 1.6554e-06, 4.9236e-08, 1.1571e-07, 1.7456e-07,
        7.7851e-07, 2.1606e-08, 3.9754e-08, 4.7978e-08, 2.0222e-08, 5.8024e-09,
        2.7130e-07, 6.3850e-07])//
train_examples$97600$8000.0//
train_loss$99200$1.8904345342889427e-07//
train_individual_losses$99200$tensor([6.3906e-07, 2.0331e-08, 1.3453e-08, 4.3360e-07, 3.9973e-07, 2.8418e-08,
        2.9880e-09, 5.9810e-08, 1.1242e-07, 9.9652e-09, 8.5353e-08, 4.0326e-07,
        7.5246e-07, 1.3187e-07, 9.9429e-08, 5.3917e-08, 2.8252e-07, 5.3886e-09,
        1.2160e-07, 1.2529e-07])//
train_examples$99200$8000.0//
train_loss$100800$1.0888038668781519e-07//
train_individual_losses$100800$tensor([4.1915e-07, 3.6026e-08, 1.2835e-08, 2.7712e-07, 1.8228e-07, 3.8682e-09,
        2.7187e-09, 3.8473e-08, 3.3091e-08, 2.8952e-07, 4.9357e-08, 9.4865e-08,
        1.1107e-08, 2.2479e-08, 2.0646e-08, 1.5645e-08, 1.8475e-08, 2.1356e-08,
        6.0936e-07, 1.9234e-08])//
train_examples$100800$8000.0//
train_loss$102400$1.5868274495005607e-07//
train_individual_losses$102400$tensor([7.8412e-08, 5.8324e-08, 2.0564e-08, 4.5199e-07, 3.7817e-07, 1.4149e-08,
        3.3359e-09, 5.5785e-08, 1.4231e-07, 4.7162e-07, 1.4652e-08, 7.5080e-07,
        9.6795e-08, 4.3589e-08, 8.9829e-08, 2.8587e-08, 3.5256e-08, 9.0357e-08,
        1.1799e-07, 2.3113e-07])//
train_examples$102400$8000.0//
train_loss$104000$2.5286094751209023e-07//
train_individual_losses$104000$tensor([2.7191e-07, 8.8355e-08, 4.4327e-08, 7.9912e-08, 1.2722e-07, 4.3558e-08,
        2.5321e-07, 4.7182e-07, 1.5845e-08, 6.8528e-09, 5.2502e-08, 1.0226e-08,
        8.6711e-08, 1.1898e-07, 1.3346e-06, 4.9877e-08, 6.2806e-07, 1.0407e-08,
        5.3769e-08, 1.3090e-06])//
train_examples$104000$8000.0//
train_loss$105600$3.2330937683582306e-07//
train_individual_losses$105600$tensor([8.1821e-08, 2.9411e-06, 1.4574e-08, 6.8232e-09, 1.2002e-07, 4.0370e-08,
        1.7401e-06, 1.2127e-08, 3.1040e-07, 1.2547e-07, 5.9927e-08, 2.5531e-08,
        1.5071e-08, 1.9441e-07, 7.0358e-08, 2.8848e-08, 1.3463e-08, 1.7239e-07,
        4.6518e-07, 2.8219e-08])//
train_examples$105600$8000.0//
train_loss$107200$2.5655499193817375e-07//
train_individual_losses$107200$tensor([4.4048e-07, 1.2231e-08, 1.7016e-07, 1.5235e-08, 6.0067e-07, 3.9066e-09,
        3.9123e-07, 4.1321e-07, 3.3629e-07, 2.8040e-08, 9.5348e-09, 6.3365e-08,
        8.8201e-09, 1.5436e-07, 7.4083e-08, 8.4442e-08, 1.6844e-06, 2.2342e-07,
        7.6721e-08, 3.4046e-07])//
train_examples$107200$8000.0//
train_loss$108800$1.362980459816754e-07//
train_individual_losses$108800$tensor([1.7877e-08, 1.1909e-07, 1.8593e-07, 8.6694e-09, 3.3036e-07, 8.3231e-08,
        2.6297e-09, 1.3702e-07, 3.7375e-07, 2.3551e-08, 1.3417e-07, 1.2499e-08,
        2.9735e-07, 2.4500e-08, 3.4851e-08, 5.1601e-08, 6.3552e-07, 4.9331e-09,
        3.0957e-09, 2.4533e-07])//
train_examples$108800$8000.0//
train_loss$110400$2.0885413978248835e-07//
train_individual_losses$110400$tensor([1.3656e-07, 1.6195e-06, 7.2971e-07, 2.0531e-09, 3.8622e-07, 1.1362e-08,
        5.6826e-09, 5.8903e-08, 1.9750e-08, 1.3901e-08, 3.4288e-07, 1.2793e-07,
        2.3503e-07, 7.9372e-09, 1.9619e-08, 1.1233e-07, 8.3036e-08, 6.8783e-09,
        1.6337e-08, 2.4145e-07])//
train_examples$110400$8000.0//
train_loss$112000$2.014613477513194e-07//
train_individual_losses$112000$tensor([1.0019e-08, 1.2676e-07, 3.1024e-07, 2.8903e-07, 1.5443e-07, 4.7673e-07,
        2.2283e-07, 4.0781e-08, 3.9822e-08, 3.7793e-08, 2.9513e-08, 8.8545e-09,
        4.3006e-08, 5.1483e-08, 2.0951e-08, 4.2090e-08, 3.5783e-08, 4.5546e-07,
        1.6155e-06, 1.8170e-08])//
train_examples$112000$8000.0//
train_loss$113600$2.1723825484514237e-07//
train_individual_losses$113600$tensor([1.1441e-08, 3.7868e-07, 4.6294e-08, 2.0106e-09, 4.5401e-07, 3.6699e-09,
        3.8949e-07, 1.7046e-07, 5.3849e-08, 1.6928e-08, 2.7571e-07, 9.5794e-09,
        1.0752e-07, 7.1577e-07, 3.5976e-08, 1.4268e-07, 5.1914e-07, 2.3705e-08,
        4.8620e-09, 9.8299e-07])//
train_examples$113600$8000.0//
train_loss$115200$1.8306366400793194e-07//
train_individual_losses$115200$tensor([2.1498e-07, 8.8342e-09, 5.6202e-07, 7.2254e-07, 2.5677e-07, 3.7763e-08,
        6.0060e-08, 6.4789e-08, 1.6697e-08, 1.7707e-07, 2.7778e-09, 4.2029e-08,
        4.1582e-09, 6.3857e-08, 7.9325e-08, 9.4901e-07, 1.9524e-08, 4.0251e-08,
        2.2052e-07, 1.1829e-07])//
train_examples$115200$8000.0//
train_loss$116800$1.4876506756991148e-07//
train_individual_losses$116800$tensor([2.1379e-07, 6.5314e-09, 6.3680e-09, 4.7006e-09, 6.9708e-08, 4.0752e-09,
        9.1232e-09, 1.3852e-08, 2.6493e-08, 9.5831e-09, 3.7728e-08, 6.1719e-09,
        5.9595e-09, 7.7304e-09, 2.4846e-08, 1.4726e-06, 2.0598e-08, 4.8893e-08,
        5.5243e-07, 4.3416e-07])//
train_examples$116800$8000.0//
train_loss$118400$2.054430777207017e-07//
train_individual_losses$118400$tensor([1.4173e-08, 6.6984e-09, 1.8172e-08, 1.2956e-08, 3.3017e-07, 4.9851e-08,
        8.5175e-08, 2.5719e-08, 1.9531e-08, 1.2443e-07, 3.6326e-07, 1.6179e-08,
        2.4081e-07, 1.8822e-08, 1.9027e-08, 4.5513e-08, 2.1305e-06, 1.1659e-07,
        3.1417e-07, 1.5716e-07])//
train_examples$118400$8000.0//
train_loss$120000$2.1878783591091633e-07//
train_individual_losses$120000$tensor([2.2221e-07, 3.6321e-08, 5.7738e-09, 1.2097e-06, 1.6070e-08, 2.6978e-09,
        2.8681e-09, 2.8291e-07, 4.4469e-08, 1.5713e-08, 2.7301e-08, 9.3063e-07,
        1.2596e-07, 7.1063e-08, 1.6480e-07, 6.4165e-07, 1.1222e-08, 2.1860e-08,
        4.0687e-09, 5.3846e-07])//
train_examples$120000$8000.0//
train_loss$121600$2.1419383119791747e-07//
train_individual_losses$121600$tensor([2.2125e-07, 2.1668e-08, 2.3857e-07, 3.1530e-08, 1.5773e-08, 2.9699e-07,
        9.9508e-08, 1.3453e-07, 4.7114e-07, 6.8778e-09, 5.7153e-09, 6.6029e-09,
        1.9728e-06, 5.1041e-07, 1.0286e-08, 3.5039e-08, 1.7492e-07, 8.7433e-09,
        8.7217e-09, 1.2826e-08])//
train_examples$121600$8000.0//
train_loss$123200$2.7601991314440965e-07//
train_individual_losses$123200$tensor([2.2226e-07, 2.8237e-07, 2.0118e-07, 4.8980e-07, 3.3692e-07, 5.1559e-07,
        2.1516e-07, 6.9111e-08, 4.6457e-08, 1.7939e-08, 7.2686e-08, 5.9223e-08,
        2.5378e-08, 5.6026e-07, 1.1366e-06, 5.5436e-07, 3.4472e-07, 8.5067e-08,
        2.7522e-07, 1.0129e-08])//
train_examples$123200$8000.0//
train_loss$124800$1.715324237011373e-07//
train_individual_losses$124800$tensor([1.7447e-07, 7.7125e-09, 4.8862e-09, 4.2661e-07, 2.5348e-08, 1.0422e-08,
        7.2777e-09, 4.3002e-08, 8.7036e-08, 1.1642e-08, 8.4068e-09, 1.7818e-07,
        4.9418e-08, 1.8874e-08, 1.4984e-07, 6.3303e-07, 5.5217e-07, 4.4323e-09,
        6.6347e-07, 3.7442e-07])//
train_examples$124800$8000.0//
train_loss$126400$2.000004518777132e-07//
train_individual_losses$126400$tensor([3.3160e-08, 2.2471e-07, 3.2853e-08, 1.9337e-08, 8.7543e-08, 1.2440e-06,
        3.0307e-09, 5.7017e-08, 2.3409e-08, 3.6852e-07, 7.7365e-09, 5.1657e-07,
        9.3459e-07, 4.0305e-08, 5.7058e-09, 2.4572e-07, 3.0676e-08, 6.1623e-08,
        1.0436e-08, 5.3017e-08])//
train_examples$126400$8000.0//
train_loss$128000$8.575382526032626e-08//
train_individual_losses$128000$tensor([1.6269e-08, 4.9390e-08, 1.3026e-07, 2.1044e-07, 5.1902e-08, 2.3491e-07,
        3.6101e-08, 4.4313e-08, 5.3288e-08, 3.4268e-08, 3.0928e-08, 1.3597e-07,
        3.9638e-09, 3.8724e-07, 5.8599e-08, 7.6486e-09, 8.1781e-08, 2.2712e-08,
        4.3780e-08, 8.1318e-08])//
train_examples$128000$8000.0//
train_loss$129600$6.107103545218706e-08//
train_individual_losses$129600$tensor([9.2432e-08, 5.8055e-08, 1.6716e-08, 1.1614e-07, 2.5428e-08, 2.6031e-09,
        2.4232e-07, 7.3383e-08, 3.3420e-08, 4.9126e-08, 2.7123e-09, 4.4820e-09,
        9.4849e-09, 1.3500e-07, 2.0242e-08, 2.5126e-07, 3.3363e-08, 3.8034e-09,
        4.5026e-08, 6.4172e-09])//
train_examples$129600$8000.0//
train_loss$131200$2.3382443469017743e-07//
train_individual_losses$131200$tensor([7.2992e-08, 1.4310e-08, 1.0160e-07, 1.0414e-07, 1.6904e-08, 5.0928e-07,
        2.8401e-08, 2.4387e-07, 4.5972e-08, 1.0893e-07, 2.4051e-08, 2.6106e-08,
        3.1096e-06, 5.3910e-08, 1.4192e-08, 3.1677e-08, 1.6011e-08, 1.2144e-08,
        8.7641e-08, 5.4704e-08])//
train_examples$131200$8000.0//
train_loss$132800$2.7949968352913857e-07//
train_individual_losses$132800$tensor([3.4174e-07, 4.3274e-07, 2.7541e-09, 9.1622e-07, 1.1287e-06, 5.0560e-08,
        2.6899e-08, 7.8035e-07, 7.2635e-07, 4.1901e-08, 4.8544e-08, 2.6381e-08,
        5.4426e-08, 1.3349e-07, 5.3770e-07, 5.5239e-09, 1.1420e-07, 2.9516e-08,
        1.6853e-07, 2.3436e-08])//
train_examples$132800$8000.0//
train_loss$134400$1.8508461071178318e-07//
train_individual_losses$134400$tensor([1.2114e-07, 2.1234e-07, 1.5908e-06, 1.8242e-08, 1.6790e-08, 3.5516e-07,
        1.9981e-07, 9.7086e-09, 1.2731e-07, 5.2745e-08, 8.1386e-09, 2.2612e-07,
        3.4158e-09, 2.7472e-08, 4.2998e-08, 3.6242e-07, 4.7637e-08, 3.3984e-08,
        3.1426e-09, 2.4236e-07])//
train_examples$134400$8000.0//
train_loss$136000$1.305242069065571e-07//
train_individual_losses$136000$tensor([8.2539e-08, 1.0276e-06, 3.5719e-08, 4.7280e-08, 1.0598e-08, 2.6042e-09,
        2.0318e-07, 9.0037e-09, 1.2737e-07, 1.6420e-08, 5.1254e-09, 2.0186e-08,
        4.1439e-08, 6.7750e-09, 2.0183e-07, 4.9046e-07, 5.3757e-08, 1.7956e-08,
        3.8210e-08, 1.7245e-07])//
train_examples$136000$8000.0//
train_loss$137600$1.4076742809265852e-07//
train_individual_losses$137600$tensor([1.1296e-07, 1.2904e-07, 2.8686e-09, 2.7259e-08, 6.3638e-08, 4.2914e-09,
        2.6164e-08, 2.3665e-08, 8.0882e-09, 1.9722e-07, 5.0241e-09, 4.6478e-07,
        8.0374e-08, 1.5313e-07, 2.3888e-08, 1.7289e-07, 2.0043e-08, 5.2724e-07,
        7.3711e-07, 3.5682e-08])//
train_examples$137600$8000.0//
train_loss$139200$2.673655515536666e-07//
train_individual_losses$139200$tensor([3.0926e-08, 1.5679e-06, 4.7362e-09, 2.1531e-07, 8.9512e-07, 3.0095e-09,
        2.0861e-07, 2.0108e-07, 1.9521e-08, 3.2086e-08, 9.5677e-07, 5.1692e-09,
        2.9167e-09, 1.3843e-08, 5.5383e-07, 3.3638e-08, 1.9619e-08, 5.6770e-07,
        5.3291e-09, 1.0227e-08])//
train_examples$139200$8000.0//
train_loss$140800$1.6034237341955304e-07//
train_individual_losses$140800$tensor([1.6573e-08, 4.2034e-09, 2.6140e-09, 1.8242e-06, 3.2930e-08, 1.9804e-07,
        1.0291e-07, 4.8274e-08, 9.3241e-08, 2.6764e-08, 4.2688e-09, 1.2184e-07,
        1.4133e-08, 1.0666e-08, 1.2682e-07, 6.3620e-08, 2.3098e-07, 1.5079e-07,
        5.2400e-09, 1.2872e-07])//
train_examples$140800$8000.0//
train_loss$142400$1.1568452464416623e-07//
train_individual_losses$142400$tensor([1.3186e-08, 9.6399e-07, 4.3056e-07, 1.0647e-08, 3.0109e-08, 2.6481e-07,
        1.0935e-07, 1.0586e-08, 8.9614e-08, 1.1440e-08, 6.6908e-09, 4.5870e-09,
        5.7428e-08, 1.3216e-08, 2.2134e-08, 8.9586e-09, 1.0031e-07, 4.5095e-09,
        1.0672e-07, 5.4844e-08])//
train_examples$142400$8000.0//
train_loss$144000$2.1641692146658898e-07//
train_individual_losses$144000$tensor([2.2414e-07, 6.9197e-08, 2.0296e-08, 3.7449e-07, 6.6435e-07, 2.0734e-08,
        2.8601e-09, 1.5033e-08, 6.4825e-07, 4.1921e-08, 5.8611e-09, 4.2481e-09,
        2.2363e-08, 7.8254e-07, 3.2072e-07, 1.2241e-08, 3.4258e-07, 3.3286e-08,
        7.1165e-07, 1.1577e-08])//
train_examples$144000$8000.0//
train_loss$145600$1.886132755316794e-07//
train_individual_losses$145600$tensor([1.2056e-08, 3.5438e-07, 3.6398e-09, 1.6597e-08, 5.7829e-08, 8.0412e-07,
        9.7890e-09, 1.0772e-08, 1.6162e-08, 1.1622e-08, 5.0195e-08, 2.6009e-07,
        5.2566e-07, 1.5093e-08, 4.0052e-08, 4.3342e-09, 9.8798e-09, 1.0120e-07,
        1.4500e-06, 1.8834e-08])//
train_examples$145600$8000.0//
train_loss$147200$1.6944638919085265e-07//
train_individual_losses$147200$tensor([3.2936e-08, 1.0845e-08, 1.0490e-08, 9.1937e-09, 1.0310e-08, 2.2873e-06,
        4.5642e-07, 8.8926e-08, 2.2642e-08, 1.2129e-08, 1.1991e-08, 2.9397e-08,
        1.6313e-07, 1.0771e-08, 2.9671e-08, 1.4451e-07, 9.1003e-09, 3.3304e-08,
        3.5227e-09, 1.2307e-08])//
train_examples$147200$8000.0//
train_loss$148800$1.1374597670510412e-07//
train_individual_losses$148800$tensor([2.3499e-08, 4.4323e-09, 4.4645e-08, 3.9918e-07, 2.0542e-07, 1.0283e-06,
        1.5338e-07, 1.7490e-08, 7.2052e-08, 8.1410e-09, 2.5112e-09, 1.5224e-08,
        1.1555e-08, 3.9312e-08, 6.6876e-08, 1.8657e-08, 1.1812e-07, 1.0234e-08,
        9.9580e-09, 2.5955e-08])//
train_examples$148800$8000.0//
train_loss$150400$9.799386607483029e-08//
train_individual_losses$150400$tensor([5.7257e-08, 1.5027e-07, 2.7799e-08, 5.6737e-09, 1.6398e-08, 2.3723e-07,
        2.5878e-07, 2.7710e-08, 7.8155e-09, 1.1450e-08, 4.0238e-09, 9.4312e-08,
        4.0482e-09, 1.9345e-08, 1.8836e-08, 4.0949e-09, 8.4903e-09, 1.8178e-07,
        8.1701e-07, 7.5499e-09])//
train_examples$150400$8000.0//
train_loss$152000$1.0998864891007543e-07//
train_individual_losses$152000$tensor([8.6505e-09, 3.4962e-09, 3.5766e-07, 7.6103e-08, 7.8757e-08, 1.8185e-08,
        4.6324e-09, 2.4255e-07, 1.9049e-08, 4.7529e-08, 5.1617e-07, 5.5398e-09,
        3.7730e-09, 3.2518e-07, 4.9630e-08, 3.3721e-07, 9.0810e-09, 6.6132e-08,
        2.4223e-08, 6.2246e-09])//
train_examples$152000$8000.0//
train_loss$153600$3.483829088509083e-07//
train_individual_losses$153600$tensor([1.1396e-08, 1.5571e-06, 1.5010e-07, 4.6212e-07, 2.0918e-07, 4.1276e-07,
        3.3444e-07, 4.9256e-08, 2.2779e-07, 2.1745e-08, 7.7177e-09, 6.3344e-08,
        6.7397e-07, 5.1508e-07, 3.6753e-07, 1.9316e-07, 3.3732e-07, 1.2479e-06,
        1.1912e-07, 6.6390e-09])//
train_examples$153600$8000.0//
train_loss$155200$2.1414137445390224e-07//
train_individual_losses$155200$tensor([2.9183e-07, 7.7636e-09, 1.0800e-06, 2.1449e-09, 9.8331e-08, 6.8857e-09,
        6.6207e-08, 1.1125e-07, 2.3291e-07, 5.6986e-08, 1.5780e-08, 1.3374e-08,
        9.7588e-07, 5.6463e-09, 1.0219e-07, 4.3372e-07, 1.0827e-08, 6.9065e-07,
        4.2496e-09, 7.6156e-08])//
train_examples$155200$8000.0//
train_loss$156800$1.4502516714856028e-07//
train_individual_losses$156800$tensor([3.7533e-07, 2.2244e-07, 1.3374e-08, 2.7329e-07, 7.2160e-07, 4.8678e-07,
        3.4477e-07, 7.4002e-09, 1.3207e-08, 3.2770e-08, 9.7025e-09, 1.5267e-08,
        6.2312e-08, 6.9786e-08, 1.0974e-08, 7.9917e-09, 1.2435e-07, 6.1809e-08,
        4.0254e-08, 7.0895e-09])//
train_examples$156800$8000.0//
train_loss$158400$2.1513220854103566e-07//
train_individual_losses$158400$tensor([1.1935e-08, 5.4522e-09, 1.4029e-07, 5.3726e-08, 7.8901e-09, 6.2358e-08,
        1.1602e-08, 1.1882e-07, 1.9281e-06, 8.7350e-08, 1.0438e-07, 1.2668e-08,
        1.6466e-06, 5.4516e-09, 2.8838e-09, 2.4353e-08, 2.7250e-08, 5.7993e-09,
        3.0766e-08, 1.4894e-08])//
train_examples$158400$8000.0//
train_loss$160000$1.5363929560407997e-07//
train_individual_losses$160000$tensor([3.9655e-08, 1.9512e-08, 1.6586e-06, 1.0989e-08, 7.5689e-08, 4.2943e-07,
        1.5996e-08, 4.7317e-08, 7.3796e-09, 6.8363e-09, 4.5218e-08, 1.7885e-08,
        9.0438e-08, 6.2621e-08, 1.2229e-08, 4.3475e-09, 1.2738e-07, 1.1998e-08,
        2.3440e-07, 1.5483e-07])//
train_examples$160000$8000.0