train_loss$0$211.77097333333333//
train_individual_losses$0$tensor([195.6678, 203.4174, 218.9281, 212.9106, 199.1651, 303.3237, 205.5375,
        173.1904, 230.2111, 175.3582])//
train_examples$0$60000.0//
train_loss$9400$8.86595//
train_individual_losses$9400$tensor([8.8650, 7.5570, 9.2394, 8.7807, 8.3461, 9.6501, 7.9527, 9.5644, 9.2013,
        9.5028])//
train_examples$9400$60000.0//
train_loss$18800$6.990690833333334//
train_individual_losses$18800$tensor([7.3233, 5.8337, 6.6684, 6.6341, 6.5548, 7.5011, 6.0403, 8.0701, 7.4153,
        7.8659])//
train_examples$18800$60000.0//
train_loss$28200$6.156925416666667//
train_individual_losses$28200$tensor([6.7277, 5.1533, 5.7084, 6.0044, 5.7854, 6.5104, 5.2740, 6.9730, 6.3810,
        7.0517])//
train_examples$28200$60000.0//
train_loss$37600$5.585404583333333//
train_individual_losses$37600$tensor([5.9097, 4.6803, 5.0477, 5.6197, 5.3092, 6.0400, 4.7702, 6.3873, 5.7613,
        6.3286])//
train_examples$37600$60000.0//
train_loss$47000$5.230747916666667//
train_individual_losses$47000$tensor([5.3911, 4.4371, 4.6200, 5.3281, 4.9778, 5.7757, 4.3644, 6.0715, 5.4002,
        5.9416])//
train_examples$47000$60000.0//
train_loss$56400$4.97602625//
train_individual_losses$56400$tensor([5.0865, 4.2694, 4.2788, 5.0988, 4.6925, 5.6070, 4.0711, 5.8470, 5.1324,
        5.6771])//
train_examples$56400$60000.0//
train_loss$65800$4.7810620833333335//
train_individual_losses$65800$tensor([4.8872, 4.1124, 4.0393, 4.9220, 4.5210, 5.4669, 3.8280, 5.6413, 4.9324,
        5.4601])//
train_examples$65800$60000.0//
train_loss$75200$4.628019166666666//
train_individual_losses$75200$tensor([4.7597, 3.9593, 3.8640, 4.7764, 4.4089, 5.3524, 3.6534, 5.5050, 4.7539,
        5.2473])//
train_examples$75200$60000.0//
train_loss$84600$4.491569583333333//
train_individual_losses$84600$tensor([4.6409, 3.8250, 3.6997, 4.6424, 4.3239, 5.2462, 3.4848, 5.3965, 4.5942,
        5.0622])//
train_examples$84600$60000.0//
train_loss$94000$4.367871666666667//
train_individual_losses$94000$tensor([4.5654, 3.7220, 3.5474, 4.5006, 4.2497, 5.1047, 3.3538, 5.2589, 4.4634,
        4.9128])//
train_examples$94000$60000.0//
train_loss$103400$4.265852083333334//
train_individual_losses$103400$tensor([4.5038, 3.6388, 3.4377, 4.3776, 4.1951, 4.9990, 3.2471, 5.1216, 4.3391,
        4.7985])//
train_examples$103400$60000.0//
train_loss$112800$4.166671666666667//
train_individual_losses$112800$tensor([4.4239, 3.5567, 3.3220, 4.2755, 4.1439, 4.8834, 3.1477, 4.9835, 4.2396,
        4.6906])//
train_examples$112800$60000.0//
train_loss$122200$4.0815279166666665//
train_individual_losses$122200$tensor([4.3464, 3.4824, 3.2204, 4.1896, 4.1057, 4.7667, 3.0556, 4.8720, 4.1496,
        4.6270])//
train_examples$122200$60000.0//
train_loss$131600$3.991925//
train_individual_losses$131600$tensor([4.2734, 3.4076, 3.1076, 4.0898, 4.0670, 4.6556, 2.9723, 4.7418, 4.0762,
        4.5279])//
train_examples$131600$60000.0//
train_loss$141000$3.9111195833333334//
train_individual_losses$141000$tensor([4.2059, 3.3435, 3.0390, 3.9990, 4.0338, 4.5473, 2.8932, 4.6114, 3.9757,
        4.4624])//
train_examples$141000$60000.0//
train_loss$150400$3.8338566666666667//
train_individual_losses$150400$tensor([4.1492, 3.2971, 2.9030, 3.9242, 4.0024, 4.4709, 2.8009, 4.4893, 3.8927,
        4.4087])//
train_examples$150400$60000.0//
train_loss$159800$3.76162875//
train_individual_losses$159800$tensor([4.0635, 3.2564, 2.8073, 3.8479, 3.9684, 4.4047, 2.7176, 4.3958, 3.8080,
        4.3467])//
train_examples$159800$60000.0//
train_loss$169200$3.690944583333333//
train_individual_losses$169200$tensor([3.9358, 3.1900, 2.7048, 3.7830, 3.9336, 4.3610, 2.6514, 4.3064, 3.7362,
        4.3072])//
train_examples$169200$60000.0//
train_loss$178600$3.6229625//
train_individual_losses$178600$tensor([3.8473, 3.1567, 2.5757, 3.7357, 3.8653, 4.3070, 2.5911, 4.2266, 3.6672,
        4.2571])//
train_examples$178600$60000.0//
train_loss$188000$3.554508333333333//
train_individual_losses$188000$tensor([3.7748, 3.1231, 2.4636, 3.6997, 3.7148, 4.2678, 2.5418, 4.1451, 3.5991,
        4.2154])//
train_examples$188000$60000.0//
train_loss$197400$3.494501458333333//
train_individual_losses$197400$tensor([3.7265, 3.0896, 2.3729, 3.6546, 3.5952, 4.2399, 2.4899, 4.0640, 3.5461,
        4.1664])//
train_examples$197400$60000.0//
train_loss$206800$3.449467708333333//
train_individual_losses$206800$tensor([3.7094, 3.0701, 2.2961, 3.6272, 3.5143, 4.2170, 2.4446, 4.0052, 3.5030,
        4.1079])//
train_examples$206800$60000.0//
train_loss$216200$3.400916666666667//
train_individual_losses$216200$tensor([3.6629, 3.0312, 2.2359, 3.5970, 3.4460, 4.1910, 2.3953, 3.9374, 3.4773,
        4.0350])//
train_examples$216200$60000.0//
train_loss$225600$3.3581110416666666//
train_individual_losses$225600$tensor([3.6478, 2.9882, 2.1798, 3.5743, 3.3925, 4.1705, 2.3531, 3.8918, 3.4384,
        3.9448])//
train_examples$225600$60000.0//
train_loss$235000$3.32457125//
train_individual_losses$235000$tensor([3.6308, 2.9756, 2.1458, 3.5479, 3.3503, 4.1538, 2.3129, 3.8529, 3.4062,
        3.8695])//
train_examples$235000$60000.0//
train_loss$244400$3.2891391666666667//
train_individual_losses$244400$tensor([3.6023, 2.9345, 2.0957, 3.5270, 3.2955, 4.1331, 2.2697, 3.8371, 3.3674,
        3.8292])//
train_examples$244400$60000.0//
train_loss$253800$3.2546675//
train_individual_losses$253800$tensor([3.5861, 2.9034, 2.0662, 3.5054, 3.2581, 4.1093, 2.2023, 3.7962, 3.3488,
        3.7709])//
train_examples$253800$60000.0//
train_loss$263200$3.2194610416666665//
train_individual_losses$263200$tensor([3.5542, 2.8704, 2.0377, 3.4773, 3.2367, 4.0952, 2.1363, 3.7559, 3.3128,
        3.7182])//
train_examples$263200$60000.0//
train_loss$272600$3.1871985416666666//
train_individual_losses$272600$tensor([3.5267, 2.8484, 1.9956, 3.4557, 3.1949, 4.0772, 2.0641, 3.7318, 3.2893,
        3.6883])//
train_examples$272600$60000.0//
train_loss$282000$3.149504375//
train_individual_losses$282000$tensor([3.4840, 2.8253, 1.9675, 3.4245, 3.1628, 4.0646, 1.9995, 3.7071, 3.2560,
        3.6038])//
train_examples$282000$60000.0//
train_loss$291400$3.1216385416666665//
train_individual_losses$291400$tensor([3.4463, 2.8037, 1.9391, 3.4019, 3.1467, 4.0516, 1.9413, 3.6964, 3.2270,
        3.5624])//
train_examples$291400$60000.0//
train_loss$300800$3.0983733333333334//
train_individual_losses$300800$tensor([3.4442, 2.7827, 1.9306, 3.3785, 3.1205, 4.0444, 1.8987, 3.6757, 3.1916,
        3.5168])//
train_examples$300800$60000.0//
train_loss$310200$3.0691347916666665//
train_individual_losses$310200$tensor([3.4073, 2.7726, 1.8899, 3.3591, 3.1025, 4.0243, 1.8561, 3.6551, 3.1468,
        3.4775])//
train_examples$310200$60000.0//
train_loss$319600$3.0445547916666666//
train_individual_losses$319600$tensor([3.3829, 2.7476, 1.8745, 3.3305, 3.0843, 4.0181, 1.8226, 3.6433, 3.0999,
        3.4417])//
train_examples$319600$60000.0//
train_loss$329000$3.017183541666667//
train_individual_losses$329000$tensor([3.3655, 2.7256, 1.8524, 3.3039, 3.0538, 4.0070, 1.7702, 3.6303, 3.0568,
        3.4063])//
train_examples$329000$60000.0//
train_loss$338400$2.9945814583333332//
train_individual_losses$338400$tensor([3.3583, 2.7066, 1.8328, 3.2842, 3.0261, 3.9953, 1.7280, 3.6133, 3.0218,
        3.3793])//
train_examples$338400$60000.0//
train_loss$347800$2.970759375//
train_individual_losses$347800$tensor([3.3316, 2.6885, 1.8150, 3.2614, 2.9887, 3.9851, 1.6879, 3.6015, 2.9907,
        3.3572])//
train_examples$347800$60000.0//
train_loss$357200$2.9505160416666665//
train_individual_losses$357200$tensor([3.3100, 2.6503, 1.8040, 3.2423, 2.9689, 3.9692, 1.6628, 3.5897, 2.9780,
        3.3299])//
train_examples$357200$60000.0//
train_loss$366600$2.923825416666667//
train_individual_losses$366600$tensor([3.2910, 2.5818, 1.7839, 3.2231, 2.9503, 3.9577, 1.6319, 3.5742, 2.9353,
        3.3088])//
train_examples$366600$60000.0//
train_loss$376000$2.904809375//
train_individual_losses$376000$tensor([3.2728, 2.5417, 1.7721, 3.2030, 2.9357, 3.9601, 1.6058, 3.5607, 2.9165,
        3.2797])//
train_examples$376000$60000.0//
train_loss$385400$2.891637916666667//
train_individual_losses$385400$tensor([3.2667, 2.5087, 1.7632, 3.1869, 2.9342, 3.9457, 1.5874, 3.5573, 2.8994,
        3.2668])//
train_examples$385400$60000.0//
train_loss$394800$2.869800625//
train_individual_losses$394800$tensor([3.2372, 2.4795, 1.7522, 3.1679, 2.9014, 3.9316, 1.5573, 3.5445, 2.8779,
        3.2485])//
train_examples$394800$60000.0//
train_loss$404200$2.853345//
train_individual_losses$404200$tensor([3.2259, 2.4465, 1.7339, 3.1593, 2.8886, 3.9173, 1.5412, 3.5366, 2.8582,
        3.2259])//
train_examples$404200$60000.0//
train_loss$413600$2.8388//
train_individual_losses$413600$tensor([3.2096, 2.4313, 1.7295, 3.1444, 2.8763, 3.9067, 1.5261, 3.5138, 2.8458,
        3.2045])//
train_examples$413600$60000.0//
train_loss$423000$2.8280679166666665//
train_individual_losses$423000$tensor([3.2109, 2.4137, 1.7180, 3.1312, 2.8700, 3.8984, 1.5060, 3.5104, 2.8391,
        3.1830])//
train_examples$423000$60000.0//
train_loss$432400$2.8161052083333336//
train_individual_losses$432400$tensor([3.1987, 2.3966, 1.7117, 3.1158, 2.8690, 3.8970, 1.4953, 3.4866, 2.8192,
        3.1712])//
train_examples$432400$60000.0//
train_loss$441800$2.7994554166666665//
train_individual_losses$441800$tensor([3.1655, 2.3769, 1.6923, 3.1014, 2.8506, 3.8753, 1.4835, 3.4917, 2.8055,
        3.1517])//
train_examples$441800$60000.0//
train_loss$451200$2.787975416666667//
train_individual_losses$451200$tensor([3.1495, 2.3622, 1.6843, 3.0923, 2.8496, 3.8613, 1.4718, 3.4858, 2.7875,
        3.1354])//
train_examples$451200$60000.0//
train_loss$460600$2.774162291666667//
train_individual_losses$460600$tensor([3.1262, 2.3440, 1.6901, 3.0677, 2.8401, 3.8525, 1.4596, 3.4596, 2.7787,
        3.1232])//
train_examples$460600$60000.0//
train_loss$470000$2.76300625//
train_individual_losses$470000$tensor([3.1154, 2.3381, 1.6568, 3.0617, 2.8377, 3.8415, 1.4474, 3.4504, 2.7626,
        3.1185])//
train_examples$470000$60000.0