train_loss$0$62.83593066666667//
train_individual_losses$0$tensor([63.6771, 62.9955, 65.0121, 62.0243, 61.8528, 62.9264, 63.4156, 62.2926,
        63.3582, 62.8174, 62.7990, 61.8365, 61.1925, 63.4135, 62.2987, 62.1245,
        63.9978, 62.9446, 62.8047, 64.3186, 63.6809, 62.6552, 61.9179, 64.1022,
        62.9116, 62.6183, 62.5045, 62.4538, 62.1655, 62.6423, 62.9234, 62.6568,
        61.6895, 63.0925, 61.7463, 64.6001, 61.3314, 64.7625, 63.5532, 64.1285,
        63.6619, 62.1575, 62.4375, 59.5247, 63.0004, 63.6889, 63.3418, 62.8441,
        62.3533, 62.5482])//
train_examples$0$60000.0//
train_loss$9400$6.220598666666667//
train_individual_losses$9400$tensor([6.1361, 6.6129, 7.6090, 5.5169, 6.4341, 6.2859, 6.6893, 5.9958, 6.1734,
        5.8841, 4.5806, 6.7181, 6.3924, 6.6592, 5.0038, 6.0146, 7.7949, 6.3987,
        4.8694, 7.4567, 4.3650, 7.5504, 6.6947, 4.8938, 6.1284, 6.3463, 4.2755,
        5.0064, 4.6177, 4.7082, 7.1852, 6.8642, 7.8596, 6.4372, 6.7859, 7.2099,
        7.3778, 7.1132, 6.1917, 7.1832, 6.0424, 5.2016, 7.2603, 5.7277, 5.9467,
        4.8733, 5.2494, 7.1886, 6.8667, 6.6530])//
train_examples$9400$60000.0//
train_loss$18800$5.151441//
train_individual_losses$18800$tensor([5.4370, 5.7040, 7.1292, 4.8408, 5.6268, 5.3278, 5.6600, 5.3001, 5.0396,
        4.9821, 3.7694, 5.7150, 5.2700, 5.6446, 3.7694, 4.0412, 6.2803, 5.6431,
        3.6893, 6.0393, 3.3803, 6.4809, 5.4795, 3.9815, 5.3249, 5.5009, 3.3813,
        3.6098, 3.8719, 3.7002, 4.0140, 5.4512, 7.3180, 5.4640, 5.6080, 4.6951,
        7.0141, 5.7472, 5.4106, 5.7411, 5.1371, 3.8741, 6.3525, 4.9917, 5.2388,
        3.9164, 4.1872, 6.2057, 6.0424, 5.5426])//
train_examples$18800$60000.0//
train_loss$28200$4.595818666666666//
train_individual_losses$28200$tensor([5.1666, 5.2900, 6.9426, 4.1396, 5.4359, 4.9490, 5.1639, 5.0077, 4.6974,
        4.6690, 3.5467, 5.3715, 4.9115, 5.3356, 3.3280, 3.4424, 3.6354, 5.3490,
        3.3594, 5.5569, 3.1057, 3.4319, 4.9443, 3.6189, 4.9610, 5.0296, 3.1001,
        3.0537, 3.5962, 3.3187, 3.1655, 4.3415, 7.0396, 5.1789, 5.1213, 3.5467,
        6.8388, 5.4705, 5.1340, 3.8250, 4.8997, 3.4089, 5.9547, 4.7595, 4.9296,
        3.6132, 3.6101, 4.9216, 5.4898, 5.0839])//
train_examples$28200$60000.0//
train_loss$37600$4.330682666666666//
train_individual_losses$37600$tensor([4.9924, 4.9009, 6.8365, 3.8239, 5.2800, 4.7829, 4.9095, 4.8440, 4.5499,
        4.2816, 3.4226, 5.1473, 4.6971, 5.1479, 3.0766, 3.1563, 3.2612, 5.1319,
        3.2042, 5.2938, 2.9686, 2.9096, 4.7286, 3.4031, 4.7194, 4.7767, 2.9337,
        2.8921, 3.3632, 3.1264, 2.9336, 3.5580, 6.7365, 5.0375, 4.8222, 2.9390,
        6.7211, 5.1898, 4.9371, 3.0946, 4.7778, 3.1900, 5.5979, 4.6113, 4.7959,
        3.4313, 3.3577, 4.2568, 5.1660, 4.8182])//
train_examples$37600$60000.0//
train_loss$47000$4.165090666666667//
train_individual_losses$47000$tensor([4.7723, 4.3311, 6.7486, 3.6052, 5.1616, 4.6573, 4.7724, 4.7185, 4.4448,
        3.9669, 3.3177, 4.9793, 4.5394, 4.9859, 2.9607, 3.0245, 3.0851, 4.9678,
        3.0971, 5.1334, 2.8859, 2.7634, 4.6249, 3.1393, 4.5908, 4.6631, 2.8311,
        2.7908, 3.2089, 3.0206, 2.8014, 3.3610, 6.3826, 4.9334, 4.6762, 2.7465,
        6.6471, 4.9623, 4.7638, 2.8057, 4.6894, 3.0526, 5.5081, 4.4416, 4.7004,
        3.2661, 3.2145, 3.9057, 4.9323, 4.6754])//
train_examples$47000$60000.0//
train_loss$56400$4.023035666666667//
train_individual_losses$56400$tensor([4.6620, 3.9642, 6.6637, 3.4315, 5.0624, 4.4725, 4.6841, 4.5991, 4.3327,
        3.7789, 3.2340, 4.8643, 4.3858, 4.8530, 2.8838, 2.9340, 2.9941, 4.8442,
        3.0212, 5.0098, 2.8389, 2.6992, 4.5231, 2.9947, 4.4906, 4.5892, 2.7689,
        2.7213, 3.1104, 2.9435, 2.7359, 3.2593, 4.9522, 4.8658, 4.5953, 2.6647,
        6.5820, 4.8102, 4.6433, 2.6772, 4.6174, 2.9956, 5.2758, 4.1618, 4.6452,
        3.1227, 3.1381, 3.6965, 4.7878, 4.5699])//
train_examples$56400$60000.0//
train_loss$65800$3.8942046666666665//
train_individual_losses$65800$tensor([4.6039, 3.7822, 6.5975, 3.3307, 4.9775, 4.1184, 4.6242, 4.4375, 3.9191,
        3.5607, 3.1693, 4.7764, 4.1568, 4.7517, 2.8155, 2.8826, 2.9397, 4.7735,
        2.9782, 4.8934, 2.8080, 2.6579, 4.2615, 2.9067, 4.3598, 4.5470, 2.7362,
        2.6785, 3.0257, 2.8804, 2.6940, 3.1949, 3.7235, 4.8222, 4.5305, 2.6237,
        6.5231, 4.7009, 4.5476, 2.6110, 4.5653, 2.9650, 5.1626, 3.8539, 4.6044,
        2.9915, 3.0992, 3.3734, 4.6773, 4.4955])//
train_examples$65800$60000.0//
train_loss$75200$3.7965293333333334//
train_individual_losses$75200$tensor([4.5568, 3.6726, 6.5678, 3.2697, 4.9136, 3.9597, 4.5658, 4.2275, 3.7198,
        3.2502, 3.1102, 4.6927, 4.0013, 4.6636, 2.7742, 2.8203, 2.9007, 4.7314,
        2.9253, 4.7314, 2.7838, 2.6286, 4.0035, 2.8519, 3.9947, 4.5248, 2.6995,
        2.6530, 2.9185, 2.8110, 2.6637, 3.1507, 3.2076, 4.7853, 4.4800, 2.5979,
        6.4672, 4.6262, 4.4802, 2.5707, 4.5187, 2.9364, 5.0791, 3.6244, 4.5856,
        2.9023, 3.0629, 3.1444, 4.6054, 4.4136])//
train_examples$75200$60000.0//
train_loss$84600$3.7165126666666666//
train_individual_losses$84600$tensor([4.5205, 3.5874, 6.4918, 3.2060, 4.8657, 3.8172, 4.5159, 3.9071, 3.5869,
        3.0441, 3.0368, 4.6205, 3.8860, 4.6001, 2.7359, 2.7748, 2.8756, 4.6826,
        2.8782, 4.6351, 2.7610, 2.6107, 3.8642, 2.8209, 3.6995, 4.4885, 2.6714,
        2.6313, 2.8564, 2.7507, 2.6400, 3.1099, 2.9618, 4.7602, 4.4394, 2.5686,
        6.4138, 4.5560, 4.4154, 2.5288, 4.4685, 2.9131, 4.9339, 3.4282, 4.5516,
        2.8297, 3.0162, 3.0124, 4.5631, 4.2923])//
train_examples$84600$60000.0//
train_loss$94000$3.6510036666666665//
train_individual_losses$94000$tensor([4.4910, 3.5150, 6.4556, 3.1585, 4.8282, 3.6725, 4.4815, 3.5273, 3.3817,
        2.9134, 2.9802, 4.5560, 3.8205, 4.5592, 2.6987, 2.7438, 2.8561, 4.6532,
        2.8419, 4.5769, 2.7448, 2.5949, 3.7093, 2.7845, 3.4423, 4.4656, 2.6503,
        2.6024, 2.8249, 2.7026, 2.6171, 3.0653, 2.8077, 4.7500, 4.4117, 2.5452,
        6.3651, 4.5010, 4.3715, 2.5065, 4.4266, 2.9057, 4.8754, 3.2672, 4.5357,
        2.7987, 2.9937, 2.9453, 4.5291, 4.0992])//
train_examples$94000$60000.0//
train_loss$103400$3.593679//
train_individual_losses$103400$tensor([4.4723, 3.3664, 6.4401, 3.0484, 4.8064, 3.4785, 4.4842, 3.1727, 3.2049,
        2.7996, 2.9347, 4.5226, 3.7817, 4.5201, 2.6855, 2.7146, 2.8484, 4.6394,
        2.8200, 4.5381, 2.7428, 2.5871, 3.4653, 2.7716, 3.2147, 4.4608, 2.6447,
        2.6044, 2.7859, 2.6540, 2.6134, 3.0075, 2.7432, 4.7491, 4.4062, 2.5294,
        6.3287, 4.4800, 4.3662, 2.4912, 4.4004, 2.8774, 4.8022, 3.1158, 4.5282,
        2.7595, 2.9725, 2.8645, 4.5142, 3.9244])//
train_examples$103400$60000.0//
train_loss$112800$3.535562666666667//
train_individual_losses$112800$tensor([4.4465, 3.2648, 6.4085, 2.9426, 4.7757, 3.2494, 4.4156, 2.9467, 3.0451,
        2.7462, 2.9130, 4.4617, 3.7353, 4.4828, 2.6581, 2.6910, 2.8256, 4.6019,
        2.7983, 4.4901, 2.7201, 2.5702, 3.2795, 2.7486, 3.0828, 4.4225, 2.6292,
        2.5595, 2.7805, 2.6168, 2.5909, 2.9414, 2.6878, 4.7018, 4.3757, 2.5055,
        6.2779, 4.4110, 4.3123, 2.4650, 4.3053, 2.8531, 4.7705, 2.9874, 4.5084,
        2.7360, 2.9523, 2.8099, 4.4810, 3.7962])//
train_examples$112800$60000.0//
train_loss$122200$3.4957336666666667//
train_individual_losses$122200$tensor([4.4373, 3.1687, 6.3802, 2.8869, 4.7575, 3.1179, 4.3800, 2.8504, 2.9293,
        2.6993, 2.8780, 4.4262, 3.7027, 4.4611, 2.6415, 2.6644, 2.8135, 4.5850,
        2.7789, 4.4585, 2.7105, 2.5636, 3.0711, 2.7239, 2.9997, 4.4031, 2.6168,
        2.5470, 2.7552, 2.5632, 2.5770, 2.8828, 2.6528, 4.6914, 4.3554, 2.4936,
        6.2373, 4.3758, 4.2921, 2.4472, 4.1840, 2.8422, 4.7763, 2.9070, 4.4982,
        2.7164, 2.9416, 2.7670, 4.4621, 3.7153])//
train_examples$122200$60000.0//
train_loss$131600$3.467435666666667//
train_individual_losses$131600$tensor([4.4240, 3.1033, 6.3518, 2.8502, 4.7415, 3.0331, 4.3505, 2.7831, 2.8621,
        2.6782, 2.8590, 4.3930, 3.6944, 4.4401, 2.6440, 2.6451, 2.8078, 4.5715,
        2.7755, 4.4387, 2.7036, 2.5626, 2.9595, 2.7127, 2.9501, 4.3916, 2.6207,
        2.5390, 2.7444, 2.5372, 2.5614, 2.8271, 2.6263, 4.6807, 4.3545, 2.4939,
        6.2057, 4.3586, 4.2882, 2.4386, 3.9775, 2.8329, 4.7187, 2.8485, 4.4933,
        2.7170, 2.9114, 2.7324, 4.4579, 3.6788])//
train_examples$131600$60000.0//
train_loss$141000$3.429402666666667//
train_individual_losses$141000$tensor([4.4020, 3.0182, 6.3268, 2.8188, 4.7161, 2.9482, 4.2671, 2.7250, 2.7889,
        2.6518, 2.8393, 4.3646, 3.6531, 4.4158, 2.6203, 2.6262, 2.7986, 4.5601,
        2.7551, 4.4045, 2.6905, 2.5493, 2.8611, 2.6905, 2.8983, 4.3629, 2.6038,
        2.5264, 2.7255, 2.5449, 2.5480, 2.7836, 2.6145, 4.6870, 4.3333, 2.4773,
        6.1688, 4.3216, 4.2498, 2.4245, 3.6134, 2.8193, 4.6852, 2.7993, 4.4779,
        2.6783, 2.8906, 2.6932, 4.4406, 3.6105])//
train_examples$141000$60000.0//
train_loss$150400$3.3991766666666665//
train_individual_losses$150400$tensor([4.4095, 2.9755, 6.3091, 2.7963, 4.7100, 2.8900, 4.0683, 2.6999, 2.7487,
        2.6389, 2.8246, 4.3377, 3.6313, 4.4047, 2.6133, 2.6066, 2.7907, 4.5505,
        2.7412, 4.3772, 2.6800, 2.5453, 2.8194, 2.6709, 2.8524, 4.3477, 2.5953,
        2.5142, 2.7159, 2.5086, 2.5340, 2.7438, 2.5966, 4.6576, 4.3369, 2.4670,
        6.1361, 4.3091, 4.2344, 2.4157, 3.2238, 2.8140, 4.6682, 2.7725, 4.4796,
        2.6639, 2.8731, 2.6680, 4.4319, 3.5590])//
train_examples$150400$60000.0//
train_loss$159800$3.3680523333333334//
train_individual_losses$159800$tensor([4.3846, 2.9200, 6.2873, 2.7792, 4.6943, 2.8471, 3.8995, 2.6764, 2.7201,
        2.6185, 2.8128, 4.2989, 3.6106, 4.3770, 2.5999, 2.5906, 2.7822, 4.5238,
        2.7203, 4.3491, 2.6714, 2.5331, 2.7874, 2.6573, 2.8127, 4.3247, 2.5897,
        2.5057, 2.7093, 2.4995, 2.5266, 2.7155, 2.5845, 4.6447, 4.3144, 2.4617,
        6.0853, 4.2843, 4.2102, 2.4118, 3.0492, 2.8075, 4.6558, 2.7474, 4.4637,
        2.6539, 2.8575, 2.6402, 4.4182, 3.2871])//
train_examples$159800$60000.0//
train_loss$169200$3.347414666666667//
train_individual_losses$169200$tensor([4.3789, 2.8835, 6.2830, 2.7687, 4.6784, 2.8084, 3.7609, 2.6701, 2.6962,
        2.6098, 2.8102, 4.2529, 3.5910, 4.3639, 2.5972, 2.5859, 2.7824, 4.5129,
        2.7121, 4.3334, 2.6740, 2.5293, 2.7660, 2.6412, 2.7870, 4.3115, 2.5938,
        2.4970, 2.7150, 2.4580, 2.5181, 2.6828, 2.5697, 4.6442, 4.3109, 2.4658,
        6.0154, 4.2703, 4.1970, 2.3990, 2.9560, 2.7947, 4.6383, 2.7482, 4.4570,
        2.6376, 2.8453, 2.6236, 4.4128, 3.1318])//
train_examples$169200$60000.0//
train_loss$178600$3.3199316666666667//
train_individual_losses$178600$tensor([4.3807, 2.8554, 6.2602, 2.7541, 4.6709, 2.7740, 3.5974, 2.6421, 2.6692,
        2.5887, 2.7845, 4.0950, 3.5709, 4.3394, 2.5801, 2.5718, 2.7734, 4.5036,
        2.6881, 4.2922, 2.6586, 2.5192, 2.7442, 2.6283, 2.7588, 4.3043, 2.5844,
        2.4912, 2.6870, 2.4307, 2.5138, 2.6567, 2.5596, 4.6287, 4.3243, 2.4516,
        5.8947, 4.2591, 4.1838, 2.3922, 2.8740, 2.7879, 4.6195, 2.7100, 4.4563,
        2.6237, 2.8251, 2.5886, 4.4196, 3.0293])//
train_examples$178600$60000.0//
train_loss$188000$3.253162666666667//
train_individual_losses$188000$tensor([4.3633, 2.8333, 6.2448, 2.7411, 4.6507, 2.7478, 3.4789, 2.6353, 2.6467,
        2.5816, 2.7783, 3.8644, 3.5558, 4.3112, 2.5691, 2.5583, 2.7686, 4.4941,
        2.6755, 4.2201, 2.6543, 2.5162, 2.7372, 2.6098, 2.7392, 4.2978, 2.5759,
        2.4930, 2.6849, 2.4190, 2.5108, 2.6354, 2.5551, 4.6275, 4.2973, 2.4476,
        3.6221, 4.2397, 4.1481, 2.3881, 2.8295, 2.7926, 4.6255, 2.7012, 4.4418,
        2.6137, 2.8064, 2.5626, 4.3984, 2.9687])//
train_examples$188000$60000.0//
train_loss$197400$3.2235163333333334//
train_individual_losses$197400$tensor([4.3649, 2.8242, 6.2370, 2.7277, 4.6503, 2.7235, 3.3511, 2.6230, 2.6187,
        2.5712, 2.7758, 3.7122, 3.5361, 4.2876, 2.5563, 2.5559, 2.7666, 4.4829,
        2.6683, 4.0295, 2.6527, 2.5110, 2.7279, 2.5999, 2.7240, 4.2686, 2.5758,
        2.4820, 2.6754, 2.4073, 2.5071, 2.6133, 2.5499, 4.6131, 4.2881, 2.4531,
        3.3222, 4.2196, 3.9953, 2.3825, 2.7883, 2.7837, 4.5884, 2.6862, 4.4420,
        2.6018, 2.7945, 2.5389, 4.3981, 2.9225])//
train_examples$197400$60000.0//
train_loss$206800$3.1989426666666665//
train_individual_losses$206800$tensor([4.3572, 2.8031, 6.2316, 2.7189, 4.6367, 2.7191, 3.2207, 2.6224, 2.6034,
        2.5744, 2.7563, 3.5420, 3.5063, 4.2671, 2.5584, 2.5456, 2.7671, 4.4786,
        2.6633, 3.8826, 2.6449, 2.5043, 2.7281, 2.5978, 2.7129, 4.2506, 2.5688,
        2.4858, 2.6712, 2.4194, 2.5055, 2.6082, 2.5437, 4.6144, 4.2897, 2.4484,
        3.0545, 4.1724, 3.8399, 2.3879, 2.7671, 2.7777, 4.5990, 2.6786, 4.4403,
        2.6012, 2.7773, 2.5332, 4.3953, 2.8743])//
train_examples$206800$60000.0//
train_loss$216200$3.1722763333333335//
train_individual_losses$216200$tensor([4.3606, 2.8041, 6.2062, 2.7049, 4.6337, 2.6973, 3.1255, 2.6119, 2.5781,
        2.5593, 2.7563, 3.3476, 3.4929, 4.2520, 2.5484, 2.5474, 2.7635, 4.4736,
        2.6583, 3.7448, 2.6367, 2.5043, 2.7097, 2.5846, 2.7002, 4.2443, 2.5839,
        2.4756, 2.6598, 2.3959, 2.5030, 2.5740, 2.5324, 4.6089, 4.2793, 2.4467,
        2.7630, 4.1065, 3.7646, 2.3751, 2.7428, 2.7688, 4.5767, 2.6728, 4.4357,
        2.5858, 2.7744, 2.5137, 4.3794, 2.8491])//
train_examples$216200$60000.0//
train_loss$225600$3.146482333333333//
train_individual_losses$225600$tensor([4.3434, 2.7733, 6.2067, 2.6952, 4.6181, 2.6829, 3.0263, 2.5951, 2.5602,
        2.5430, 2.7533, 3.1859, 3.4678, 4.2330, 2.5353, 2.5266, 2.7510, 4.4639,
        2.6406, 3.6189, 2.6179, 2.4875, 2.6926, 2.5745, 2.6866, 4.2229, 2.5709,
        2.4685, 2.6523, 2.3917, 2.4924, 2.5581, 2.5237, 4.5972, 4.2799, 2.4356,
        2.6531, 4.0069, 3.6756, 2.3683, 2.7173, 2.7653, 4.5492, 2.6543, 4.4213,
        2.5739, 2.7523, 2.4949, 4.3888, 2.8296])//
train_examples$225600$60000.0//
train_loss$235000$3.128709//
train_individual_losses$235000$tensor([4.3397, 2.7626, 6.2272, 2.6881, 4.6081, 2.6692, 2.9527, 2.5967, 2.5469,
        2.5346, 2.7338, 3.0656, 3.3815, 4.2169, 2.5292, 2.5204, 2.7462, 4.4581,
        2.6364, 3.5162, 2.6150, 2.4852, 2.6891, 2.5738, 2.6840, 4.1678, 2.5572,
        2.4610, 2.6496, 2.3865, 2.4957, 2.5465, 2.5196, 4.5912, 4.2597, 2.4343,
        2.6041, 3.9153, 3.6168, 2.3639, 2.7095, 2.7606, 4.5862, 2.6481, 4.4220,
        2.5688, 2.7359, 2.4845, 4.3715, 2.8021])//
train_examples$235000$60000.0//
train_loss$244400$3.1126093333333333//
train_individual_losses$244400$tensor([4.3366, 2.7547, 6.1849, 2.6833, 4.6052, 2.6652, 2.8897, 2.5938, 2.5400,
        2.5261, 2.7395, 3.0009, 3.2258, 4.2201, 2.5407, 2.5188, 2.7405, 4.4681,
        2.6334, 3.4114, 2.6103, 2.4784, 2.6799, 2.5648, 2.6775, 4.0904, 2.5638,
        2.4528, 2.6462, 2.3779, 2.4839, 2.5341, 2.5226, 4.5956, 4.2664, 2.4326,
        2.5637, 3.8524, 3.5683, 2.3632, 2.6959, 2.7627, 4.5614, 2.6431, 4.4137,
        2.5582, 2.7433, 2.4792, 4.3787, 2.7907])//
train_examples$244400$60000.0//
train_loss$253800$3.09496//
train_individual_losses$253800$tensor([4.3432, 2.7474, 6.1789, 2.6903, 4.6005, 2.6578, 2.8484, 2.5857, 2.5322,
        2.5313, 2.7221, 2.9421, 3.1123, 4.2033, 2.5174, 2.5017, 2.7470, 4.4466,
        2.6356, 3.3042, 2.6078, 2.4740, 2.6727, 2.5565, 2.6801, 3.9593, 2.5534,
        2.4541, 2.6466, 2.3739, 2.4799, 2.5227, 2.5115, 4.5818, 4.2477, 2.4281,
        2.5381, 3.7896, 3.5273, 2.3571, 2.6993, 2.7597, 4.5603, 2.6338, 4.4041,
        2.5570, 2.7079, 2.4713, 4.3639, 2.7803])//
train_examples$253800$60000.0//
train_loss$263200$3.079763333333333//
train_individual_losses$263200$tensor([4.3443, 2.7492, 6.1869, 2.6670, 4.5924, 2.6441, 2.7827, 2.5763, 2.5177,
        2.5244, 2.7495, 2.8966, 2.9986, 4.1985, 2.5153, 2.4843, 2.7326, 4.4449,
        2.6292, 3.2015, 2.6009, 2.4679, 2.6658, 2.5393, 2.6665, 3.8595, 2.5523,
        2.4498, 2.6478, 2.3696, 2.4763, 2.5135, 2.5009, 4.5790, 4.2448, 2.4222,
        2.5118, 3.7327, 3.4906, 2.3549, 2.6850, 2.7523, 4.5445, 2.6444, 4.4254,
        2.5480, 2.7086, 2.4680, 4.3635, 2.7665])//
train_examples$263200$60000.0//
train_loss$272600$3.0668556666666666//
train_individual_losses$272600$tensor([4.3258, 2.7386, 6.1726, 2.6644, 4.5687, 2.6463, 2.7508, 2.5729, 2.5167,
        2.5034, 2.7303, 2.8595, 2.9318, 4.1761, 2.5139, 2.4740, 2.7341, 4.4345,
        2.6334, 3.1159, 2.6027, 2.4696, 2.6591, 2.5312, 2.6665, 3.7928, 2.5464,
        2.4701, 2.6346, 2.3716, 2.4796, 2.5096, 2.5073, 4.5679, 4.2420, 2.4207,
        2.4951, 3.6772, 3.4503, 2.3573, 2.6775, 2.7497, 4.5701, 2.6328, 4.3841,
        2.5430, 2.6889, 2.4559, 4.3675, 2.7580])//
train_examples$272600$60000.0//
train_loss$282000$3.0564573333333334//
train_individual_losses$282000$tensor([4.3272, 2.7293, 6.1576, 2.6552, 4.5588, 2.6415, 2.7289, 2.5610, 2.5064,
        2.5030, 2.7144, 2.8475, 2.8842, 4.1842, 2.5278, 2.4537, 2.7223, 4.4437,
        2.6261, 3.0625, 2.5929, 2.4660, 2.6597, 2.5326, 2.6558, 3.7543, 2.5445,
        2.4469, 2.6291, 2.3675, 2.4751, 2.5005, 2.4920, 4.5762, 4.2443, 2.4210,
        2.4827, 3.6357, 3.4088, 2.3586, 2.6743, 2.7499, 4.5476, 2.6185, 4.3903,
        2.5350, 2.6739, 2.4457, 4.3609, 2.7473])//
train_examples$282000$60000.0//
train_loss$291400$3.050335//
train_individual_losses$291400$tensor([4.3276, 2.7241, 6.2066, 2.6452, 4.5384, 2.6390, 2.7061, 2.5648, 2.5076,
        2.4935, 2.7070, 2.8234, 2.8418, 4.1818, 2.5124, 2.4426, 2.7160, 4.4568,
        2.6195, 3.0209, 2.5892, 2.4650, 2.6409, 2.5146, 2.6543, 3.7335, 2.5433,
        2.4508, 2.6226, 2.3659, 2.4709, 2.4942, 2.4876, 4.5652, 4.2770, 2.4163,
        2.4725, 3.6030, 3.3249, 2.3521, 2.6703, 2.7460, 4.5913, 2.6188, 4.3791,
        2.5344, 2.6698, 2.4350, 4.4186, 2.7345])//
train_examples$291400$60000.0//
train_loss$300800$3.0322066666666667//
train_individual_losses$300800$tensor([4.3147, 2.7163, 6.1531, 2.6328, 4.5095, 2.6309, 2.6806, 2.5613, 2.4918,
        2.4907, 2.7011, 2.8033, 2.7970, 4.1733, 2.4984, 2.4308, 2.7134, 4.4147,
        2.6128, 2.9651, 2.5878, 2.4544, 2.6312, 2.5030, 2.6499, 3.6760, 2.5399,
        2.4515, 2.6157, 2.3846, 2.4621, 2.4843, 2.4810, 4.5447, 4.2350, 2.4103,
        2.4617, 3.5085, 3.2697, 2.3501, 2.6620, 2.7424, 4.5332, 2.6308, 4.3694,
        2.5223, 2.6537, 2.4276, 4.3572, 2.7185])//
train_examples$300800$60000.0//
train_loss$310200$3.020384//
train_individual_losses$310200$tensor([4.3154, 2.7132, 6.1489, 2.6202, 4.4881, 2.6189, 2.6637, 2.5410, 2.4872,
        2.4826, 2.6963, 2.8286, 2.7378, 4.1587, 2.4971, 2.4198, 2.7081, 4.4126,
        2.6093, 2.9246, 2.5823, 2.4562, 2.6224, 2.4935, 2.6498, 3.6556, 2.5343,
        2.4341, 2.6132, 2.3554, 2.4600, 2.4729, 2.4732, 4.5534, 4.2370, 2.4093,
        2.4632, 3.3024, 3.2172, 2.3461, 2.6618, 2.7441, 4.5847, 2.6097, 4.3609,
        2.5232, 2.6501, 2.4193, 4.3465, 2.7151])//
train_examples$310200$60000.0//
train_loss$319600$3.0136743333333333//
train_individual_losses$319600$tensor([4.3086, 2.7136, 6.1348, 2.6273, 4.4582, 2.6164, 2.6778, 2.5525, 2.4839,
        2.4915, 2.6987, 2.7842, 2.6966, 4.1472, 2.4946, 2.4253, 2.7129, 4.4088,
        2.6233, 2.8889, 2.5907, 2.4680, 2.6427, 2.4957, 2.6491, 3.6273, 2.5708,
        2.4475, 2.6131, 2.3543, 2.4610, 2.4696, 2.4710, 4.5335, 4.2185, 2.4112,
        2.4710, 3.1428, 3.1889, 2.3536, 2.6577, 2.7395, 4.5403, 2.6103, 4.3516,
        2.5351, 2.6481, 2.4316, 4.3281, 2.7157])//
train_examples$319600$60000.0//
train_loss$329000$3.0010696666666665//
train_individual_losses$329000$tensor([4.3147, 2.7315, 6.1377, 2.6065, 4.4453, 2.6055, 2.6269, 2.5366, 2.4731,
        2.4836, 2.7020, 2.7859, 2.6598, 4.1548, 2.4828, 2.4067, 2.6970, 4.4327,
        2.6023, 2.8596, 2.5799, 2.4490, 2.6125, 2.4830, 2.6342, 3.6148, 2.5343,
        2.4366, 2.6213, 2.3461, 2.4604, 2.4594, 2.4682, 4.5559, 4.2166, 2.4081,
        2.4450, 3.0166, 3.1745, 2.3420, 2.6508, 2.7345, 4.5160, 2.6025, 4.3504,
        2.5162, 2.6414, 2.4130, 4.3292, 2.6958])//
train_examples$329000$60000.0//
train_loss$338400$2.999055//
train_individual_losses$338400$tensor([4.3099, 2.7246, 6.1533, 2.6063, 4.4323, 2.6161, 2.6295, 2.5335, 2.4827,
        2.4928, 2.7082, 2.7634, 2.6535, 4.1408, 2.4820, 2.4007, 2.6997, 4.3984,
        2.6004, 2.8417, 2.5775, 2.4496, 2.6129, 2.4870, 2.6484, 3.5835, 2.5295,
        2.4291, 2.6259, 2.3714, 2.4569, 2.4613, 2.4638, 4.5260, 4.2121, 2.4065,
        2.4431, 2.9485, 3.1505, 2.3495, 2.6660, 2.7413, 4.5668, 2.6470, 4.3405,
        2.5186, 2.6302, 2.4076, 4.3248, 2.7070])//
train_examples$338400$60000.0//
train_loss$347800$2.9868213333333333//
train_individual_losses$347800$tensor([4.3032, 2.7099, 6.1516, 2.5975, 4.4263, 2.6027, 2.6114, 2.5240, 2.4687,
        2.4727, 2.6923, 2.7509, 2.6239, 4.1348, 2.4820, 2.3935, 2.6890, 4.3930,
        2.5916, 2.8248, 2.5730, 2.4461, 2.6041, 2.4763, 2.6329, 3.5886, 2.5260,
        2.4242, 2.5994, 2.3432, 2.4468, 2.4515, 2.4575, 4.5253, 4.2131, 2.4061,
        2.4337, 2.8897, 3.1259, 2.3404, 2.6463, 2.7287, 4.5271, 2.6053, 4.3428,
        2.5012, 2.6345, 2.3977, 4.3240, 2.6863])//
train_examples$347800$60000.0//
train_loss$357200$2.984629//
train_individual_losses$357200$tensor([4.3161, 2.7366, 6.1324, 2.5971, 4.4313, 2.5993, 2.6035, 2.5234, 2.4666,
        2.4784, 2.6922, 2.7384, 2.6126, 4.1603, 2.4754, 2.3928, 2.6873, 4.4105,
        2.5884, 2.7969, 2.5740, 2.4433, 2.5987, 2.4707, 2.6304, 3.5497, 2.5246,
        2.4300, 2.5982, 2.3408, 2.4459, 2.4478, 2.4533, 4.5298, 4.2325, 2.4029,
        2.4274, 2.8420, 3.1158, 2.3363, 2.6432, 2.7292, 4.5290, 2.6043, 4.3484,
        2.5050, 2.6241, 2.4025, 4.3387, 2.6734])//
train_examples$357200$60000.0//
train_loss$366600$2.9744896666666665//
train_individual_losses$366600$tensor([4.2933, 2.7140, 6.1445, 2.5902, 4.4082, 2.5934, 2.5967, 2.5232, 2.4544,
        2.4709, 2.6831, 2.7179, 2.6026, 4.1309, 2.4767, 2.3830, 2.6774, 4.4120,
        2.5810, 2.7646, 2.5728, 2.4430, 2.5913, 2.4648, 2.6249, 3.5061, 2.5200,
        2.4168, 2.5921, 2.3381, 2.4470, 2.4425, 2.4497, 4.5338, 4.2250, 2.4045,
        2.4186, 2.8088, 3.0737, 2.3372, 2.6393, 2.7270, 4.5080, 2.5912, 4.3336,
        2.4953, 2.6170, 2.3899, 4.3270, 2.6675])//
train_examples$366600$60000.0//
train_loss$376000$2.9681533333333334//
train_individual_losses$376000$tensor([4.2866, 2.6966, 6.1132, 2.5880, 4.3927, 2.5865, 2.5927, 2.5189, 2.4524,
        2.4698, 2.6798, 2.7081, 2.5845, 4.1323, 2.4737, 2.3790, 2.6733, 4.3836,
        2.5860, 2.7395, 2.5734, 2.4405, 2.5888, 2.4614, 2.6203, 3.4910, 2.5189,
        2.4124, 2.5921, 2.3417, 2.4479, 2.4423, 2.4482, 4.5170, 4.2073, 2.4032,
        2.4128, 2.7784, 3.0337, 2.3370, 2.6378, 2.7220, 4.5558, 2.5888, 4.3213,
        2.4960, 2.6152, 2.3831, 4.3202, 2.6624])//
train_examples$376000$60000.0//
train_loss$385400$2.965723//
train_individual_losses$385400$tensor([4.2842, 2.7040, 6.1045, 2.5814, 4.3890, 2.5791, 2.5859, 2.5198, 2.4481,
        2.4702, 2.6825, 2.6973, 2.5799, 4.1292, 2.4752, 2.3808, 2.6817, 4.3817,
        2.5943, 2.7183, 2.5812, 2.4487, 2.5854, 2.4632, 2.6208, 3.4697, 2.5199,
        2.4095, 2.5894, 2.3446, 2.4506, 2.4421, 2.4573, 4.5195, 4.2078, 2.4049,
        2.4156, 2.7594, 3.0171, 2.3440, 2.6340, 2.7276, 4.5254, 2.5881, 4.3189,
        2.4889, 2.6079, 2.3837, 4.3234, 2.6506])//
train_examples$385400$60000.0//
train_loss$394800$2.960503//
train_individual_losses$394800$tensor([4.2876, 2.6904, 6.1878, 2.5769, 4.3863, 2.5688, 2.5852, 2.5080, 2.4432,
        2.4654, 2.6791, 2.6912, 2.5741, 4.1307, 2.4851, 2.3741, 2.6630, 4.3759,
        2.5827, 2.7045, 2.5770, 2.4459, 2.5813, 2.4584, 2.6197, 3.4543, 2.5162,
        2.3976, 2.5843, 2.3422, 2.4417, 2.4348, 2.4393, 4.5107, 4.1974, 2.4136,
        2.4032, 2.7353, 3.0008, 2.3298, 2.6315, 2.7218, 4.4992, 2.5880, 4.3165,
        2.4966, 2.6022, 2.3771, 4.3104, 2.6380])//
train_examples$394800$60000.0//
train_loss$404200$2.9537553333333335//
train_individual_losses$404200$tensor([4.2776, 2.6889, 6.1029, 2.5757, 4.3778, 2.5612, 2.5819, 2.5082, 2.4504,
        2.4621, 2.6734, 2.6782, 2.5646, 4.1174, 2.4767, 2.3721, 2.6652, 4.3714,
        2.5701, 2.6744, 2.5672, 2.4349, 2.5769, 2.4660, 2.6146, 3.4358, 2.5173,
        2.3927, 2.5799, 2.3298, 2.4367, 2.4318, 2.4361, 4.5097, 4.1964, 2.3954,
        2.4016, 2.7204, 2.9690, 2.3299, 2.6325, 2.7152, 4.5667, 2.5848, 4.3059,
        2.4852, 2.6041, 2.3801, 4.3079, 2.6129])//
train_examples$404200$60000.0//
train_loss$413600$2.9506506666666668//
train_individual_losses$413600$tensor([4.2709, 2.6900, 6.0942, 2.5760, 4.3743, 2.5595, 2.5777, 2.5061, 2.4429,
        2.4634, 2.6727, 2.6990, 2.5627, 4.1159, 2.4675, 2.3709, 2.6464, 4.3746,
        2.5738, 2.6722, 2.5701, 2.4380, 2.5957, 2.4592, 2.6100, 3.4704, 2.5166,
        2.3901, 2.5768, 2.3276, 2.4371, 2.4260, 2.4348, 4.5107, 4.1961, 2.3959,
        2.3913, 2.7043, 2.9505, 2.3264, 2.6284, 2.7151, 4.5054, 2.5771, 4.3030,
        2.4856, 2.5985, 2.3732, 4.3030, 2.6051])//
train_examples$413600$60000.0//
train_loss$423000$2.9435416666666665//
train_individual_losses$423000$tensor([4.2672, 2.6819, 6.1010, 2.5717, 4.3649, 2.5564, 2.5708, 2.5031, 2.4261,
        2.4571, 2.6690, 2.6583, 2.5514, 4.1128, 2.4702, 2.3664, 2.6357, 4.3771,
        2.5657, 2.6351, 2.5645, 2.4335, 2.5801, 2.4564, 2.6090, 3.4076, 2.5136,
        2.3912, 2.5764, 2.3227, 2.4325, 2.4241, 2.4279, 4.5093, 4.1968, 2.3928,
        2.3850, 2.6945, 2.9281, 2.3263, 2.6264, 2.7146, 4.4916, 2.5826, 4.2968,
        2.4809, 2.5992, 2.3733, 4.3057, 2.5916])//
train_examples$423000$60000.0//
train_loss$432400$2.9437086666666668//
train_individual_losses$432400$tensor([4.2731, 2.6850, 6.0891, 2.5654, 4.3686, 2.5861, 2.5683, 2.5163, 2.4243,
        2.4582, 2.6811, 2.6551, 2.5465, 4.1126, 2.4531, 2.3715, 2.6294, 4.3678,
        2.5630, 2.6210, 2.5639, 2.4322, 2.5680, 2.4508, 2.6094, 3.4037, 2.5134,
        2.3820, 2.5752, 2.3296, 2.4338, 2.4274, 2.4295, 4.5216, 4.1933, 2.3939,
        2.3778, 2.6805, 2.9467, 2.3329, 2.6301, 2.7155, 4.4943, 2.5796, 4.3145,
        2.4814, 2.5950, 2.3751, 4.3085, 2.5904])//
train_examples$432400$60000.0//
train_loss$441800$2.9395976666666668//
train_individual_losses$441800$tensor([4.2620, 2.6877, 6.0899, 2.5710, 4.3531, 2.5438, 2.5636, 2.5035, 2.4273,
        2.4579, 2.6730, 2.6368, 2.5390, 4.1109, 2.4607, 2.3768, 2.6381, 4.3623,
        2.5755, 2.6069, 2.5708, 2.4376, 2.5736, 2.4502, 2.6101, 3.3850, 2.5140,
        2.3879, 2.5779, 2.3179, 2.4376, 2.4272, 2.4333, 4.5002, 4.1961, 2.3968,
        2.3689, 2.6742, 2.8972, 2.3317, 2.6281, 2.7136, 4.4982, 2.5763, 4.2914,
        2.4779, 2.5973, 2.3812, 4.3004, 2.5872])//
train_examples$441800$60000.0//
train_loss$451200$2.941014//
train_individual_losses$451200$tensor([4.2641, 2.6795, 6.1535, 2.5657, 4.3554, 2.5471, 2.5624, 2.4989, 2.4167,
        2.4705, 2.6701, 2.6517, 2.5514, 4.1123, 2.4538, 2.3738, 2.6345, 4.3701,
        2.5763, 2.6088, 2.5693, 2.4378, 2.5624, 2.4476, 2.6051, 3.3856, 2.5254,
        2.3771, 2.5860, 2.3152, 2.4302, 2.4210, 2.4275, 4.5204, 4.1909, 2.3916,
        2.3699, 2.6828, 2.8817, 2.3258, 2.6260, 2.7105, 4.4874, 2.5954, 4.2985,
        2.4818, 2.6054, 2.3895, 4.3046, 2.5815])//
train_examples$451200$60000.0//
train_loss$460600$2.9349333333333334//
train_individual_losses$460600$tensor([4.2684, 2.7012, 6.1648, 2.5597, 4.3634, 2.5585, 2.5539, 2.5022, 2.4248,
        2.4542, 2.6697, 2.6304, 2.5308, 4.1179, 2.4548, 2.3644, 2.6139, 4.3598,
        2.5584, 2.5805, 2.5653, 2.4317, 2.5588, 2.4462, 2.5993, 3.3795, 2.5065,
        2.3659, 2.5689, 2.3121, 2.4226, 2.4134, 2.4160, 4.4985, 4.1881, 2.4002,
        2.3667, 2.6468, 2.8558, 2.3228, 2.6220, 2.7079, 4.5348, 2.5717, 4.2994,
        2.4783, 2.5909, 2.3678, 4.3101, 2.5671])//
train_examples$460600$60000.0//
train_loss$470000$2.9272583333333335//
train_individual_losses$470000$tensor([4.2515, 2.6725, 6.0684, 2.5552, 4.3417, 2.5340, 2.5517, 2.4948, 2.4167,
        2.4542, 2.6719, 2.6235, 2.5242, 4.1073, 2.4469, 2.3577, 2.6099, 4.3571,
        2.5629, 2.5700, 2.5669, 2.4296, 2.5519, 2.4438, 2.5978, 3.3628, 2.5034,
        2.3652, 2.5672, 2.3096, 2.4285, 2.4165, 2.4143, 4.4963, 4.1830, 2.3900,
        2.3631, 2.6372, 2.8524, 2.3262, 2.6209, 2.7126, 4.5114, 2.5681, 4.2867,
        2.4767, 2.5881, 2.3677, 4.2944, 2.5584])//
train_examples$470000$60000.0