train_loss$0$0.93253681640625//
train_individual_losses$0$tensor([0.8797, 1.0032, 0.6281, 1.9182, 0.7042, 0.9233, 0.9756, 0.8184, 0.8056,
        0.8291, 0.5525, 0.6814, 0.7290, 1.2773, 0.8180, 1.1294, 0.7271, 1.1302,
        0.9819, 1.1383])//
train_examples$0$8000.0//
train_loss$1600$0.07303639526367188//
train_individual_losses$1600$tensor([0.0711, 0.1396, 0.0251, 0.1484, 0.0394, 0.0496, 0.1196, 0.0628, 0.0635,
        0.0849, 0.0193, 0.0287, 0.0633, 0.0733, 0.1047, 0.0299, 0.0457, 0.0503,
        0.0804, 0.1612])//
train_examples$1600$8000.0//
train_loss$3200$0.013716574096679687//
train_individual_losses$3200$tensor([0.0111, 0.0195, 0.0068, 0.0303, 0.0121, 0.0081, 0.0162, 0.0147, 0.0164,
        0.0148, 0.0034, 0.0065, 0.0113, 0.0085, 0.0168, 0.0129, 0.0121, 0.0111,
        0.0201, 0.0218])//
train_examples$3200$8000.0//
train_loss$4800$0.005279126358032227//
train_individual_losses$4800$tensor([0.0041, 0.0091, 0.0032, 0.0106, 0.0045, 0.0027, 0.0058, 0.0047, 0.0059,
        0.0074, 0.0014, 0.0028, 0.0060, 0.0054, 0.0044, 0.0050, 0.0042, 0.0041,
        0.0076, 0.0066])//
train_examples$4800$8000.0//
train_loss$6400$0.0023940391540527343//
train_individual_losses$6400$tensor([0.0021, 0.0063, 0.0014, 0.0041, 0.0011, 0.0014, 0.0024, 0.0018, 0.0017,
        0.0039, 0.0007, 0.0011, 0.0034, 0.0041, 0.0016, 0.0014, 0.0013, 0.0015,
        0.0037, 0.0028])//
train_examples$6400$8000.0//
train_loss$8000$0.0013102845191955567//
train_individual_losses$8000$tensor([0.0013, 0.0040, 0.0008, 0.0020, 0.0004, 0.0008, 0.0010, 0.0011, 0.0007,
        0.0024, 0.0004, 0.0005, 0.0018, 0.0027, 0.0007, 0.0008, 0.0006, 0.0008,
        0.0018, 0.0015])//
train_examples$8000$8000.0//
train_loss$9600$0.0007749858379364013//
train_individual_losses$9600$tensor([0.0008, 0.0022, 0.0004, 0.0011, 0.0003, 0.0005, 0.0005, 0.0007, 0.0004,
        0.0012, 0.0003, 0.0003, 0.0011, 0.0016, 0.0004, 0.0005, 0.0005, 0.0005,
        0.0011, 0.0010])//
train_examples$9600$8000.0//
train_loss$11200$0.0004607284545898437//
train_individual_losses$11200$tensor([0.0004, 0.0011, 0.0003, 0.0006, 0.0002, 0.0003, 0.0002, 0.0005, 0.0003,
        0.0006, 0.0002, 0.0002, 0.0006, 0.0010, 0.0003, 0.0004, 0.0003, 0.0004,
        0.0007, 0.0007])//
train_examples$11200$8000.0//
train_loss$12800$0.0003135437488555908//
train_individual_losses$12800$tensor([0.0003, 0.0007, 0.0002, 0.0004, 0.0002, 0.0002, 0.0002, 0.0003, 0.0002,
        0.0003, 0.0002, 0.0002, 0.0004, 0.0007, 0.0002, 0.0003, 0.0002, 0.0003,
        0.0004, 0.0005])//
train_examples$12800$8000.0//
train_loss$14400$0.0002447984457015991//
train_individual_losses$14400$tensor([0.0002, 0.0005, 0.0002, 0.0003, 0.0002, 0.0002, 0.0002, 0.0002, 0.0001,
        0.0002, 0.0002, 0.0002, 0.0003, 0.0005, 0.0002, 0.0002, 0.0002, 0.0002,
        0.0003, 0.0003])//
train_examples$14400$8000.0//
train_loss$16000$0.00020624430179595947//
train_individual_losses$16000$tensor([1.7409e-04, 3.3232e-04, 2.1128e-04, 2.3340e-04, 1.9112e-04, 1.2842e-04,
        1.6068e-04, 1.9344e-04, 9.5911e-05, 2.1464e-04, 1.4936e-04, 2.0363e-04,
        2.3865e-04, 3.8231e-04, 1.6210e-04, 1.5307e-04, 1.8403e-04, 1.8624e-04,
        2.4635e-04, 2.8385e-04])//
train_examples$16000$8000.0//
train_loss$17600$0.00018192778825759886//
train_individual_losses$17600$tensor([1.5364e-04, 2.4123e-04, 2.0501e-04, 1.9629e-04, 1.8520e-04, 1.0676e-04,
        1.5625e-04, 1.7114e-04, 7.9965e-05, 2.0865e-04, 1.3915e-04, 2.0001e-04,
        2.0782e-04, 2.8301e-04, 1.5499e-04, 1.3141e-04, 1.7108e-04, 1.7437e-04,
        2.2478e-04, 2.4780e-04])//
train_examples$17600$8000.0//
train_loss$19200$0.00016727728843688965//
train_individual_losses$19200$tensor([1.4347e-04, 1.8741e-04, 2.0168e-04, 1.7710e-04, 1.7981e-04, 8.5731e-05,
        1.5373e-04, 1.5847e-04, 7.0419e-05, 2.0853e-04, 1.3324e-04, 1.9990e-04,
        1.9138e-04, 2.1921e-04, 1.5039e-04, 1.1982e-04, 1.6157e-04, 1.6772e-04,
        2.1240e-04, 2.2356e-04])//
train_examples$19200$8000.0//
train_loss$20800$0.00015719417333602906//
train_individual_losses$20800$tensor([1.3442e-04, 1.4945e-04, 1.9646e-04, 1.6306e-04, 1.7332e-04, 7.1897e-05,
        1.5322e-04, 1.5827e-04, 6.3463e-05, 2.0680e-04, 1.3135e-04, 1.9735e-04,
        1.7001e-04, 1.8170e-04, 1.4640e-04, 1.1260e-04, 1.5504e-04, 1.6453e-04,
        2.0445e-04, 2.1009e-04])//
train_examples$20800$8000.0//
train_loss$22400$0.00015022605657577515//
train_individual_losses$22400$tensor([1.2852e-04, 1.2736e-04, 1.9222e-04, 1.5293e-04, 1.6857e-04, 5.8221e-05,
        1.5136e-04, 1.5587e-04, 5.6991e-05, 2.0617e-04, 1.2903e-04, 1.9847e-04,
        1.6197e-04, 1.6100e-04, 1.4309e-04, 1.0313e-04, 1.5203e-04, 1.6220e-04,
        1.9582e-04, 1.9956e-04])//
train_examples$22400$8000.0//
train_loss$24000$0.0001451607584953308//
train_individual_losses$24000$tensor([1.2199e-04, 1.1681e-04, 1.8691e-04, 1.4525e-04, 1.6291e-04, 4.9434e-05,
        1.5114e-04, 1.5586e-04, 5.1496e-05, 2.0511e-04, 1.2707e-04, 1.9993e-04,
        1.5636e-04, 1.4507e-04, 1.4002e-04, 9.5467e-05, 1.5018e-04, 1.6057e-04,
        1.8968e-04, 1.9196e-04])//
train_examples$24000$8000.0//
train_loss$25600$0.00014114091396331786//
train_individual_losses$25600$tensor([1.1822e-04, 1.0859e-04, 1.8122e-04, 1.3703e-04, 1.5874e-04, 4.3957e-05,
        1.4966e-04, 1.5483e-04, 4.6041e-05, 2.0352e-04, 1.2569e-04, 1.9607e-04,
        1.5518e-04, 1.3751e-04, 1.3736e-04, 8.7493e-05, 1.4965e-04, 1.6016e-04,
        1.8541e-04, 1.8650e-04])//
train_examples$25600$8000.0//
train_loss$27200$0.00013596835136413574//
train_individual_losses$27200$tensor([1.1491e-04, 9.9678e-05, 1.7159e-04, 1.1531e-04, 1.5542e-04, 3.8732e-05,
        1.4959e-04, 1.5475e-04, 4.2009e-05, 2.0220e-04, 1.2536e-04, 1.9506e-04,
        1.5110e-04, 1.1890e-04, 1.3573e-04, 8.0029e-05, 1.4801e-04, 1.5880e-04,
        1.7936e-04, 1.8282e-04])//
train_examples$27200$8000.0//
train_loss$28800$0.00013203941583633423//
train_individual_losses$28800$tensor([1.1304e-04, 8.8820e-05, 1.6675e-04, 9.2963e-05, 1.5457e-04, 3.5704e-05,
        1.4908e-04, 1.5379e-04, 3.8589e-05, 2.0095e-04, 1.2532e-04, 1.9497e-04,
        1.5041e-04, 1.0749e-04, 1.3481e-04, 7.3738e-05, 1.4827e-04, 1.5851e-04,
        1.7395e-04, 1.7906e-04])//
train_examples$28800$8000.0//
train_loss$30400$0.00012826842069625855//
train_individual_losses$30400$tensor([1.0942e-04, 7.8200e-05, 1.6310e-04, 7.5156e-05, 1.5226e-04, 3.3809e-05,
        1.4879e-04, 1.5352e-04, 3.6682e-05, 2.0106e-04, 1.2250e-04, 1.9529e-04,
        1.4943e-04, 9.5182e-05, 1.3233e-04, 6.7213e-05, 1.4737e-04, 1.5604e-04,
        1.7144e-04, 1.7658e-04])//
train_examples$30400$8000.0//
train_loss$32000$0.00012506139278411864//
train_individual_losses$32000$tensor([1.0740e-04, 6.5838e-05, 1.6061e-04, 6.3098e-05, 1.5205e-04, 3.0395e-05,
        1.4961e-04, 1.5414e-04, 3.5131e-05, 1.9943e-04, 1.2282e-04, 1.9490e-04,
        1.4905e-04, 7.4152e-05, 1.3261e-04, 6.1512e-05, 1.4699e-04, 1.5510e-04,
        1.7129e-04, 1.7510e-04])//
train_examples$32000$8000.0//
train_loss$33600$0.00012211531400680543//
train_individual_losses$33600$tensor([1.0347e-04, 5.4540e-05, 1.6111e-04, 5.5462e-05, 1.5145e-04, 2.9238e-05,
        1.4888e-04, 1.5344e-04, 3.2276e-05, 1.9948e-04, 1.2262e-04, 1.9551e-04,
        1.5043e-04, 5.8186e-05, 1.2976e-04, 5.7231e-05, 1.4584e-04, 1.5430e-04,
        1.6571e-04, 1.7337e-04])//
train_examples$33600$8000.0//
train_loss$35200$0.00011901471614837646//
train_individual_losses$35200$tensor([9.9477e-05, 4.7593e-05, 1.5738e-04, 5.1325e-05, 1.5073e-04, 2.8439e-05,
        1.4833e-04, 1.5202e-04, 3.0742e-05, 1.9991e-04, 1.2167e-04, 1.9404e-04,
        1.4808e-04, 4.3130e-05, 1.2813e-04, 5.2351e-05, 1.4545e-04, 1.5334e-04,
        1.5760e-04, 1.7056e-04])//
train_examples$35200$8000.0//
train_loss$36800$0.00011765906810760498//
train_individual_losses$36800$tensor([9.6849e-05, 4.3493e-05, 1.5690e-04, 4.9446e-05, 1.5093e-04, 2.8461e-05,
        1.4925e-04, 1.5288e-04, 2.9382e-05, 1.9944e-04, 1.1991e-04, 1.9495e-04,
        1.4822e-04, 3.1088e-05, 1.2757e-04, 4.7449e-05, 1.4552e-04, 1.5287e-04,
        1.5789e-04, 1.7067e-04])//
train_examples$36800$8000.0//
train_loss$38400$0.0001156052827835083//
train_individual_losses$38400$tensor([9.0755e-05, 3.8948e-05, 1.5667e-04, 4.6807e-05, 1.5041e-04, 2.6978e-05,
        1.4808e-04, 1.5148e-04, 2.8390e-05, 1.9900e-04, 1.2002e-04, 1.9354e-04,
        1.4847e-04, 2.2472e-05, 1.2627e-04, 4.3968e-05, 1.4483e-04, 1.5192e-04,
        1.5539e-04, 1.6769e-04])//
train_examples$38400$8000.0//
train_loss$40000$0.0001138434648513794//
train_individual_losses$40000$tensor([7.6746e-05, 3.6222e-05, 1.5591e-04, 4.5534e-05, 1.4966e-04, 2.6524e-05,
        1.4958e-04, 1.5202e-04, 2.7623e-05, 1.9875e-04, 1.2209e-04, 1.9314e-04,
        1.4777e-04, 1.6250e-05, 1.2484e-04, 4.1498e-05, 1.4463e-04, 1.5142e-04,
        1.5312e-04, 1.6353e-04])//
train_examples$40000$8000.0//
train_loss$41600$0.000112382972240448//
train_individual_losses$41600$tensor([6.9292e-05, 3.1573e-05, 1.5629e-04, 4.4461e-05, 1.4994e-04, 2.6222e-05,
        1.4842e-04, 1.5134e-04, 2.7005e-05, 1.9862e-04, 1.1924e-04, 1.9287e-04,
        1.4820e-04, 1.2087e-05, 1.2456e-04, 3.9127e-05, 1.4472e-04, 1.5073e-04,
        1.5258e-04, 1.6037e-04])//
train_examples$41600$8000.0//
train_loss$43200$0.00011100187301635742//
train_individual_losses$43200$tensor([6.4175e-05, 2.8508e-05, 1.5553e-04, 4.3684e-05, 1.5004e-04, 2.6102e-05,
        1.4805e-04, 1.5098e-04, 2.6440e-05, 1.9928e-04, 1.1726e-04, 1.9153e-04,
        1.4831e-04, 9.6191e-06, 1.2375e-04, 3.6878e-05, 1.4475e-04, 1.4840e-04,
        1.5068e-04, 1.5607e-04])//
train_examples$43200$8000.0//
train_loss$44800$0.000109673273563385//
train_individual_losses$44800$tensor([6.0054e-05, 2.4960e-05, 1.5433e-04, 4.3074e-05, 1.4913e-04, 2.6449e-05,
        1.4721e-04, 1.5063e-04, 2.6278e-05, 1.9822e-04, 1.1644e-04, 1.9009e-04,
        1.4725e-04, 8.3135e-06, 1.2232e-04, 3.5747e-05, 1.4340e-04, 1.4602e-04,
        1.4971e-04, 1.5384e-04])//
train_examples$44800$8000.0//
train_loss$46400$0.00010909028053283691//
train_individual_losses$46400$tensor([5.6963e-05, 2.2705e-05, 1.5438e-04, 4.2805e-05, 1.4945e-04, 2.5807e-05,
        1.4737e-04, 1.5107e-04, 2.5833e-05, 1.9811e-04, 1.1662e-04, 1.9031e-04,
        1.4766e-04, 7.3614e-06, 1.2250e-04, 3.4084e-05, 1.4428e-04, 1.4492e-04,
        1.4895e-04, 1.5061e-04])//
train_examples$46400$8000.0//
train_loss$48000$0.00010838645696640015//
train_individual_losses$48000$tensor([5.2952e-05, 2.0049e-05, 1.5617e-04, 4.2517e-05, 1.5169e-04, 2.5559e-05,
        1.4903e-04, 1.5205e-04, 2.5385e-05, 1.9914e-04, 1.1614e-04, 1.9185e-04,
        1.4901e-04, 6.9922e-06, 1.2196e-04, 3.2652e-05, 1.4573e-04, 1.4476e-04,
        1.3464e-04, 1.4945e-04])//
train_examples$48000$8000.0//
train_loss$49600$0.00010560623407363892//
train_individual_losses$49600$tensor([4.8725e-05, 1.8100e-05, 1.5375e-04, 4.1975e-05, 1.4925e-04, 2.5748e-05,
        1.4657e-04, 1.4999e-04, 2.5074e-05, 1.9756e-04, 1.1516e-04, 1.8889e-04,
        1.4705e-04, 6.1299e-06, 1.2006e-04, 3.1271e-05, 1.4351e-04, 1.4302e-04,
        1.1443e-04, 1.4587e-04])//
train_examples$49600$8000.0//
train_loss$51200$0.00010432556867599487//
train_individual_losses$51200$tensor([4.5797e-05, 1.6754e-05, 1.5364e-04, 4.1728e-05, 1.4898e-04, 2.5325e-05,
        1.4671e-04, 1.5007e-04, 2.4339e-05, 1.9769e-04, 1.1490e-04, 1.8837e-04,
        1.4691e-04, 5.7302e-06, 1.1916e-04, 3.0473e-05, 1.4263e-04, 1.4221e-04,
        1.0322e-04, 1.4187e-04])//
train_examples$51200$8000.0//
train_loss$52800$0.00010308843851089478//
train_individual_losses$52800$tensor([4.2709e-05, 1.5945e-05, 1.5328e-04, 4.1262e-05, 1.4900e-04, 2.5581e-05,
        1.4653e-04, 1.4994e-04, 2.4203e-05, 1.9744e-04, 1.1460e-04, 1.8824e-04,
        1.4684e-04, 4.9353e-06, 1.1855e-04, 2.9360e-05, 1.4214e-04, 1.4211e-04,
        9.1902e-05, 1.3719e-04])//
train_examples$52800$8000.0//
train_loss$54400$0.00010223722457885743//
train_individual_losses$54400$tensor([4.0465e-05, 1.4889e-05, 1.5319e-04, 4.1353e-05, 1.4919e-04, 2.5112e-05,
        1.4708e-04, 1.5093e-04, 2.3902e-05, 1.9810e-04, 1.1354e-04, 1.8859e-04,
        1.4710e-04, 4.3423e-06, 1.1872e-04, 2.8563e-05, 1.4178e-04, 1.4135e-04,
        8.3015e-05, 1.3352e-04])//
train_examples$54400$8000.0//
train_loss$56000$0.00010132267475128173//
train_individual_losses$56000$tensor([3.7907e-05, 1.4134e-05, 1.5319e-04, 4.0412e-05, 1.4960e-04, 2.5078e-05,
        1.4690e-04, 1.5016e-04, 2.3631e-05, 1.9756e-04, 1.1370e-04, 1.8785e-04,
        1.4711e-04, 3.5008e-06, 1.1928e-04, 2.7827e-05, 1.4165e-04, 1.4095e-04,
        7.6052e-05, 1.2995e-04])//
train_examples$56000$8000.0//
train_loss$57600$0.00010025609731674194//
train_individual_losses$57600$tensor([3.5248e-05, 1.3648e-05, 1.5290e-04, 4.0137e-05, 1.4883e-04, 2.5143e-05,
        1.4618e-04, 1.4978e-04, 2.3456e-05, 1.9725e-04, 1.1321e-04, 1.8763e-04,
        1.4679e-04, 2.5592e-06, 1.1696e-04, 2.6976e-05, 1.3969e-04, 1.4073e-04,
        7.1032e-05, 1.2698e-04])//
train_examples$57600$8000.0//
train_loss$59200$9.951362609863281e-05//
train_individual_losses$59200$tensor([3.4358e-05, 1.3409e-05, 1.5271e-04, 4.0263e-05, 1.4923e-04, 2.5308e-05,
        1.4572e-04, 1.4949e-04, 2.3660e-05, 1.9721e-04, 1.1213e-04, 1.8664e-04,
        1.4693e-04, 2.1237e-06, 1.1605e-04, 2.6687e-05, 1.3837e-04, 1.4030e-04,
        6.7641e-05, 1.2205e-04])//
train_examples$59200$8000.0//
train_loss$60800$9.846750497817994e-05//
train_individual_losses$60800$tensor([2.7654e-05, 1.2710e-05, 1.5261e-04, 3.8404e-05, 1.4864e-04, 2.5389e-05,
        1.4549e-04, 1.4959e-04, 2.3296e-05, 1.9709e-04, 1.1270e-04, 1.8736e-04,
        1.4659e-04, 1.8561e-06, 1.1570e-04, 2.6076e-05, 1.3645e-04, 1.3994e-04,
        6.4855e-05, 1.1693e-04])//
train_examples$60800$8000.0//
train_loss$62400$9.812195897102355e-05//
train_individual_losses$62400$tensor([2.5285e-05, 1.2361e-05, 1.5369e-04, 3.7355e-05, 1.4956e-04, 2.5059e-05,
        1.4618e-04, 1.5063e-04, 2.3222e-05, 1.9766e-04, 1.1193e-04, 1.8741e-04,
        1.4729e-04, 1.8326e-06, 1.1543e-04, 2.5192e-05, 1.3607e-04, 1.4046e-04,
        6.3175e-05, 1.1266e-04])//
train_examples$62400$8000.0//
train_loss$64000$9.701194763183594e-05//
train_individual_losses$64000$tensor([2.4022e-05, 1.2360e-05, 1.5246e-04, 3.6338e-05, 1.4889e-04, 2.5396e-05,
        1.4540e-04, 1.4937e-04, 2.2990e-05, 1.9772e-04, 1.1142e-04, 1.8532e-04,
        1.4657e-04, 1.5613e-06, 1.1453e-04, 2.4835e-05, 1.3342e-04, 1.3967e-04,
        6.0572e-05, 1.0739e-04])//
train_examples$64000$8000.0//
train_loss$65600$9.655036330223083e-05//
train_individual_losses$65600$tensor([2.3588e-05, 1.1924e-05, 1.5281e-04, 3.5819e-05, 1.4879e-04, 2.4880e-05,
        1.4608e-04, 1.5028e-04, 2.2876e-05, 1.9724e-04, 1.1089e-04, 1.8542e-04,
        1.4695e-04, 1.5418e-06, 1.1425e-04, 2.4320e-05, 1.3248e-04, 1.3937e-04,
        5.8522e-05, 1.0297e-04])//
train_examples$65600$8000.0//
train_loss$67200$9.582435488700866e-05//
train_individual_losses$67200$tensor([2.2243e-05, 1.1713e-05, 1.5435e-04, 3.4805e-05, 1.4900e-04, 2.4871e-05,
        1.4529e-04, 1.4944e-04, 2.2470e-05, 1.9784e-04, 1.1175e-04, 1.8421e-04,
        1.4787e-04, 1.4989e-06, 1.1352e-04, 2.3865e-05, 1.3098e-04, 1.3942e-04,
        5.2702e-05, 9.8642e-05])//
train_examples$67200$8000.0//
train_loss$68800$9.474055767059326e-05//
train_individual_losses$68800$tensor([2.1149e-05, 1.1481e-05, 1.5309e-04, 3.3932e-05, 1.4856e-04, 2.4700e-05,
        1.4479e-04, 1.4907e-04, 2.2306e-05, 1.9688e-04, 1.0961e-04, 1.8312e-04,
        1.4691e-04, 1.4440e-06, 1.1271e-04, 2.3537e-05, 1.2825e-04, 1.3889e-04,
        4.9778e-05, 9.4603e-05])//
train_examples$68800$8000.0//
train_loss$70400$9.40468728542328e-05//
train_individual_losses$70400$tensor([2.0617e-05, 1.1188e-05, 1.5188e-04, 3.3441e-05, 1.4897e-04, 2.4826e-05,
        1.4467e-04, 1.4901e-04, 2.2366e-05, 1.9741e-04, 1.0915e-04, 1.8283e-04,
        1.4626e-04, 1.3187e-06, 1.1266e-04, 2.2971e-05, 1.2634e-04, 1.3844e-04,
        4.6386e-05, 9.0219e-05])//
train_examples$70400$8000.0//
train_loss$72000$9.358346462249755e-05//
train_individual_losses$72000$tensor([2.0162e-05, 1.0979e-05, 1.5201e-04, 3.2602e-05, 1.4953e-04, 2.4768e-05,
        1.4487e-04, 1.4936e-04, 2.2150e-05, 1.9662e-04, 1.0990e-04, 1.8266e-04,
        1.4636e-04, 1.3046e-06, 1.1209e-04, 2.2520e-05, 1.2446e-04, 1.3870e-04,
        4.3751e-05, 8.6867e-05])//
train_examples$72000$8000.0//
train_loss$73600$9.354395866394044e-05//
train_individual_losses$73600$tensor([1.9672e-05, 1.1122e-05, 1.5329e-04, 3.1908e-05, 1.5080e-04, 2.4658e-05,
        1.4524e-04, 1.5003e-04, 2.2112e-05, 1.9809e-04, 1.0844e-04, 1.8366e-04,
        1.4768e-04, 1.2849e-06, 1.1293e-04, 2.2142e-05, 1.2316e-04, 1.3905e-04,
        4.1415e-05, 8.4184e-05])//
train_examples$73600$8000.0//
train_loss$75200$9.260931015014649e-05//
train_individual_losses$75200$tensor([1.9168e-05, 1.0759e-05, 1.5302e-04, 3.0667e-05, 1.4937e-04, 2.4794e-05,
        1.4443e-04, 1.4974e-04, 2.1981e-05, 1.9727e-04, 1.0842e-04, 1.8343e-04,
        1.4739e-04, 1.2060e-06, 1.1103e-04, 2.1836e-05, 1.1898e-04, 1.3877e-04,
        3.9490e-05, 8.0444e-05])//
train_examples$75200$8000.0//
train_loss$76800$9.282193779945373e-05//
train_individual_losses$76800$tensor([1.8386e-05, 1.0647e-05, 1.5632e-04, 2.8994e-05, 1.5078e-04, 2.4721e-05,
        1.4492e-04, 1.5067e-04, 2.1877e-05, 1.9932e-04, 1.0993e-04, 1.8565e-04,
        1.4978e-04, 1.1688e-06, 1.1277e-04, 2.1469e-05, 1.1375e-04, 1.3963e-04,
        3.8097e-05, 7.7559e-05])//
train_examples$76800$8000.0//
train_loss$78400$9.050318002700806e-05//
train_individual_losses$78400$tensor([1.8024e-05, 1.0435e-05, 1.5225e-04, 2.8753e-05, 1.4880e-04, 2.4669e-05,
        1.4354e-04, 1.4976e-04, 2.1745e-05, 1.9743e-04, 1.0741e-04, 1.8189e-04,
        1.4649e-04, 1.2659e-06, 1.1029e-04, 2.1317e-05, 9.7670e-05, 1.3790e-04,
        3.6801e-05, 7.3620e-05])//
train_examples$78400$8000.0//
train_loss$80000$8.854632377624512e-05//
train_individual_losses$80000$tensor([1.7709e-05, 1.0601e-05, 1.5180e-04, 2.7519e-05, 1.4897e-04, 2.4734e-05,
        1.4258e-04, 1.4891e-04, 2.1897e-05, 1.9680e-04, 1.0716e-04, 1.8117e-04,
        1.4620e-04, 1.1347e-06, 1.0938e-04, 2.0876e-05, 7.0209e-05, 1.3738e-04,
        3.5702e-05, 7.0202e-05])//
train_examples$80000$8000.0