train_loss$0$0.5497091796875//
train_individual_losses$0$tensor([0.6380, 0.4934, 0.6245, 0.5402, 0.4788, 0.5568, 0.4781, 0.4687, 0.5791,
        0.5969, 0.4419, 0.4847, 0.5314, 0.5577, 0.4879, 0.6682, 0.4825, 0.5959,
        0.5332, 0.7562])//
train_examples$0$10000.0//
train_loss$2000$0.0011549346923828126//
train_individual_losses$2000$tensor([5.9609e-03, 4.4398e-04, 3.1835e-05, 8.4286e-05, 3.5094e-05, 1.3999e-03,
        4.3163e-04, 1.1395e-04, 4.6521e-04, 1.3802e-03, 3.4164e-04, 5.3569e-04,
        4.4605e-04, 2.3443e-04, 2.2848e-03, 1.4500e-03, 5.6307e-06, 5.0976e-05,
        4.1018e-03, 3.3008e-03])//
train_examples$2000$10000.0//
train_loss$4000$0.00021298349380493163//
train_individual_losses$4000$tensor([7.6962e-04, 1.8807e-04, 3.0187e-07, 2.2583e-07, 2.7909e-07, 5.4311e-06,
        1.9796e-04, 1.6401e-06, 1.4651e-04, 4.0520e-05, 1.5444e-04, 2.4399e-04,
        7.0528e-05, 8.5514e-05, 6.4643e-04, 3.3539e-04, 8.1685e-08, 1.0721e-06,
        8.5816e-04, 5.1350e-04])//
train_examples$4000$10000.0//
train_loss$6000$5.967983722686768e-05//
train_individual_losses$6000$tensor([1.7047e-04, 6.1746e-05, 7.5368e-09, 5.7923e-09, 7.8919e-09, 3.7033e-07,
        6.4613e-05, 1.3922e-07, 5.0417e-05, 1.2614e-07, 5.3020e-05, 1.1963e-04,
        9.1599e-06, 3.7865e-05, 1.8351e-04, 9.8982e-05, 2.2399e-09, 1.4598e-07,
        2.2081e-04, 1.2256e-04])//
train_examples$6000$10000.0//
train_loss$8000$1.550162672996521e-05//
train_individual_losses$8000$tensor([3.3948e-05, 2.0488e-05, 4.5875e-10, 4.9649e-10, 4.4004e-10, 2.0543e-08,
        1.8223e-05, 3.5458e-09, 1.4653e-05, 6.3726e-10, 1.8815e-05, 4.3732e-05,
        8.1231e-07, 1.4995e-05, 4.2232e-05, 2.8671e-05, 2.3253e-10, 5.3634e-09,
        5.1141e-05, 2.2289e-05])//
train_examples$8000$10000.0//
train_loss$10000$4.142549633979797e-06//
train_individual_losses$10000$tensor([5.0841e-06, 7.7238e-06, 2.2288e-08, 5.5026e-09, 6.0462e-10, 4.2940e-08,
        3.6197e-06, 6.5136e-09, 5.0497e-06, 1.3828e-10, 8.2050e-06, 1.7678e-05,
        3.4813e-08, 6.3094e-06, 6.6774e-06, 1.0575e-05, 1.0831e-10, 8.2957e-07,
        7.9755e-06, 3.0106e-06])//
train_examples$10000$10000.0//
train_loss$12000$1.4497177302837372e-06//
train_individual_losses$12000$tensor([6.9365e-07, 3.0676e-06, 6.9127e-09, 8.5036e-07, 8.8303e-09, 1.1173e-10,
        1.6879e-06, 2.3254e-07, 2.0598e-06, 5.0477e-09, 3.1824e-06, 7.8578e-06,
        2.7115e-09, 2.3433e-06, 9.3692e-07, 4.3348e-06, 5.7113e-10, 5.4957e-09,
        1.2739e-06, 4.4368e-07])//
train_examples$12000$10000.0//
train_loss$14000$5.63928596675396e-07//
train_individual_losses$14000$tensor([1.7038e-07, 1.2563e-06, 2.7105e-09, 6.5014e-08, 1.0188e-08, 2.9415e-07,
        3.1540e-07, 4.5037e-09, 9.0286e-07, 6.2777e-12, 1.6651e-06, 2.9709e-06,
        2.5784e-09, 1.0046e-06, 2.5560e-07, 1.5639e-06, 5.4884e-08, 7.3602e-09,
        2.5740e-07, 4.7479e-07])//
train_examples$14000$10000.0//
train_loss$16000$3.531697019934654e-07//
train_individual_losses$16000$tensor([3.8582e-07, 8.4850e-07, 2.6664e-07, 1.4346e-11, 2.1275e-08, 4.4493e-11,
        2.2779e-07, 3.9206e-07, 5.1411e-07, 2.2889e-08, 1.1770e-06, 1.3725e-06,
        7.1125e-08, 6.6996e-07, 9.6736e-08, 7.3130e-07, 8.5121e-08, 9.6389e-10,
        1.3425e-07, 4.5297e-08])//
train_examples$16000$10000.0//
train_loss$18000$2.4880487471818923e-07//
train_individual_losses$18000$tensor([3.1551e-08, 3.1476e-07, 1.4282e-06, 1.6758e-10, 8.9120e-12, 2.4194e-11,
        1.0464e-07, 1.8937e-08, 2.6783e-07, 1.9360e-09, 4.1060e-07, 6.5199e-07,
        6.0858e-10, 3.0546e-07, 3.2363e-07, 3.6189e-07, 2.1472e-08, 2.7188e-07,
        4.4395e-08, 4.1617e-07])//
train_examples$18000$10000.0//
train_loss$20000$9.150370955467225e-08//
train_individual_losses$20000$tensor([1.4262e-08, 8.9435e-08, 5.5924e-08, 2.3475e-08, 1.1794e-11, 7.3978e-12,
        2.9356e-07, 1.0976e-08, 3.2915e-07, 6.9222e-12, 3.2066e-07, 3.9295e-07,
        5.2259e-11, 9.3721e-08, 7.5575e-08, 7.6441e-08, 1.1795e-08, 1.1508e-08,
        2.2276e-08, 8.2776e-09])//
train_examples$20000$10000.0//
train_loss$22000$1.4500463381409645e-07//
train_individual_losses$22000$tensor([7.7369e-09, 4.8700e-08, 1.6119e-07, 6.0717e-12, 1.9155e-09, 6.2605e-10,
        2.3526e-07, 6.4929e-11, 2.6292e-07, 6.5197e-12, 7.3448e-08, 4.9780e-07,
        4.3052e-10, 5.3952e-07, 3.3024e-07, 5.8983e-07, 2.4656e-09, 2.7766e-10,
        1.3654e-07, 1.1112e-08])//
train_examples$22000$10000.0//
train_loss$24000$1.262915227562189e-07//
train_individual_losses$24000$tensor([8.1695e-09, 5.3187e-07, 1.7137e-11, 2.4357e-11, 1.0618e-10, 3.2006e-11,
        1.5018e-07, 3.6594e-07, 1.5003e-08, 2.5821e-12, 1.7030e-07, 3.4844e-07,
        7.5065e-09, 9.0375e-08, 3.0753e-07, 4.6125e-07, 1.2840e-10, 6.0756e-08,
        6.3302e-09, 1.8607e-09])//
train_examples$24000$10000.0//
train_loss$26000$7.732896599918604e-08//
train_individual_losses$26000$tensor([2.2851e-08, 1.7817e-08, 4.9879e-08, 1.0815e-10, 2.4523e-08, 2.9268e-11,
        2.1733e-07, 3.5310e-07, 1.8861e-07, 3.0389e-10, 2.9776e-08, 2.6586e-07,
        6.7544e-11, 5.3306e-08, 3.3753e-09, 9.1223e-09, 6.1077e-11, 2.1620e-07,
        9.3566e-08, 7.0057e-10])//
train_examples$26000$10000.0//
train_loss$28000$5.069998651742936e-07//
train_individual_losses$28000$tensor([6.2281e-10, 3.6423e-07, 2.6080e-07, 1.5882e-11, 6.3094e-09, 3.2307e-11,
        4.2766e-09, 2.8652e-09, 2.8549e-09, 1.4613e-09, 2.1176e-07, 2.5923e-08,
        7.5173e-06, 6.3765e-07, 3.5529e-09, 9.3606e-07, 3.7446e-09, 1.2550e-07,
        3.2622e-08, 2.3806e-09])//
train_examples$28000$10000.0//
train_loss$30000$1.589464768767357e-07//
train_individual_losses$30000$tensor([5.0566e-08, 1.1152e-07, 5.9058e-09, 1.4774e-06, 2.3958e-09, 3.5361e-11,
        1.2725e-06, 4.3874e-08, 1.8447e-08, 9.2602e-12, 4.0041e-08, 1.9093e-08,
        3.8236e-11, 2.0950e-08, 9.4989e-10, 3.3323e-09, 3.6386e-08, 9.6461e-12,
        7.3832e-08, 1.6616e-09])//
train_examples$30000$10000.0