train_loss$0$0.967212890625//
train_individual_losses$0$tensor([0.8497, 0.8581, 1.3160, 0.8814, 0.6751, 0.9540, 0.9130, 1.4022, 0.7054,
        1.0770, 0.8653, 0.7924, 0.7615, 0.9458, 0.9577, 1.7752, 1.1038, 0.8181,
        0.7710, 0.9218])//
train_examples$0$8000.0//
train_loss$1600$0.07586533813476562//
train_individual_losses$1600$tensor([0.0954, 0.0537, 0.1181, 0.0320, 0.0360, 0.0689, 0.0365, 0.1014, 0.0727,
        0.0601, 0.0642, 0.2034, 0.0456, 0.0539, 0.1052, 0.1292, 0.0416, 0.0334,
        0.0399, 0.1261])//
train_examples$1600$8000.0//
train_loss$3200$0.010904270935058594//
train_individual_losses$3200$tensor([0.0126, 0.0085, 0.0163, 0.0063, 0.0060, 0.0083, 0.0051, 0.0216, 0.0082,
        0.0098, 0.0113, 0.0187, 0.0066, 0.0058, 0.0163, 0.0233, 0.0089, 0.0075,
        0.0053, 0.0119])//
train_examples$3200$8000.0//
train_loss$4800$0.004520277786254883//
train_individual_losses$4800$tensor([0.0038, 0.0049, 0.0042, 0.0037, 0.0040, 0.0038, 0.0026, 0.0080, 0.0042,
        0.0048, 0.0053, 0.0051, 0.0027, 0.0024, 0.0078, 0.0091, 0.0043, 0.0028,
        0.0031, 0.0038])//
train_examples$4800$8000.0//
train_loss$6400$0.002554594612121582//
train_individual_losses$6400$tensor([0.0020, 0.0031, 0.0023, 0.0024, 0.0029, 0.0022, 0.0015, 0.0049, 0.0020,
        0.0024, 0.0025, 0.0025, 0.0018, 0.0015, 0.0042, 0.0057, 0.0023, 0.0014,
        0.0018, 0.0018])//
train_examples$6400$8000.0//
train_loss$8000$0.0014629847526550293//
train_individual_losses$8000$tensor([0.0010, 0.0016, 0.0013, 0.0014, 0.0018, 0.0010, 0.0008, 0.0033, 0.0011,
        0.0014, 0.0013, 0.0013, 0.0012, 0.0009, 0.0023, 0.0036, 0.0011, 0.0008,
        0.0009, 0.0012])//
train_examples$8000$8000.0//
train_loss$9600$0.0008458650588989258//
train_individual_losses$9600$tensor([0.0005, 0.0008, 0.0007, 0.0009, 0.0010, 0.0005, 0.0005, 0.0024, 0.0006,
        0.0010, 0.0008, 0.0007, 0.0007, 0.0005, 0.0014, 0.0019, 0.0005, 0.0004,
        0.0005, 0.0007])//
train_examples$9600$8000.0//
train_loss$11200$0.0005437131881713867//
train_individual_losses$11200$tensor([0.0003, 0.0005, 0.0004, 0.0006, 0.0005, 0.0003, 0.0003, 0.0016, 0.0004,
        0.0008, 0.0005, 0.0004, 0.0004, 0.0004, 0.0011, 0.0011, 0.0003, 0.0003,
        0.0003, 0.0004])//
train_examples$11200$8000.0//
train_loss$12800$0.0003760556221008301//
train_individual_losses$12800$tensor([0.0003, 0.0003, 0.0003, 0.0004, 0.0003, 0.0002, 0.0002, 0.0007, 0.0003,
        0.0006, 0.0003, 0.0003, 0.0003, 0.0003, 0.0009, 0.0008, 0.0003, 0.0002,
        0.0002, 0.0003])//
train_examples$12800$8000.0//
train_loss$14400$0.0003005728483200073//
train_individual_losses$14400$tensor([0.0002, 0.0003, 0.0002, 0.0003, 0.0002, 0.0002, 0.0002, 0.0004, 0.0002,
        0.0006, 0.0003, 0.0002, 0.0002, 0.0003, 0.0007, 0.0005, 0.0003, 0.0002,
        0.0002, 0.0002])//
train_examples$14400$8000.0//
train_loss$16000$0.0002603041410446167//
train_individual_losses$16000$tensor([0.0002, 0.0002, 0.0002, 0.0002, 0.0002, 0.0002, 0.0002, 0.0002, 0.0002,
        0.0005, 0.0002, 0.0002, 0.0002, 0.0002, 0.0006, 0.0004, 0.0002, 0.0002,
        0.0002, 0.0002])//
train_examples$16000$8000.0//
train_loss$17600$0.00023522307872772216//
train_individual_losses$17600$tensor([0.0002, 0.0002, 0.0002, 0.0002, 0.0002, 0.0002, 0.0002, 0.0002, 0.0001,
        0.0005, 0.0002, 0.0002, 0.0002, 0.0002, 0.0006, 0.0003, 0.0002, 0.0002,
        0.0002, 0.0002])//
train_examples$17600$8000.0//
train_loss$19200$0.0002203723669052124//
train_individual_losses$19200$tensor([0.0002, 0.0002, 0.0002, 0.0002, 0.0002, 0.0002, 0.0002, 0.0002, 0.0001,
        0.0005, 0.0002, 0.0002, 0.0002, 0.0002, 0.0005, 0.0003, 0.0002, 0.0002,
        0.0002, 0.0002])//
train_examples$19200$8000.0//
train_loss$20800$0.00021043033599853515//
train_individual_losses$20800$tensor([0.0002, 0.0002, 0.0002, 0.0002, 0.0002, 0.0002, 0.0002, 0.0001, 0.0001,
        0.0004, 0.0002, 0.0002, 0.0002, 0.0002, 0.0005, 0.0003, 0.0002, 0.0001,
        0.0002, 0.0002])//
train_examples$20800$8000.0//
train_loss$22400$0.00020111403465270997//
train_individual_losses$22400$tensor([0.0002, 0.0001, 0.0002, 0.0002, 0.0002, 0.0002, 0.0002, 0.0001, 0.0001,
        0.0004, 0.0002, 0.0002, 0.0002, 0.0002, 0.0004, 0.0003, 0.0002, 0.0001,
        0.0002, 0.0002])//
train_examples$22400$8000.0//
train_loss$24000$0.00019440288543701173//
train_individual_losses$24000$tensor([1.5594e-04, 1.4004e-04, 1.7432e-04, 1.5661e-04, 1.8769e-04, 1.9470e-04,
        1.8098e-04, 8.1284e-05, 1.1659e-04, 4.0752e-04, 2.1184e-04, 1.9078e-04,
        1.8008e-04, 1.5565e-04, 4.1664e-04, 2.5198e-04, 1.9237e-04, 1.4395e-04,
        1.9195e-04, 1.5716e-04])//
train_examples$24000$8000.0//
train_loss$25600$0.00018841761350631714//
train_individual_losses$25600$tensor([1.5098e-04, 1.3237e-04, 1.7356e-04, 1.4962e-04, 1.8543e-04, 1.9259e-04,
        1.7865e-04, 6.4641e-05, 1.1114e-04, 3.8946e-04, 2.0923e-04, 1.8888e-04,
        1.7760e-04, 1.5137e-04, 3.8417e-04, 2.5100e-04, 1.9022e-04, 1.4265e-04,
        1.9055e-04, 1.5426e-04])//
train_examples$25600$8000.0//
train_loss$27200$0.00018114794492721557//
train_individual_losses$27200$tensor([1.4824e-04, 1.2379e-04, 1.7162e-04, 1.3258e-04, 1.8318e-04, 1.8996e-04,
        1.7761e-04, 5.3903e-05, 1.0957e-04, 3.6564e-04, 2.0519e-04, 1.8746e-04,
        1.7366e-04, 1.4860e-04, 3.3391e-04, 2.4932e-04, 1.8665e-04, 1.4173e-04,
        1.8830e-04, 1.5204e-04])//
train_examples$27200$8000.0//
train_loss$28800$0.00017153102159500123//
train_individual_losses$28800$tensor([1.4618e-04, 1.1529e-04, 1.7162e-04, 6.6144e-05, 1.8111e-04, 1.9066e-04,
        1.7660e-04, 4.4006e-05, 1.0832e-04, 3.4620e-04, 2.0264e-04, 1.8644e-04,
        1.7253e-04, 1.4736e-04, 2.6113e-04, 2.4788e-04, 1.8637e-04, 1.4139e-04,
        1.8740e-04, 1.5138e-04])//
train_examples$28800$8000.0//
train_loss$30400$0.00016494188308715821//
train_individual_losses$30400$tensor([1.4458e-04, 1.0674e-04, 1.7077e-04, 5.0119e-05, 1.7723e-04, 1.8614e-04,
        1.7558e-04, 3.6675e-05, 1.0624e-04, 3.2612e-04, 2.0172e-04, 1.8603e-04,
        1.6869e-04, 1.4594e-04, 2.1224e-04, 2.4759e-04, 1.8252e-04, 1.4051e-04,
        1.8521e-04, 1.4820e-04])//
train_examples$30400$8000.0//
train_loss$32000$0.00016032800674438475//
train_individual_losses$32000$tensor([1.4365e-04, 9.9597e-05, 1.7026e-04, 4.0974e-05, 1.7392e-04, 1.8555e-04,
        1.7524e-04, 3.1609e-05, 1.0364e-04, 3.0748e-04, 1.9859e-04, 1.8475e-04,
        1.6667e-04, 1.4501e-04, 1.8233e-04, 2.4579e-04, 1.8087e-04, 1.4005e-04,
        1.8399e-04, 1.4657e-04])//
train_examples$32000$8000.0//
train_loss$33600$0.0001564700126647949//
train_individual_losses$33600$tensor([1.4326e-04, 9.3489e-05, 1.7028e-04, 3.5369e-05, 1.7158e-04, 1.8369e-04,
        1.7504e-04, 2.7314e-05, 9.0088e-05, 2.8811e-04, 1.9638e-04, 1.8475e-04,
        1.6534e-04, 1.4464e-04, 1.6613e-04, 2.4511e-04, 1.8047e-04, 1.3962e-04,
        1.8297e-04, 1.4576e-04])//
train_examples$33600$8000.0//
train_loss$35200$0.00015326528549194335//
train_individual_losses$35200$tensor([1.4286e-04, 8.7612e-05, 1.6952e-04, 3.0664e-05, 1.6982e-04, 1.8246e-04,
        1.7461e-04, 2.4706e-05, 7.9896e-05, 2.7028e-04, 1.9316e-04, 1.8406e-04,
        1.6344e-04, 1.4376e-04, 1.5823e-04, 2.4546e-04, 1.7898e-04, 1.3875e-04,
        1.8263e-04, 1.4441e-04])//
train_examples$35200$8000.0//
train_loss$36800$0.0001506140112876892//
train_individual_losses$36800$tensor([1.4217e-04, 7.5213e-05, 1.7038e-04, 2.8144e-05, 1.7098e-04, 1.8424e-04,
        1.7357e-04, 2.2056e-05, 7.1177e-05, 2.5130e-04, 1.9161e-04, 1.8298e-04,
        1.6267e-04, 1.4290e-04, 1.5332e-04, 2.4616e-04, 1.7962e-04, 1.3790e-04,
        1.8110e-04, 1.4479e-04])//
train_examples$36800$8000.0//
train_loss$38400$0.00014729018211364747//
train_individual_losses$38400$tensor([1.4217e-04, 6.9315e-05, 1.6904e-04, 2.5739e-05, 1.6705e-04, 1.8101e-04,
        1.7298e-04, 2.1069e-05, 6.4033e-05, 2.2979e-04, 1.8875e-04, 1.8135e-04,
        1.6112e-04, 1.4233e-04, 1.4927e-04, 2.4417e-04, 1.7703e-04, 1.3726e-04,
        1.7971e-04, 1.4261e-04])//
train_examples$38400$8000.0//
train_loss$40000$0.0001444758415222168//
train_individual_losses$40000$tensor([1.4148e-04, 6.4456e-05, 1.6993e-04, 2.4023e-05, 1.6555e-04, 1.7991e-04,
        1.7287e-04, 1.9006e-05, 5.8166e-05, 1.9624e-04, 1.8784e-04, 1.8115e-04,
        1.5985e-04, 1.4195e-04, 1.4698e-04, 2.4388e-04, 1.7610e-04, 1.3771e-04,
        1.7934e-04, 1.4308e-04])//
train_examples$40000$8000.0//
train_loss$41600$0.00014323168992996216//
train_individual_losses$41600$tensor([1.4299e-04, 6.0092e-05, 1.7020e-04, 2.2600e-05, 1.6502e-04, 1.8010e-04,
        1.7312e-04, 1.9039e-05, 5.2210e-05, 1.7922e-04, 1.8607e-04, 1.8142e-04,
        1.6008e-04, 1.4459e-04, 1.4615e-04, 2.4485e-04, 1.7688e-04, 1.3854e-04,
        1.7919e-04, 1.4226e-04])//
train_examples$41600$8000.0//
train_loss$43200$0.00014283424615859985//
train_individual_losses$43200$tensor([1.4458e-04, 5.6846e-05, 1.7041e-04, 2.1841e-05, 1.6637e-04, 1.8204e-04,
        1.7564e-04, 1.7381e-05, 4.9330e-05, 1.6382e-04, 1.8935e-04, 1.8233e-04,
        1.6000e-04, 1.4339e-04, 1.4644e-04, 2.4627e-04, 1.7842e-04, 1.3916e-04,
        1.8104e-04, 1.4202e-04])//
train_examples$43200$8000.0//
train_loss$44800$0.00013911995887756347//
train_individual_losses$44800$tensor([1.4104e-04, 5.1534e-05, 1.6829e-04, 2.0963e-05, 1.6176e-04, 1.7802e-04,
        1.7138e-04, 1.6888e-05, 4.6902e-05, 1.5045e-04, 1.8402e-04, 1.7955e-04,
        1.5612e-04, 1.4100e-04, 1.4352e-04, 2.4374e-04, 1.7412e-04, 1.3608e-04,
        1.7658e-04, 1.4043e-04])//
train_examples$44800$8000.0//
train_loss$46400$0.0001391645908355713//
train_individual_losses$46400$tensor([1.4182e-04, 4.4858e-05, 1.6967e-04, 2.0917e-05, 1.6348e-04, 1.8183e-04,
        1.7222e-04, 1.6169e-05, 4.5658e-05, 1.3938e-04, 1.8529e-04, 1.7977e-04,
        1.5702e-04, 1.4228e-04, 1.4396e-04, 2.4621e-04, 1.7660e-04, 1.3736e-04,
        1.7732e-04, 1.4147e-04])//
train_examples$46400$8000.0//
train_loss$48000$0.0001370890498161316//
train_individual_losses$48000$tensor([1.4108e-04, 4.0539e-05, 1.6887e-04, 2.0880e-05, 1.5933e-04, 1.7839e-04,
        1.7184e-04, 1.7051e-05, 4.3714e-05, 1.2628e-04, 1.8332e-04, 1.8020e-04,
        1.5501e-04, 1.4094e-04, 1.4263e-04, 2.4386e-04, 1.7537e-04, 1.3578e-04,
        1.7725e-04, 1.3943e-04])//
train_examples$48000$8000.0//
train_loss$49600$0.000135107159614563//
train_individual_losses$49600$tensor([1.4085e-04, 3.4523e-05, 1.6777e-04, 2.0431e-05, 1.5819e-04, 1.7660e-04,
        1.7032e-04, 1.5808e-05, 4.2111e-05, 1.1557e-04, 1.8228e-04, 1.7821e-04,
        1.5255e-04, 1.4043e-04, 1.4177e-04, 2.4312e-04, 1.7251e-04, 1.3593e-04,
        1.7464e-04, 1.3853e-04])//
train_examples$49600$8000.0//
train_loss$51200$0.00013446840047836304//
train_individual_losses$51200$tensor([1.4061e-04, 3.1043e-05, 1.6798e-04, 2.0034e-05, 1.5751e-04, 1.7615e-04,
        1.7074e-04, 1.5331e-05, 4.0399e-05, 1.0554e-04, 1.8308e-04, 1.7838e-04,
        1.5234e-04, 1.4077e-04, 1.4239e-04, 2.4388e-04, 1.7280e-04, 1.3552e-04,
        1.7573e-04, 1.3916e-04])//
train_examples$51200$8000.0//
train_loss$52800$0.00013389075994491576//
train_individual_losses$52800$tensor([1.4086e-04, 2.7929e-05, 1.6811e-04, 2.0859e-05, 1.5727e-04, 1.7672e-04,
        1.7012e-04, 1.4905e-05, 3.9161e-05, 9.7663e-05, 1.8392e-04, 1.7851e-04,
        1.5231e-04, 1.4106e-04, 1.4180e-04, 2.4414e-04, 1.7260e-04, 1.3603e-04,
        1.7508e-04, 1.3877e-04])//
train_examples$52800$8000.0//
train_loss$54400$0.00013241662979125975//
train_individual_losses$54400$tensor([1.3985e-04, 2.4832e-05, 1.6767e-04, 1.9810e-05, 1.5644e-04, 1.7570e-04,
        1.6907e-04, 1.4392e-05, 3.8040e-05, 9.0206e-05, 1.8155e-04, 1.7722e-04,
        1.5111e-04, 1.4020e-04, 1.4091e-04, 2.4320e-04, 1.7154e-04, 1.3521e-04,
        1.7366e-04, 1.3775e-04])//
train_examples$54400$8000.0//
train_loss$56000$0.00013204714059829713//
train_individual_losses$56000$tensor([1.3958e-04, 2.2773e-05, 1.6909e-04, 1.9922e-05, 1.5562e-04, 1.7537e-04,
        1.6878e-04, 1.6888e-05, 3.7063e-05, 8.4229e-05, 1.8200e-04, 1.7671e-04,
        1.5064e-04, 1.4024e-04, 1.4086e-04, 2.4306e-04, 1.7096e-04, 1.3543e-04,
        1.7342e-04, 1.3830e-04])//
train_examples$56000$8000.0//
train_loss$57600$0.00013235106468200683//
train_individual_losses$57600$tensor([1.4141e-04, 2.1648e-05, 1.6813e-04, 1.9890e-05, 1.5645e-04, 1.7732e-04,
        1.6954e-04, 1.4244e-05, 3.5732e-05, 7.8608e-05, 1.8265e-04, 1.7745e-04,
        1.5156e-04, 1.4218e-04, 1.4172e-04, 2.4548e-04, 1.7321e-04, 1.3661e-04,
        1.7480e-04, 1.3838e-04])//
train_examples$57600$8000.0//
train_loss$59200$0.00013161418437957764//
train_individual_losses$59200$tensor([1.4071e-04, 2.0381e-05, 1.6680e-04, 2.0265e-05, 1.5650e-04, 1.7569e-04,
        1.6918e-04, 1.4088e-05, 3.4930e-05, 7.4532e-05, 1.8105e-04, 1.7821e-04,
        1.5126e-04, 1.4142e-04, 1.4081e-04, 2.4560e-04, 1.7253e-04, 1.3643e-04,
        1.7487e-04, 1.3702e-04])//
train_examples$59200$8000.0//
train_loss$60800$0.00013032904863357543//
train_individual_losses$60800$tensor([1.3908e-04, 1.9429e-05, 1.6652e-04, 1.9609e-05, 1.5402e-04, 1.7481e-04,
        1.6729e-04, 1.4315e-05, 3.3833e-05, 7.2196e-05, 1.8080e-04, 1.7579e-04,
        1.4971e-04, 1.4000e-04, 1.3962e-04, 2.4406e-04, 1.7078e-04, 1.3543e-04,
        1.7310e-04, 1.3619e-04])//
train_examples$60800$8000.0//
train_loss$62400$0.00012975574731826782//
train_individual_losses$62400$tensor([1.3875e-04, 1.8427e-05, 1.6672e-04, 1.9504e-05, 1.5355e-04, 1.7415e-04,
        1.6644e-04, 1.4103e-05, 3.3085e-05, 6.6709e-05, 1.8073e-04, 1.7526e-04,
        1.4963e-04, 1.3987e-04, 1.3962e-04, 2.4378e-04, 1.7082e-04, 1.3465e-04,
        1.7243e-04, 1.3688e-04])//
train_examples$62400$8000.0//
train_loss$64000$0.00012931358814239502//
train_individual_losses$64000$tensor([1.3849e-04, 1.6995e-05, 1.6670e-04, 1.9310e-05, 1.5268e-04, 1.7345e-04,
        1.6588e-04, 1.4815e-05, 3.2130e-05, 6.3398e-05, 1.8090e-04, 1.7530e-04,
        1.4937e-04, 1.3969e-04, 1.3945e-04, 2.4394e-04, 1.7019e-04, 1.3430e-04,
        1.7308e-04, 1.3620e-04])//
train_examples$64000$8000.0//
train_loss$65600$0.0001289322018623352//
train_individual_losses$65600$tensor([1.3880e-04, 1.6273e-05, 1.6634e-04, 1.9330e-05, 1.5229e-04, 1.7281e-04,
        1.6604e-04, 1.4186e-05, 3.0806e-05, 5.8889e-05, 1.8130e-04, 1.7458e-04,
        1.4974e-04, 1.4063e-04, 1.3907e-04, 2.4317e-04, 1.6984e-04, 1.3519e-04,
        1.7337e-04, 1.3599e-04])//
train_examples$65600$8000.0//
train_loss$67200$0.000128279185295105//
train_individual_losses$67200$tensor([1.3788e-04, 1.5723e-05, 1.6649e-04, 1.9162e-05, 1.5196e-04, 1.7261e-04,
        1.6428e-04, 1.3735e-05, 3.0311e-05, 5.6000e-05, 1.8023e-04, 1.7391e-04,
        1.5019e-04, 1.3957e-04, 1.3847e-04, 2.4311e-04, 1.6979e-04, 1.3373e-04,
        1.7202e-04, 1.3643e-04])//
train_examples$67200$8000.0//
train_loss$68800$0.0001289028525352478//
train_individual_losses$68800$tensor([1.3782e-04, 1.5033e-05, 1.6905e-04, 1.9134e-05, 1.5343e-04, 1.7589e-04,
        1.6414e-04, 1.3943e-05, 2.9055e-05, 5.4720e-05, 1.8047e-04, 1.7542e-04,
        1.5012e-04, 1.3995e-04, 1.3842e-04, 2.4507e-04, 1.7081e-04, 1.3346e-04,
        1.7311e-04, 1.3901e-04])//
train_examples$68800$8000.0//
train_loss$70400$0.0001277705669403076//
train_individual_losses$70400$tensor([1.3892e-04, 1.4818e-05, 1.6608e-04, 1.9214e-05, 1.5083e-04, 1.7166e-04,
        1.6365e-04, 1.3730e-05, 2.8577e-05, 5.1554e-05, 1.7997e-04, 1.7393e-04,
        1.4808e-04, 1.3952e-04, 1.3823e-04, 2.4442e-04, 1.6939e-04, 1.3408e-04,
        1.7299e-04, 1.3575e-04])//
train_examples$70400$8000.0//
train_loss$72000$0.00012710257768630982//
train_individual_losses$72000$tensor([1.3692e-04, 1.4056e-05, 1.6571e-04, 1.8978e-05, 1.5053e-04, 1.7143e-04,
        1.6261e-04, 1.4146e-05, 2.7301e-05, 4.9665e-05, 1.7942e-04, 1.7295e-04,
        1.4786e-04, 1.3912e-04, 1.3795e-04, 2.4374e-04, 1.6952e-04, 1.3317e-04,
        1.7198e-04, 1.3499e-04])//
train_examples$72000$8000.0//
train_loss$73600$0.00012628732919692993//
train_individual_losses$73600$tensor([1.2345e-04, 1.3610e-05, 1.6571e-04, 1.8971e-05, 1.5054e-04, 1.7126e-04,
        1.6223e-04, 1.3552e-05, 2.6831e-05, 4.8113e-05, 1.7974e-04, 1.7335e-04,
        1.4767e-04, 1.3934e-04, 1.3776e-04, 2.4314e-04, 1.6944e-04, 1.3351e-04,
        1.7255e-04, 1.3500e-04])//
train_examples$73600$8000.0//
train_loss$75200$0.00012591546773910522//
train_individual_losses$75200$tensor([1.1749e-04, 1.3668e-05, 1.6678e-04, 1.9190e-05, 1.5074e-04, 1.7125e-04,
        1.6118e-04, 1.4161e-05, 2.6295e-05, 4.6211e-05, 1.8085e-04, 1.7221e-04,
        1.4834e-04, 1.3943e-04, 1.3691e-04, 2.4292e-04, 1.6920e-04, 1.3311e-04,
        1.7237e-04, 1.3601e-04])//
train_examples$75200$8000.0//
train_loss$76800$0.00012514045238494874//
train_individual_losses$76800$tensor([1.1182e-04, 1.2906e-05, 1.6524e-04, 1.9337e-05, 1.5021e-04, 1.7089e-04,
        1.6003e-04, 1.3714e-05, 2.5939e-05, 4.4444e-05, 1.7936e-04, 1.7227e-04,
        1.4822e-04, 1.3939e-04, 1.3649e-04, 2.4347e-04, 1.6962e-04, 1.3287e-04,
        1.7201e-04, 1.3457e-04])//
train_examples$76800$8000.0//
train_loss$78400$0.00012600451707839966//
train_individual_losses$78400$tensor([1.0919e-04, 1.2813e-05, 1.6592e-04, 1.8897e-05, 1.5167e-04, 1.7388e-04,
        1.5997e-04, 1.3514e-05, 2.5820e-05, 4.3036e-05, 1.8220e-04, 1.7288e-04,
        1.5012e-04, 1.4124e-04, 1.3675e-04, 2.4521e-04, 1.7294e-04, 1.3318e-04,
        1.7422e-04, 1.3662e-04])//
train_examples$78400$8000.0//
train_loss$80000$0.00012455097436904906//
train_individual_losses$80000$tensor([1.0563e-04, 1.2824e-05, 1.6499e-04, 1.9014e-05, 1.4972e-04, 1.7169e-04,
        1.5891e-04, 1.3614e-05, 2.5162e-05, 4.1493e-05, 1.7953e-04, 1.7093e-04,
        1.4726e-04, 1.3931e-04, 1.3498e-04, 2.4376e-04, 1.7069e-04, 1.3369e-04,
        1.7314e-04, 1.3470e-04])//
train_examples$80000$8000.0